      9.16129      0.00000     0.865554  1.91252e-13   0.00168961     0.421415    0.0710295   0.00113764      16.5898     0.995435   0.00114661     0.794376     0.825924  2.20657e-13  2.06790e-13     0.485180     0.383989  5.01870e-13  0.000792263       0
      9.16129    0.0833333     0.738674  2.49081e-13   0.00238016     0.404672     0.101064   0.00204554      4.37187      1.16822   0.00205401     0.712235     0.700510  2.64682e-13  2.72106e-13     0.437423     0.351537  5.96475e-13   0.00149834       0
      9.16129     0.166667     0.882491  1.85173e-13   0.00154981     0.486379     0.100446   0.00124054      6.65305      1.13803   0.00124848     0.897579     0.888812  1.80015e-13  1.82984e-13     0.530744     0.413741  4.32136e-13  0.000754605       0
      9.16129     0.250000     0.681905  2.84592e-13   0.00233726     0.349000    0.0784272   0.00154725      8.81640      1.02943   0.00155296     0.660401     0.671938  3.00204e-13  2.91662e-13     0.384192     0.315331  7.40484e-13   0.00110736       0
      9.16129     0.333333      1.12402  1.23729e-13   0.00111070      1.06933      3.77734   0.00110981      1.13902      1.65667   0.00111289     0.935727      1.18972  1.67950e-13  1.12553e-13      1.03443     0.724156  1.42101e-13  0.000242708       0
      9.16129     0.416667      1.26685  1.01365e-13   0.00104171      1.01255     0.479205   0.00100257      1.27435      1.67042   0.00103304      1.08215      1.35575  1.31810e-13  9.05305e-14     0.807350     0.586748  2.14779e-13  0.000366799       0
      9.16129     0.500000     0.866804  1.90792e-13   0.00225952     0.387150    0.0654218   0.00194197      8.78668      1.08177   0.00196254     0.820165     0.870254  2.09216e-13  1.89533e-13     0.469775     0.373617  5.29597e-13   0.00112004       0
      9.16129     0.583333     0.867485  1.90543e-13   0.00138007     0.501320     0.114982   0.00105142      5.22021      1.17842   0.00105578     0.790941     0.889022  2.22257e-13  1.82912e-13     0.536952     0.417859  4.23841e-13  0.000693691       0
      9.16129     0.666667     0.652282  3.06458e-13   0.00314773     0.279835    0.0588931   0.00231657      9.06231      1.00572   0.00239463     0.638580     0.669783  3.17495e-13  2.93228e-13     0.697130     0.597695  2.74309e-13   0.00249488       0
      9.16129     0.750000     0.780347  2.27309e-13   0.00354724     0.484587     0.136178   0.00331579      3.87472      1.20973   0.00332632     0.685185     0.809448  2.82325e-13  2.13852e-13     0.865036     0.686597  1.91443e-13   0.00337868       0
      9.16129     0.833333     0.767661  2.33604e-13   0.00177424     0.522632     0.199908   0.00154409      2.66928      1.28505   0.00155099     0.717968     0.796725  2.61168e-13  2.19574e-13     0.516603     0.404016  4.52030e-13  0.000610101       0
      9.16129     0.916667     0.832465  2.04089e-13   0.00162255     0.443767    0.0905607   0.00118785      1.41312      1.50122   0.00132855     0.768848     0.806470  2.33003e-13  2.15170e-13     0.476133     0.378357  5.17863e-13  0.000960079       0
      9.16129      1.00000      1.18263  1.13679e-13  0.000929876     0.806074     0.204004  0.000809698      5.86761      1.23881  0.000808633      1.11867      1.24278  1.24717e-13  1.04658e-13     0.739498     0.545879  2.48619e-13  0.000436846       0
      9.16129      1.08333     0.641710  3.14919e-13   0.00254998     0.378781     0.121085   0.00208651      3.27937      1.18384   0.00209666     0.590522     0.644603  3.61717e-13  3.12566e-13     0.377527     0.310876  7.62398e-13   0.00123070       0
      9.16129      1.16667     0.604388  3.47992e-13   0.00290364     0.464232     0.342880   0.00254319      2.63856      1.21289   0.00250712     0.606335     0.651598  3.46132e-13  3.06994e-13     0.387397     0.318085  7.30301e-13   0.00132460       0
      9.16129      1.25000     0.592718  3.59486e-13   0.00453816     0.231406    0.0481775   0.00357874      20.0599     0.882463   0.00360424     0.488467     0.551899  4.96253e-13  4.04884e-13     0.280570     0.242291  1.25034e-12   0.00234871       0
      9.16129      1.33333     0.709444  2.66419e-13   0.00354620     0.323066    0.0714345   0.00323419      5.57426      1.09838   0.00325913     0.687395     0.728640  2.80814e-13  2.54824e-13     0.369297     0.305133  7.90926e-13   0.00153270       0
      9.16129      1.41667      1.10423  1.27448e-13   0.00131049     0.747252     0.216483   0.00123438      3.46016      1.32660   0.00123960     0.960706      1.07584  1.60735e-13  1.33102e-13      1.24980     0.928002  1.03679e-13  0.000831682       0
      9.16129      1.50000     0.789331  2.23013e-13   0.00204054     0.481636     0.151876   0.00186425      2.91557      1.26211   0.00187693     0.702839     0.758372  2.70605e-13  2.38392e-13     0.482162     0.382095  5.07116e-13  0.000969355       0
      9.16129      1.58333     0.686783  2.81231e-13   0.00446563     0.478185     0.255788   0.00434273     0.706783      1.66667   0.00440968     0.613221     0.691472  3.39678e-13  2.78060e-13     0.745533     0.611783  2.45274e-13   0.00295373       0
      9.16129      1.66667     0.927559  1.70422e-13   0.00132445     0.611451     0.168789   0.00109049      3.83523      1.26310   0.00109386     0.940963     0.914281  1.66395e-13  1.74567e-13     0.588224     0.450890  3.64075e-13  0.000860500       0
      9.16129      1.75000     0.850902  1.96772e-13   0.00107324     0.596648     0.223530  0.000809955      3.08118      1.28426  0.000813247     0.860829     0.851301  1.93005e-13  1.96618e-13     0.597884     0.457488  3.54324e-13  0.000604397       0
      9.16129      1.83333     0.821049  2.08840e-13   0.00194669     0.399353    0.0714697   0.00143668      12.2862      1.02366   0.00144501     0.764105     0.847688  2.35419e-13  1.98017e-13     0.448625     0.359594  5.71861e-13   0.00106296       0
      9.16129      1.91667     0.731131  2.53379e-13   0.00205110     0.427459     0.121549   0.00167198      4.17435      1.17110   0.00167930     0.709400     0.749533  2.66446e-13  2.43096e-13     0.452417     0.361619  5.63895e-13   0.00124321       0
      9.16129      2.00000     0.822857  2.08076e-13   0.00188057     0.508917     0.143661   0.00166523      3.19967      1.26621   0.00166962     0.702564     0.880223  2.70781e-13  1.85969e-13     0.506201     0.397028  4.67618e-13  0.000716586       0
      9.16129      2.08333     0.777612  2.28643e-13   0.00167399     0.453088     0.114450   0.00125053      5.22739      1.14978   0.00125475     0.751561     0.787825  2.42004e-13  2.23724e-13     0.466649     0.371050  5.35524e-13  0.000887270       0
      9.16129      2.16667     0.798653  2.18692e-13   0.00141966     0.452416     0.104194  0.000872839      6.12951      1.12945  0.000889929     0.773651     0.810988  2.30597e-13  2.13176e-13     0.507638     0.398779  4.65414e-13  0.000774335       0
      9.16129      2.25000     0.655683  3.03812e-13   0.00340250     0.499644     0.341776   0.00322229      1.95586      1.30212   0.00322618     0.525375     0.700154  4.39521e-13  2.72337e-13     0.396680     0.324391  7.02041e-13   0.00117581       0
      9.16129      2.33333     0.377379  7.62899e-13    0.0295335     0.253969      6.53186    0.0271602     0.259878      1.67324    0.0271628     0.219791     0.391903  1.87821e-12  7.16359e-13     0.576375     0.442505  3.76634e-13  0.000616007       0
      9.16129      2.41667     0.177263  2.68782e-12     0.197709    0.0884343      4.89941     0.172148    0.0892937      1.67732     0.171836    0.0806064     0.146732  9.99569e-12  3.68318e-12     0.369612     0.305929  7.89802e-13   0.00181905       0
      9.16129      2.50000     0.723294  2.57971e-13   0.00543955     0.605794      6.71875   0.00532402     0.611848      1.67358   0.00532354     0.519534     0.756743  4.47787e-13  2.39248e-13     0.705032     0.524069  2.69204e-13  0.000391978       0
      9.16129      2.58333     0.977388  1.56189e-13   0.00140147     0.754571     0.373982   0.00132905      2.71367      1.34929   0.00133095     0.866900      1.02406  1.90757e-13  1.44507e-13     0.654179     0.492037  3.04977e-13  0.000646480       0
      9.16129      2.66667      1.04817  1.39010e-13  0.000946984     0.630654     0.125630  0.000671472      5.15248      1.23835  0.000680793     0.963611      1.06067  1.59929e-13  1.36288e-13     0.655686     0.494134  3.03810e-13  0.000436277       0
      9.16129      2.75000     0.644659  3.12521e-13   0.00783892     0.579658      3.43750   0.00790338     0.602158      1.67011   0.00791546     0.465809     0.467479  5.37134e-13  5.33939e-13     0.687158     0.594658  2.80975e-13   0.00373576       0
      9.16129      2.83333     0.648527  3.09420e-13   0.00370008     0.609777      3.04688   0.00370062     0.628527      1.66917   0.00372403     0.527929     0.641025  4.35984e-13  3.15480e-13     0.453227     0.362023  5.62216e-13   0.00127807       0
      9.16129      2.91667     0.692028  2.77688e-13   0.00242160     0.339330    0.0773250   0.00183141      6.85416      1.06537   0.00187155     0.674051     0.661367  2.90140e-13  2.99473e-13     0.393240     0.321708  7.12305e-13   0.00133452       0
      9.16129      3.00000     0.267826  1.35106e-12    0.0754219     0.153459      6.19830    0.0670535     0.153701      1.67898    0.0669676     0.147471     0.256945  3.65246e-12  1.44776e-12     0.540722     0.419363  4.18927e-13  0.000689861       0
      9.16129      3.08333     0.901865  1.78591e-13   0.00161024     0.471131    0.0847171   0.00125095     0.917491      1.69761   0.00140881     0.789393     0.906182  2.22984e-13  1.77175e-13     0.511434     0.400398  4.59670e-13  0.000811050       0
      9.16129      3.16667     0.334761  9.31548e-13    0.0445199     0.205490      6.84561    0.0402796     0.205385      1.68081    0.0402529     0.190384     0.331230  2.38622e-12  9.48157e-13     0.478747     0.379764  5.13160e-13   0.00103254       0
      9.16129      3.25000     0.668320  2.94298e-13   0.00709685     0.550818      6.71875   0.00688886     0.530817      1.68074   0.00688555     0.452711     0.735756  5.63284e-13  2.50730e-13     0.629978     0.478377  3.24753e-13  0.000995828       0
      9.16129      3.33333      1.03094  1.42903e-13   0.00189614     0.955938      3.93750   0.00189902      1.04844      1.64167   0.00190567     0.807554      1.10366  2.14689e-13  1.27557e-13     0.808343     0.587637  2.14340e-13  0.000383652       0
      9.16129      3.41667      1.17124  1.15527e-13   0.00121891     0.585881    0.0835382   0.00105906      8.78908      1.15392   0.00106942      1.01349      1.15840  1.47026e-13  1.17670e-13     0.647744     0.489143  3.10044e-13  0.000643860       0
      9.16129      3.50000      1.09510  1.29223e-13   0.00127900     0.616794     0.121283   0.00116062      5.77233      1.21086   0.00116994     0.965498      1.07930  1.59408e-13  1.32391e-13     0.651800     0.491790  3.06835e-13  0.000553592       0
      9.16129      3.58333     0.767522  2.33674e-13   0.00249301     0.360533    0.0702791   0.00208135      8.34538      1.06187   0.00209512     0.710645     0.709000  2.65669e-13  2.66697e-13     0.394792     0.323224  7.07645e-13   0.00147688       0
      9.16129      3.66667     0.933477  1.68625e-13   0.00199823     0.552976     0.128088   0.00185099      6.27416      1.15664   0.00185043     0.714921     0.924099  2.63026e-13  1.71487e-13      1.04785     0.815979  1.39079e-13   0.00104476       0
      9.16129      3.75000     0.828348  2.05782e-13   0.00332967     0.763349      3.93750   0.00333897     0.854598      1.62917   0.00334872     0.610248     0.839127  3.42440e-13  2.01395e-13     0.575225     0.441159  3.77891e-13  0.000929869       0
      9.16129      3.83333      1.46498  7.95625e-14  0.000584475     0.880412     0.121769  0.000429195      10.6371      1.18751  0.000429845      1.40259      1.43617  8.55487e-14  8.22407e-14      1.67129      1.21445  6.38768e-14  0.000426992       0
      9.16129      3.91667      1.00687  1.48641e-13   0.00190634     0.931871      3.93750   0.00191190      1.02437      1.64167   0.00191738     0.797841      1.07087  2.19063e-13  1.34132e-13     0.725268     0.536927  2.56802e-13  0.000484003       0
      9.16129      4.00000      1.13679  1.21421e-13  0.000936073     0.698215     0.129412  0.000644754      1.15242      1.69761  0.000784807      1.01491      1.15553  1.46684e-13  1.18157e-13     0.660113     0.496157  3.00422e-13  0.000509874       0
      9.16129      4.08333     0.607299  3.45216e-13   0.00277999     0.375925     0.146837   0.00240504      2.65463      1.21220   0.00241203     0.580507     0.575141  3.72177e-13  3.77982e-13     0.373059     0.307621  7.77678e-13   0.00120428       0
      9.16129      4.16667     0.756306  2.39479e-13   0.00288333     0.585369     0.330935   0.00272953      2.05964      1.34515   0.00274322     0.686525     0.797590  2.81407e-13  2.19178e-13     0.840993     0.662556  2.00651e-13   0.00257634       0
      9.16129      4.25000     0.812574  2.12483e-13   0.00269444     0.810074      1.25000   0.00244060      5.03730      1.17273   0.00240940     0.789206     0.811657  2.23072e-13  2.12883e-13     0.893826     0.715075  1.81276e-13   0.00247032       0
      9.16129      4.33333     0.760244  2.37415e-13   0.00180393     0.523777     0.218576   0.00160404      2.54355      1.29074   0.00160929     0.731832     0.727551  2.52974e-13  2.55460e-13     0.503945     0.396902  4.71112e-13  0.000753865       0
      9.16129      4.41667     0.653145  3.05783e-13   0.00285240     0.317993    0.0740148   0.00216102      7.85491      1.03255   0.00219348     0.627802     0.669854  3.26631e-13  2.93176e-13     0.356502     0.296561  8.38803e-13   0.00158207       0
      9.16129      4.50000      1.39366  8.64640e-14   0.00106008      1.37116      2.00000   0.00102317      1.40866      1.67917   0.00103383      1.16004      1.56320  1.17393e-13  7.14069e-14      1.59995      1.14312  6.86936e-14  0.000566521       0
      9.16129      4.58333      1.27070  1.00853e-13   0.00137714      1.18134      1.14062   0.00130941      1.28570      1.67917   0.00133969      1.17087      1.23991  1.15588e-13  1.05062e-13      1.41000      1.10101  8.48003e-14  0.000924550       0
      9.16129      4.66667     0.191352  2.36615e-12     0.231848    0.0821965      6.26825     0.197171    0.0841334      1.67390     0.197137    0.0745269     0.143539  1.13913e-11  3.82071e-12     0.479822     0.380714  5.11244e-13   0.00101122       0
      9.16129      4.75000     0.634779  3.20670e-13   0.00815918     0.500250      7.19727   0.00778969     0.493219      1.68070   0.00778407     0.416525     0.688257  6.47184e-13  2.80228e-13     0.668865     0.501873  2.93899e-13  0.000634930       0
      9.16129      4.83333     0.537006  4.23770e-13    0.0176646     0.352084      9.36621    0.0161425     0.349135      1.67973    0.0161343     0.326815     0.552032  9.69599e-13  4.04721e-13     0.919670     0.654991  1.72866e-13  0.000249168       0
      9.16129      4.91667     0.724999  2.56961e-13   0.00141592     0.476592     0.170241  0.000958624      2.72233      1.26697  0.000973993     0.755718     0.720005  2.39789e-13  2.59938e-13     0.494703     0.390691  4.85872e-13  0.000918464       0
      9.16129      5.00000     0.957690  1.61580e-13   0.00381299     0.785706      8.38708   0.00369307     0.990966      1.58199   0.00369633     0.634102      1.00862  3.21241e-13  1.48213e-13      1.12271     0.773694  1.23970e-13  0.000270232       0
      9.16129      5.08333     0.812487  2.12521e-13   0.00889867     0.541238      13.0156   0.00814327     0.514051      1.69766   0.00813759     0.465339     0.793682  5.38038e-13  2.20979e-13      1.43899     0.956725  8.19722e-14  0.000146011       0
      9.16129      5.16667     0.463081  5.42418e-13    0.0304501     0.267560      9.95667    0.0270709     0.261321      1.68964    0.0270508     0.248946     0.438388  1.52612e-12  5.94290e-13      1.04006     0.725483  1.40821e-13  0.000198289       0
      9.16129      5.25000     0.792037  2.21745e-13   0.00230888     0.381735    0.0734964   0.00184886      9.89618      1.04081   0.00186679     0.797991     0.811630  2.18994e-13  2.12895e-13     0.413715     0.335435  6.54526e-13   0.00144148       0
      9.16129      5.33333     0.684694  2.82662e-13   0.00360920     0.357919    0.0897235   0.00328908      5.37539      1.09921   0.00329686     0.534309     0.641716  4.27342e-13  3.14913e-13     0.371514     0.306080  7.83077e-13   0.00200881       0
      9.16129      5.41667     0.687083  2.81027e-13   0.00311432     0.310387    0.0646446   0.00246043      12.2617     0.974106   0.00250553     0.563512     0.693254  3.91072e-13  2.76869e-13     0.366239     0.303909  8.01964e-13   0.00155641       0
      9.16129      5.50000     0.757949  2.38614e-13   0.00322202     0.325820    0.0603482   0.00280879      9.75794      1.03176   0.00281480     0.612037     0.663433  3.40774e-13  2.97921e-13     0.364335     0.302446  8.08962e-13   0.00231319       0
      9.16129      5.58333      1.60947  6.80183e-14   0.00161972      1.55947      3.12500   0.00160592      1.61947      1.66167   0.00162390      1.25048      1.24066  1.03586e-13  1.04956e-13      1.69985      1.50041  6.20979e-14   0.00158104       0
      9.16129      5.66667      2.34200  3.64013e-14  0.000528682      2.31200      2.37500  0.000512756      2.35200      1.67167  0.000523578      1.85852      2.20389  5.35159e-14  4.02823e-14      2.73141      1.86561  2.81698e-14  0.000263066       0
      9.16129      5.75000      1.45925  8.00845e-14  0.000502424     0.913409     0.138282  0.000342863      9.69961      1.20422  0.000345168      1.34467      1.48428  9.17777e-14  7.78461e-14     0.937538     0.664951  1.67410e-13  0.000249331       0
      9.16129      5.83333      1.38462  8.74068e-14  0.000615632     0.893747     0.162785  0.000508288      7.37568      1.23633  0.000508935      1.24504      1.38611  1.04342e-13  8.72497e-14     0.862612     0.619667  1.92340e-13  0.000351917       0
      9.16129      5.91667      2.32475  3.68527e-14  0.000193587      2.25225      4.18750  0.000193833      2.33475      1.66667  0.000193205      2.10408      2.31697  4.35170e-14  3.70591e-14      2.80064      1.73726  2.70189e-14  0.000136823       0
      9.16129      6.00000      1.24978  1.03682e-13  0.000770438      1.20978      2.87500  0.000755640      1.25978      1.67167  0.000760009      1.08632      1.28149  1.30969e-13  9.94417e-14     0.945416     0.669601  1.65091e-13  0.000282782       0
      9.16129      6.08333      1.87800  5.25942e-14  0.000431468      1.34849     0.274650  0.000403734      1.89550      1.67042  0.000424296      1.60400      1.94916  6.84049e-14  4.94328e-14      2.21253      1.49985  4.00204e-14  0.000246044       0
      9.16129      6.16667      2.00420  4.71913e-14  0.000367956      1.94045      3.85938  0.000365335      2.00420      1.66667  0.000367956      1.80277      2.06174  5.63028e-14  4.50167e-14      1.65196      1.07197  6.51272e-14  0.000144333       0
      9.16129      6.25000      1.70347  6.18783e-14  0.000427809      1.14625     0.190189  0.000360235      7.68790      1.28187  0.000361185      1.51213      1.73597  7.54710e-14  5.99598e-14      1.99065      1.36504  4.77278e-14  0.000281202       0
      9.16129      6.33333      2.66155  2.94129e-14  0.000227808      2.61155      3.12500  0.000221913      2.67155      1.67167  0.000224697      2.35616      2.60308  3.60374e-14  3.05222e-14      3.20154      2.00684  2.16188e-14  0.000135103       0
      9.16129      6.41667      1.54099  7.31301e-14  0.000752755      1.13338     0.304062  0.000717064      1.54849      1.66917  0.000747599      1.27193      1.64322  1.00691e-13  6.57056e-14      1.02336     0.716427  1.44671e-13  0.000248384       0
      9.16129      6.50000      2.60351  3.05138e-14  0.000338185      2.54351      3.50000  0.000332612      2.61351      1.66667  0.000337424      2.10915      2.55702  4.33428e-14  3.14441e-14      3.04938      2.07790  2.34464e-14  0.000202319       0
      9.16129      6.58333      1.77413  5.78258e-14  0.000549128      1.19599     0.184059  0.000486161      1.78538      1.68354  0.000518622      1.46677      1.70239  7.94008e-14  6.19434e-14      2.06678      1.44835  4.48337e-14  0.000392683       0
      9.16129      6.66667      1.55434  7.20863e-14  0.000564365      1.15771     0.310777  0.000520610      4.62017      1.36245  0.000522398      1.34376      1.64355  9.18813e-14  6.56839e-14      1.11420     0.769426  1.25552e-13  0.000219095       0
      9.16129      6.75000      2.09050  4.39890e-14  0.000450740      1.38046     0.186566  0.000419259      2.10550      1.67417  0.000441628      1.63578      2.14758  6.62046e-14  4.20579e-14      1.31026     0.882257  9.58291e-14  0.000186853       0
      9.16129      6.83333      1.94487  4.96150e-14  0.000241853      1.76470      1.13217  0.000229581      1.95768      1.66823  0.000238477      1.78327      1.97037  5.73324e-14  4.85492e-14      1.69215      1.09594  6.25698e-14  0.000146532       0
      9.16129      6.91667      1.51839  7.49534e-14   0.00155312      1.50964      1.67188   0.00151111      1.53589      1.68792   0.00151814      1.38071      1.51334  8.78195e-14  7.53702e-14      1.76191      1.21682  5.84953e-14   0.00161734       0
      9.16129      7.00000      2.15875  4.16959e-14  0.000460980      2.07375      4.56250  0.000460322      2.17125      1.66042  0.000461953      1.72113      2.25473  6.08236e-14  3.87798e-14      2.58826      1.65034  3.08141e-14  0.000141046       0
      9.16129      7.08333     0.794080  2.20795e-13   0.00217486     0.747831      2.76562   0.00216413      1.57259      1.42145   0.00213762     0.690077     0.884997  2.78997e-13  1.84300e-13     0.602619     0.459633  3.49696e-13  0.000485357       0
      9.16129      7.16667      1.49881  7.65921e-14  0.000568731      1.06857     0.239941  0.000493598      6.69816      1.27194  0.000496402      1.36729      1.57490  8.92605e-14  7.05245e-14      1.02065     0.711387  1.45312e-13  0.000203288       0
      9.16129      7.25000      1.45721  8.02711e-14  0.000559481     0.918418     0.151997  0.000451931      7.85398      1.23682  0.000454558      1.29569      1.48622  9.76319e-14  7.76764e-14     0.934241     0.664034  1.68396e-13  0.000286178       0
      9.16129      7.33333      1.53858  7.33208e-14  0.000547085     0.998612     0.167920  0.000465547      1.54858      1.68292  0.000510039      1.31218      1.59669  9.55957e-14  6.89281e-14      1.05334     0.733730  1.37873e-13  0.000235765       0
      9.16129      7.41667      1.62143  6.71838e-14  0.000439188      1.12891     0.212291  0.000348106      7.23818      1.28125  0.000350181      1.52681      1.63094  7.42654e-14  6.65324e-14      1.07117     0.744814  1.34071e-13  0.000261116       0
      9.16129      7.50000      1.72373  6.06709e-14  0.000973325      1.70373      1.75000  0.000944837      1.73623      1.68042  0.000954379      1.67373      1.61339  6.37218e-14  6.77432e-14      2.03873      1.36892  4.58667e-14   0.00101966       0
      9.16129      7.58333      1.88512  5.22634e-14   0.00134712      1.88137      1.37500   0.00131073      1.90262      1.68792   0.00132169      1.72963      2.00078  6.03266e-14  4.73258e-14      2.21618      1.51572  3.99104e-14   0.00140200       0
      9.16129      7.66667      2.76890  2.75371e-14  0.000245770      2.68702      4.46094  0.000244105      2.77202      1.66448  0.000246484      2.74169      2.74862  2.79940e-14  2.78765e-14      3.31386      2.10681  2.04113e-14  0.000131006       0
      9.16129      7.75000      2.24578  3.90375e-14  0.000206950      1.90725     0.593462  0.000183894      5.41561      1.43136  0.000184084      2.04401      2.20732  4.56694e-14  4.01778e-14      2.68302      1.72864  2.90217e-14  0.000166715       0
      9.16129      7.83333      1.34450  9.17967e-14  0.000561117     0.917753     0.201683  0.000449644      5.56298      1.28607  0.000452060      1.24492      1.36063  1.04358e-13  8.99900e-14     0.921834     0.658053  1.72190e-13  0.000356163       0
      9.16129      7.91667      3.32355  2.03123e-14  0.000186193      3.24104      3.78125  0.000183941      3.33355      1.66667  0.000185853      2.83598      3.29663  2.64600e-14  2.05895e-14      3.98283      2.55181  1.50237e-14  0.000141001       0
      9.16129      8.00000      1.14197  1.20505e-13   0.00138975      1.07416      3.76953   0.00139183      1.15666      1.65104   0.00139888     0.936597      1.25757  1.67690e-13  1.02614e-13     0.797633     0.581757  2.19158e-13  0.000377485       0
      9.16129      8.08333      1.39196  8.66395e-14   0.00148448      1.38196      1.50000   0.00142638      1.40946      1.68792   0.00143940      1.29670      1.34015  9.75060e-14  9.22938e-14      1.60364      1.13898  6.84306e-14   0.00152715       0
      9.16129      8.16667      2.49060  3.28541e-14  0.000252794      1.81871     0.264558  0.000225968      2.50657      1.68048  0.000239583      2.20492      2.46312  4.02509e-14  3.34671e-14      2.96441      1.93281  2.45772e-14  0.000171387       0
      9.16129      8.25000      2.58120  3.09546e-14  0.000423618      2.40658      8.45605  0.000423707      2.59339      1.64604  0.000423992      2.12030      2.57969  4.29635e-14  3.09848e-14      2.13066      1.33455  4.26158e-14  0.000126063       0
      9.16129      8.33333      1.29516  9.76991e-14   0.00106268      1.22016      3.93750   0.00106272      1.31016      1.65167   0.00106764      1.08810      1.41258  1.30612e-13  8.45422e-14     0.986039     0.693703  1.53912e-13  0.000259434       0
      9.16129      8.41667      1.43399  8.24488e-14   0.00110553      1.41399      1.75000   0.00106189      1.44649      1.68542   0.00106988      1.32871      1.46060  9.36216e-14  7.99609e-14      1.67431      1.15273  6.36845e-14   0.00108932       0
      9.16129      8.50000      1.85269  5.37971e-14   0.00173809      1.77769      3.93750   0.00173969      1.86269      1.66167   0.00173999      1.51777      1.98237  7.50046e-14  4.80604e-14      2.21635      1.42603  3.99055e-14   0.00181658       0
      9.16129      8.58333      2.08892  4.40446e-14  0.000454563      2.00392      5.06250  0.000454811      2.09705      1.65948  0.000455598      1.91952      1.89336  5.07115e-14  5.18847e-14      1.67108      1.08254  6.38902e-14  0.000139153       0
      9.16129      8.66667      1.69198  6.25803e-14  0.000526032      1.62448      3.68750  0.000523509      1.70198      1.66167  0.000527416      1.43671      1.72263  8.21892e-14  6.07352e-14      1.43377     0.951947  8.24697e-14  0.000174876       0
      9.16129      8.75000      2.85281  2.62003e-14  0.000246938      2.72780      6.56250  0.000248235      2.86719      1.65854  0.000248258      2.69499      2.65948  2.88072e-14  2.94510e-14      3.43445      2.16128  1.92309e-14  0.000125894       0
      9.16129      8.83333      1.10670  1.26973e-13   0.00107910     0.916716     0.668825   0.00105782      1.11670      1.66167   0.00108023      1.00610      1.17017  1.48831e-13  1.15704e-13      1.27936     0.899848  9.97179e-14  0.000348919       0
      9.16129      8.91667      2.28909  3.78145e-14  0.000252549      1.71565     0.329861  0.000232066      2.30409      1.67417  0.000244272      2.24532      2.23324  3.90509e-14  3.94038e-14      2.72631      1.77191  2.82577e-14  0.000172205       0
      9.16129      9.00000      1.86146  5.33752e-14  0.000386675      1.35485     0.281088  0.000351668      1.87396      1.67792  0.000371544      1.57228      1.91513  7.07203e-14  5.09056e-14      1.36072     0.907787  8.99800e-14  0.000151898       0
      9.16129      9.08333      2.16947  4.13530e-14   0.00102954      1.78009      17.8047   0.00102125      2.19760      1.59793   0.00102001      1.40394      2.06423  8.54115e-14  4.49260e-14      2.52724      1.71948  3.20640e-14  0.000315869       0
      9.16129      9.16667      2.73522  2.81044e-14  0.000455308      2.46397      13.0156  0.000451912      2.75647      1.63417  0.000451871      2.25703      2.62099  3.87139e-14  3.01754e-14      3.27136      2.08803  2.08552e-14  0.000146577       0
      9.16129      9.25000      2.85942  2.60995e-14  0.000245503      2.83442      2.06250  0.000228303      2.87411      1.67995  0.000235008      2.44727      2.77697  3.38293e-14  2.74037e-14      3.35356      2.24547  2.00103e-14  0.000188793       0
      9.16129      9.33361      2.49064  3.28531e-14  0.000516790      2.26188      10.2344  0.000515087      2.49978      1.63933  0.000514931      1.99776      2.42771  4.74451e-14  3.42847e-14      2.07239      1.30552  4.46316e-14  0.000123201       0
      9.16129      9.41667      1.69448  6.24261e-14   0.00104527      1.49073      9.42188   0.00104214      1.70823      1.62417   0.00104120      1.16114      1.75409  1.17207e-13  5.89310e-14      1.98865      1.36083  4.78077e-14  0.000402399       0
      9.16129      9.50000      1.72089  6.08380e-14  0.000820934      1.58245      7.32422  0.000816600      1.73702      1.63862  0.000817060      1.51694      1.71110  7.50726e-14  6.14190e-14      1.45440     0.962269  8.05298e-14  0.000168155       0
      9.16129      9.58333      2.98926  2.42376e-14  0.000723277      2.47091      22.8914  0.000720690      3.01238      1.60293  0.000720264      2.08591      2.47893  4.41505e-14  3.31122e-14      3.47287      2.38900  1.88777e-14  0.000223182       0
      9.16129      9.66667      2.59461  3.06885e-14  0.000452530      2.32802      12.2383  0.000452554      2.61969      1.63308  0.000451923      2.29249      2.42156  3.77210e-14  3.44300e-14      3.09333      1.98772  2.28939e-14  0.000147721       0
      9.16129      9.75000      2.90626  2.54023e-14  0.000311475      2.83125      3.93750  0.000308394      2.91626      1.66667  0.000310936      2.24752      2.85566  3.89873e-14  2.61568e-14      3.45122      2.24403  1.90754e-14  0.000190970       0
      9.16129      9.83333      2.58556  3.08678e-14  0.000576800      2.31432      13.0156  0.000582238      2.61181      1.62917  0.000582202      1.73612      2.53836  5.99511e-14  3.18304e-14      3.00995      2.08796  2.39605e-14  0.000255532       0
      9.16129      9.91667      4.83728  1.08666e-14  0.000149044      1.91904    0.0551616  0.000132384      4.85227      1.67417  0.000145782      3.91465      3.72992  1.54623e-14  1.67596e-14      5.68121      3.85942  8.31179e-15  0.000141740       0
      9.16129      10.0003      3.65820  1.73108e-14  0.000179126      3.54070      6.71875  0.000179603      3.66820      1.66167  0.000179880      2.96416      3.62457  2.45806e-14  1.75793e-14      4.43333      2.74610  1.25665e-14  0.000108936       0
      9.16129      10.0833      2.63810  2.98500e-14  0.000353477      2.54559      4.90625  0.000353134      2.64809      1.66167  0.000354588      2.11398      2.60359  4.31778e-14  3.05122e-14      1.88619      1.20295  5.22141e-14  0.000133077       0
      9.16129      10.1667      3.60431  1.77443e-14  0.000192782      3.52931      3.93750  0.000189713      3.60681      1.66917  0.000191751      2.87680      3.17985  2.58373e-14  2.18651e-14      4.30187      2.77444  1.32130e-14  0.000130003       0
      9.16129      10.2500      5.51574  8.73150e-15  0.000184989      5.14632      17.5547  0.000187179      5.53323      1.64167  0.000188281      4.08836      4.00065  1.43829e-14  1.49123e-14      6.37244      4.51993  6.86414e-15  0.000120258       0
      9.16129      10.3333      3.85522  1.58616e-14  0.000216671      3.82147      2.23438  0.000205780      3.87022      1.67417  0.000212250      3.08538      3.31765  2.29922e-14  2.03725e-14      4.40010      3.19305  1.27250e-14  0.000212904       0
      9.16129      10.4167      4.08423  1.44072e-14  0.000151407      4.03424      3.12500  0.000145977      4.09923      1.67417  0.000147702      3.24926      3.62106  2.10922e-14  1.76077e-14      4.85434      3.16155  1.08030e-14  0.000132062       0
      9.16129      10.5000      3.61349  1.76692e-14  0.000227599      3.42857      9.36621  0.000229499      3.62849      1.65167  0.000230069      2.70711      3.38223  2.85926e-14  1.97284e-14      4.36316      2.70529  1.29051e-14  0.000118938       0
      9.16129      10.5833      2.64661  2.96901e-14  0.000714132      2.19551      20.7090  0.000696308      2.65974      1.60792  0.000696278      1.93040      2.68112  5.02361e-14  2.90560e-14      3.22933      1.95047  2.13096e-14  0.000115516       0
      9.16129      10.6667      3.21770  2.14381e-14  0.000222038      3.05521      7.78125  0.000223116      3.23071      1.65237  0.000223891      2.76707      3.18942  2.75674e-14  2.17558e-14      3.89694      2.41805  1.55796e-14  0.000111523       0
      9.16129      10.7500      3.64237  1.74363e-14  0.000205888      3.54179      4.84717  0.000204838      3.65237      1.66167  0.000207073      2.99007      3.25328  2.42266e-14  2.10488e-14      4.36624      2.78232  1.28899e-14  0.000124258       0
      9.16129      10.8333      4.72818  1.12877e-14  0.000212422      4.35876      17.5547  0.000214439      4.74567      1.64167  0.000214734      3.34310      4.27270  2.01147e-14  1.33637e-14      5.69486      3.57438  8.27862e-15  9.93890e-05       0
      9.16129      10.9167      3.58398  1.79124e-14  0.000220190      3.50898      3.93750  0.000217542      3.59148      1.67042  0.000218677      3.08778      3.09185  2.29625e-14  2.29121e-14      4.25170      2.79206  1.34738e-14  0.000164038       0
      9.16129      11.0000      3.01181  2.39359e-14  0.000614204      2.46601      24.7485  0.000601716      3.03493      1.60293  0.000601457      1.93033      2.77062  5.02392e-14  2.75086e-14      3.67138      2.22614  1.72073e-14  0.000119940       0
      9.16129      11.0833      4.11289  1.42402e-14  0.000179961      4.07289      2.50000  0.000172837      4.12789      1.67417  0.000176530      3.49787      3.53729  1.86533e-14  1.83081e-14      4.86004      3.23726  1.07819e-14  0.000134499       0
      9.16129      11.1667      5.25532  9.46449e-15  0.000178676      4.77469      21.0703  0.000180681      5.27282      1.64167  0.000180336      3.98643      4.73233  1.50011e-14  1.12712e-14      6.31195      4.01978  6.97413e-15  0.000100958       0
      9.16129      11.2500      4.47924  1.23525e-14  0.000169658      4.25047      10.2344  0.000170589      4.49424      1.65167  0.000171010      3.35255      4.41548  2.00203e-14  1.26512e-14      5.46477      3.29844  8.86766e-15  9.02840e-05       0
      9.16129      11.3333      2.51606  3.23019e-14  0.000649831      2.11315      17.9858  0.000629034      2.52918      1.60792  0.000629155      1.81706      2.60999  5.55663e-14  3.03877e-14      3.03701      1.87755  2.36058e-14  0.000136042       0
      9.16129      11.4167      3.27212  2.08471e-14  0.000204642      3.22213      3.12500  0.000198463      3.27759      1.67299  0.000201304      2.53148      3.22156  3.19746e-14  2.13953e-14      3.88371      2.54604  1.56681e-14  0.000136642       0
      9.16129      11.5000      3.07017  2.31824e-14  0.000650959      2.48367      26.4371  0.000641180      3.09830      1.59793  0.000640705      2.03570      2.91918  4.59803e-14  2.52151e-14      3.66972      2.35136  1.72203e-14  0.000145787       0
      9.16129      11.5833      3.05109  2.34245e-14  0.000465127      2.64813      17.9858  0.000463607      3.07484      1.61917  0.000463746      1.94080      3.07501  4.97883e-14  2.31216e-14      3.64597      2.33460  1.74077e-14  0.000152845       0
      9.16129      11.6667      4.13017  1.41411e-14   0.00113902      3.90142      10.2344   0.00114201      4.13017      1.66667   0.00113902      2.78487      3.79328  2.72744e-14  1.62956e-14      4.14017      4.13017  1.40842e-14   0.00123423       0
      9.16129      11.7500      2.49660  3.27227e-14   0.00145774      2.26784      10.2344   0.00146574      2.50784      1.63917   0.00146547      1.79404      2.61069  5.67599e-14  3.03741e-14      3.00891      1.89166  2.39744e-14   0.00149981       0
      9.16129      11.8333      4.04880  1.46179e-14  0.000839389      3.96378      5.06250  0.000839102      4.04880      1.66667  0.000839389      3.33802      3.81519  2.01657e-14  1.61400e-14      4.99328      2.95856  1.03067e-14  0.000899641       0
      9.16129      11.9167      4.82591  1.09093e-14  0.000115210      4.70216      6.42188  0.000115388      4.83591      1.66167  0.000115929      4.59378      4.41961  1.18434e-14  1.26315e-14      5.84895      3.61593  7.91832e-15  8.95882e-05       0
      9.16129      12.0000      4.39515  1.27489e-14  0.000167508      4.26514      6.12500  0.000167649      4.39515      1.66667  0.000167508      3.25881      4.12057  2.09893e-14  1.41960e-14      5.22161      3.43971  9.56655e-15  0.000120743       0
      9.16129      12.0833      7.42288  5.32281e-15  0.000881184      7.42288      1.50000  0.000879289      7.42288      1.66667  0.000881184      5.42576      5.79706  8.97417e-15  8.03680e-15      7.43288      7.42288  5.31088e-15  0.000965852       0
      9.16129      12.1667      5.28396  9.37914e-15  0.000599884      5.05521      10.2344  0.000601197      5.28396      1.66667  0.000599884      4.61077      4.54280  1.17708e-14  1.20658e-14      5.29396      5.28396  9.34963e-15  0.000669549       0
      9.16129      12.2500      6.10043  7.38179e-15  0.000382989      6.02543      3.93750  0.000382113      6.10043      1.67167  0.000382311      5.33638      5.25073  9.22610e-15  9.47829e-15      6.11043      6.10043  7.36166e-15  0.000432777       0
      9.16129      12.3333      4.59386  1.18431e-14  0.000204597      4.36505      10.2344  0.000206310      4.60472      1.65401  0.000206595      3.42244      4.30555  1.93435e-14  1.31942e-14      5.44105      3.59576  8.93220e-15  0.000148242       0
      9.16129      12.4167      4.62951  1.16915e-14  0.000105681      4.55451      3.93750  0.000104466      4.62951      1.67167  0.000104765      3.76793      4.57200  1.64788e-14  1.19376e-14      5.67579      3.39240  8.32503e-15  8.90463e-05       0
      9.16129      12.5000      4.23064  1.35858e-14  0.000158017      4.02571      10.5625  0.000159377      4.23565      1.65667  0.000159246      3.82883      3.71684  1.60442e-14  1.68580e-14      5.13843      3.16864  9.82603e-15  9.35047e-05       0
      9.16129      12.5833      3.56852  1.80419e-14  0.000268763      3.27726      13.2656  0.000269529      3.57851      1.64417  0.000269297      2.48587      3.49891  3.29584e-14  1.86440e-14      4.32970      2.67464  1.30717e-14  0.000109862       0
      9.16129      12.6667      4.19211  1.37946e-14  0.000170571      4.11710      3.93750  0.000168795      4.19961      1.66917  0.000169786      3.47377      3.64928  1.88695e-14  1.73814e-14      4.98893      3.25032  1.03217e-14  0.000116418       0
      9.16129      12.7500      3.53543  1.83242e-14  0.000268330      3.26419      13.0156  0.000267427      3.55293      1.64167  0.000267613      2.59437      3.43824  3.06932e-14  1.91956e-14      4.32868      2.58552  1.30769e-14  0.000109170       0
      9.16129      12.8333      5.77666  8.08415e-15  0.000128695      5.66913      5.59375  0.000128216      5.77666      1.66667  0.000128695      4.53659      5.00562  1.20934e-14  1.02644e-14      6.63134      4.76472  6.42333e-15  0.000123340       0
      9.16129      12.9167      3.80514  1.62111e-14  0.000207018      3.57640      10.2344  0.000207860      3.80764      1.65167  0.000207848      3.25360      3.40799  2.10453e-14  1.94804e-14      4.63768      2.83697  1.16572e-14  0.000110467       0
      9.16129      13.0000      5.17719  9.70372e-15  0.000155811      5.01469      7.78125  0.000156312      5.18719      1.66167  0.000156533      3.73650      4.79717  1.67104e-14  1.10185e-14      6.17762      4.01454  7.22870e-15  0.000114471       0
      9.16129      13.0833      6.15570  7.27165e-15  0.000155923      5.53870      27.1836  0.000158436      6.16072      1.63667  0.000158561      3.89717      5.27143  1.55781e-14  9.41633e-15      7.31467      4.77348  5.45470e-15  0.000104336       0
      9.16129      13.1667      4.11878  1.42063e-14  0.000167481      4.08878      1.75000  0.000155272      4.13878      1.68167  0.000159776      3.26626      3.75207  2.09095e-14  1.65950e-14      4.88402      3.20529  1.06938e-14  0.000132108       0
      9.16129      13.2500      6.68690  6.33462e-15  0.000182354      6.45821      10.2344  0.000183574      6.70190      1.65667  0.000184520      4.58326      4.84821  1.18888e-14  1.08258e-14      6.69690      6.68690  6.31887e-15  0.000184617       0
      9.16129      13.3333      5.03505  1.01646e-14  0.000130695      5.01005      2.06250  0.000124483      5.04005      1.67917  0.000126912      3.74632      4.66691  1.66375e-14  1.15358e-14      5.92395      3.98774  7.75194e-15  0.000110726       0
      9.16129      13.4167      2.33548  3.65709e-14  0.000718549      1.99360      15.6975  0.000697507      2.35124      1.61266  0.000697601      1.64211      2.30902  6.57797e-14  3.72721e-14      2.84140      1.73847  2.63760e-14  0.000119098       0
      9.16129      13.5000      3.74507  1.66467e-14  0.000233576      3.62757      6.71875  0.000234134      3.75507      1.66167  0.000234547      3.10052      3.48607  2.28055e-14  1.87587e-14      4.43480      2.90211  1.25595e-14  0.000124394       0
      9.16129      13.5833      6.15063  7.28164e-15  0.000165320      5.52949      28.3906  0.000167522      6.16814      1.64167  0.000166942      4.13719      4.99390  1.41011e-14  1.03046e-14      7.26025      4.82435  5.52302e-15  8.95012e-05       0
      9.16129      13.6667      8.02774  4.67132e-15  0.000103880      7.65850      17.5547  0.000104973      8.03274      1.65667  0.000104883      6.51407      6.79770  6.61720e-15  6.16348e-15      9.07430      6.79124  3.80838e-15  8.36815e-05       0
      9.16129      13.7500      6.01587  7.55553e-15  0.000108946      5.89213      6.42188  0.000108868      6.02337      1.66417  0.000109184      4.83049      5.30455  1.08921e-14  9.31855e-15      7.31411      4.47479  5.45540e-15  7.74310e-05       0
      9.16129      13.8333      5.42310  8.98153e-15  0.000195678      4.80609      27.1836  0.000196125      5.44936      1.62917  0.000196349      3.50107      4.83247  1.86249e-14  1.08846e-14      6.58207      4.04087  6.50367e-15  9.17291e-05       0
      9.16129      13.9167      5.17239  9.71876e-15  0.000191155      4.80302      17.5547  0.000192853      5.18488      1.64667  0.000192833      3.50183      4.62454  1.86182e-14  1.17124e-14      6.21887      3.93545  7.14897e-15  0.000107516       0
      9.16129      14.0000      4.29756  1.32351e-14  0.000175472      4.13506      7.78125  0.000176320      4.31256      1.65667  0.000177074      3.26906      3.83584  2.08797e-14  1.59954e-14      5.24210      3.20768  9.50431e-15  0.000107805       0
      9.16129      14.0833      5.45858  8.88443e-15  0.000150426      5.35937      5.28711  0.000149716      5.46608      1.66417  0.000150806      3.99254      4.72950  1.49629e-14  1.12825e-14      6.50542      4.22184  6.63189e-15  0.000103656       0
      9.16129      14.1667      6.01000  7.56784e-15  0.000179381      5.89253      6.71875  0.000179030      6.02000      1.66167  0.000180200      4.40274      4.88676  1.27123e-14  1.06838e-14      6.95504      4.92050  5.93285e-15  0.000137250       0
      9.16129      14.2500      5.29271  9.35331e-15  0.000152328      5.21770      3.93750  0.000150668      5.30271      1.66667  0.000152203      3.97367      4.51238  1.50814e-14  1.22017e-14      6.29311      4.12959  7.00895e-15  0.000119907       0
      9.16129      14.3333      6.10328  7.37605e-15  0.000150689      5.87451      10.2344  0.000151544      6.11828      1.65667  0.000151995      4.32120      5.17818  1.31146e-14  9.70065e-15      7.13960      4.86475  5.67945e-15  0.000112264       0
      9.16129      14.4167      6.73169  6.26454e-15  0.000137854      6.68170      3.12500  0.000135593      6.73169      1.67167  0.000136962      5.55607      5.39434  8.62614e-15  9.06147e-15      7.67673      5.64221  5.03271e-15  0.000129391       0
      9.16129      14.5000      5.67745  8.32097e-15  0.000142924      5.60245      3.93750  0.000141393      5.68745      1.66667  0.000142822      4.38833      5.13472  1.27819e-14  9.83787e-15      6.73373      4.44196  6.26137e-15  0.000118840       0
      9.16129      14.5833      3.50101  1.86255e-14  0.000342887      3.07436      19.1846  0.000339585      3.52726      1.62917  0.000339419      2.42327      3.40124  3.43894e-14  1.95449e-14      4.28127      2.56433  1.33191e-14  9.99236e-05       0
      9.16129      14.6667      7.16827  5.64164e-15  0.000112264      7.00572      7.78125  0.000112360      7.17827      1.66167  0.000112813      5.66500      5.98961  8.35145e-15  7.61083e-15      8.32653      5.78499  4.39530e-15  0.000100058       0
      9.16129      14.7500      5.76121  8.12031e-15  0.000119519      5.68621      3.93750  0.000117959      5.76121      1.67167  0.000118586      5.03245      5.11493  1.01733e-14  9.90138e-15      6.86323      4.45121  6.06571e-15  0.000101645       0
      9.16129      14.8333      4.98623  1.03310e-14  0.000147123      4.81475      8.60449  0.000147710      4.99373      1.65917  0.000147939      3.73194      4.56302  1.67445e-14  1.19768e-14      6.06067      3.71288  7.46267e-15  9.23163e-05       0
      9.16129      14.9167      4.35234  1.29586e-14  0.000183336      4.30140      3.48047  0.000181045      4.36234      1.67167  0.000181839      3.64212      3.85052  1.74384e-14  1.58939e-14      5.14935      3.41065  9.79134e-15  0.000139477       0
      9.16129      15.0000      7.43251  5.31133e-15  0.000111355      7.20379      10.2344  0.000111794      7.43251      1.66167  0.000111819      6.01758      6.33329  7.55194e-15  6.93501e-15      8.59133      6.05009  4.17185e-15  9.03196e-05       0
      9.16129      15.0833      2.87616  2.58469e-14  0.000286445      2.73867      6.96875  0.000287250      2.89116      1.65667  0.000287537      2.35329      2.82082  3.61107e-14  2.66975e-14      3.46357      2.15835  1.89622e-14  0.000114018       0
      9.16129      15.1667      6.42289  6.77452e-15  0.000158725      5.61340      35.0547  0.000159327      6.44075      1.62683  0.000159504      4.02579      5.58582  1.47574e-14  8.54971e-15      7.66140      4.94183  5.04950e-15  9.18793e-05       0
      9.16129      15.2500      5.55069  8.64009e-15  0.000152202      5.18117      17.5547  0.000153306      5.56318      1.64667  0.000153501      4.04378      4.92948  1.46481e-14  1.05300e-14      6.75050      4.13331  6.23547e-15  8.54132e-05       0
      9.16129      15.3333      6.90297  6.00761e-15  0.000109256      6.79546      5.59375  0.000108787      6.91297      1.66667  0.000109202      5.13458      5.89029  9.83831e-15  7.82590e-15      8.06107      5.52013  4.63918e-15  8.81952e-05       0
      9.16129      15.4167      3.57114  1.80198e-14  0.000290281      3.36617      10.5625  0.000292870      3.58201      1.65401  0.000292328      2.69496      3.25002  2.88077e-14  2.10840e-14      4.25944      2.76085  1.34330e-14  0.000142364       0
      9.16129      15.5000      6.50165  6.63830e-15  0.000144412      5.84223      29.2334  0.000146998      6.51915      1.64167  0.000146357      4.13927      5.47628  1.40893e-14  8.83662e-15      7.66029      5.11874  5.05073e-15  0.000100723       0
      9.16129      15.5833      5.83498  7.94993e-15  0.000153301      5.70499      6.12500  0.000152868      5.84498      1.66167  0.000154444      4.44013      4.85001  1.25344e-14  1.08191e-14      6.62844      4.88521  6.42801e-15  0.000132488       0
      9.16129      15.6667      5.61887  8.46605e-15  0.000143057      5.39005      10.2344  0.000143963      5.62387      1.65667  0.000144279      4.38493      5.07354  1.27985e-14  1.00364e-14      6.73431      4.28636  6.26048e-15  9.65438e-05       0
      9.16129      15.7500      8.99280  3.86608e-15  0.000113894      8.18715      34.5791  0.000115355      9.00671      1.63823  0.000115685      5.84181      6.68720  7.93445e-15  6.33415e-15      9.93745      7.90303  3.27318e-15  9.24706e-05       0
      9.16129      15.8333      4.25183  1.34732e-14  0.000263562      3.82832      19.4404  0.000263784      4.27307      1.63417  0.000263890      3.02839      3.98873  2.37179e-14  1.49867e-14      5.19037      3.15532  9.66271e-15  9.86409e-05       0
      9.16129      15.9167      2.42958  3.42408e-14  0.000322639      2.39708      2.62500  0.000310852      2.44458      1.67417  0.000316331      2.17839      2.33011  4.10710e-14  3.67115e-14      2.88563      1.89240  2.57057e-14  0.000190665       0
      9.16129      16.0000      6.06691  7.44989e-15  0.000118485      5.99191      3.93750  0.000117195      6.07691      1.66667  0.000118404      5.00896      5.18887  1.02530e-14  9.66737e-15      7.22515      4.68429  5.56781e-15  9.63019e-05       0
      9.16129      16.0833      7.80007  4.90078e-15  0.000109373      7.31940      21.0703  0.000110555      7.80257      1.65167  0.000110490      6.16389      6.54889  7.25556e-15  6.55867e-15      9.10476      6.27665  3.78717e-15  9.15269e-05       0
      9.16129      16.1667      3.78185  1.63778e-14  0.000252212      3.47702      13.4468  0.000251089      3.79935      1.64167  0.000251139      2.84723      3.74029  2.62860e-14  1.66822e-14      4.68311      2.73740  1.14693e-14  8.20279e-05       0
      9.16129      16.2500      1.85688  5.35949e-14  0.000638580      1.72266      6.72461  0.000637235      1.87188      1.64542  0.000637393      1.45992      1.89758  8.00231e-14  5.16928e-14      1.51600     0.999520  7.51501e-14  0.000174322       0
      9.16129      16.3333      5.56151  8.61207e-15  0.000198157      4.94027      28.3906  0.000200316      5.56651      1.63667  0.000199919      3.55317      4.68543  1.81720e-14  1.14599e-14      6.63596      4.28815  6.41588e-15  0.000100877       0
      9.16129      16.4167      5.86309  7.88652e-15  0.000144140      5.53458      14.6455  0.000145837      5.87395      1.65401  0.000145597      3.85389      5.24476  1.58708e-14  9.49628e-15      7.02175      4.48046  5.83920e-15  0.000100629       0
      9.16129      16.5000      4.90277  1.06258e-14  0.000166551      4.67396      10.2344  0.000167853      4.90777      1.65667  0.000167839      3.56862      4.48017  1.80411e-14  1.23482e-14      5.84725      3.81252  7.92215e-15  0.000129121       0
      9.16129      16.5833      5.41771  8.99642e-15  0.000309847      5.36771      3.12500  0.000308105      5.43271      1.67417  0.000308384      4.47763      5.19092  1.23599e-14  9.66101e-15      6.57637      4.03508  6.51306e-15  0.000329598       0
      9.16129      16.6667      6.25642  7.07760e-15  0.000198466      5.01927      53.3313  0.000194975      6.26950      1.60792  0.000195068      3.52039      5.61861  1.84549e-14  8.46671e-15      7.61237      4.66957  5.10383e-15  8.21731e-05       0
      9.16129      16.7500      4.06125  1.45433e-14  0.000129657      3.97623      5.06250  0.000129588      4.06375      1.66917  0.000129224      3.34671      3.97076  2.00785e-14  1.50999e-14      5.00572      2.97101  1.02640e-14  9.05364e-05       0
      9.16129      16.8333      2.45826  3.35775e-14  0.000439276      2.31982      7.32422  0.000440062      2.46076      1.65167  0.000440401      1.80772      2.52032  5.60459e-14  3.22110e-14      1.91471      1.22133  5.09240e-14  0.000138774       0
      9.16129      16.9167      1.47814  7.83859e-14  0.000477842      1.39313      5.06250  0.000471480      1.47567      1.65431  0.000469675      1.31219      1.57724  9.55952e-14  7.03500e-14      1.77633      1.14476  5.77062e-14  0.000123876       0
      9.16129      17.0000      2.60130  3.05571e-14  0.000649927      2.15422      20.6392  0.000618725      2.61443      1.60792  0.000620356      1.71734      2.69362  6.10475e-14  2.88315e-14      3.21439      1.87966  2.14749e-14  8.26646e-05       0
      9.16129      17.0833      5.37585  9.11348e-15  0.000268364      4.28603      48.2324  0.000262022      5.39396      1.60293  0.000262203      3.02830      4.89338  2.37191e-14  1.06597e-14      6.57563      3.95912  6.51429e-15  8.84134e-05       0
      9.16129      17.1667     0.237659  1.64881e-12     0.222564    0.0857439      7.51604     0.185514    0.0865201      1.68276     0.185461    0.0828368     0.167426  9.55118e-12  2.95612e-12     0.257034     0.216409  1.44692e-12   0.00270741       0
      9.16129      17.2500      2.37788  3.54905e-14  0.000676574      2.03958      15.9545  0.000657583      2.39663      1.61917  0.000658190      1.65979      2.47598  6.46159e-14  3.31780e-14      2.91654      1.74587  2.52532e-14  9.51157e-05       0
      9.16129      17.3333     0.858489  1.93882e-13   0.00233371     0.788488      3.81250   0.00233247     0.875986      1.63667   0.00233852     0.771626     0.977227  2.31607e-13  1.56232e-13     0.688178     0.512468  2.80281e-13  0.000415318       0
      9.16129      17.4167      1.17750  1.14507e-13   0.00121484      1.08124      5.14062   0.00120386      1.18609      1.64011   0.00120454      1.00695      1.28510  1.48621e-13  9.89765e-14      1.16046     0.796014  1.17322e-13  0.000204976       0
      9.16129      17.5000      5.52554  8.70571e-15   0.00119258      4.72275      35.5664   0.00119749      5.52554      1.66667   0.00119258      3.46365      5.19315  1.89615e-14  9.65407e-15      5.53554      5.52554  8.67951e-15   0.00130533       0
      9.16129      17.5833      1.47145  7.89809e-14  0.000657187      1.37645      5.31250  0.000650902      1.48082      1.64886  0.000650644      1.33367      1.59446  9.30431e-14  6.90888e-14      1.74865      1.13151  5.92369e-14  0.000139398       0
      9.16129      17.6667      1.16156  1.17137e-13  0.000789982      1.10386      4.00635  0.000788976      1.17656      1.65667  0.000790097      1.04318      1.23528  1.40118e-13  1.05719e-13      1.12200     0.773582  1.24101e-13  0.000217930       0
      9.16129      17.7500      3.70486  1.69490e-14  0.000171841      3.60701      5.72705  0.000171945      3.70486      1.66667  0.000171841      2.98155      3.61998  2.43421e-14  1.76165e-14      4.56294      2.69676  1.19772e-14  9.47126e-05       0
      9.16129      17.8333      2.56845  3.12112e-14  0.000250049      2.50470      3.85938  0.000247907      2.57783      1.66854  0.000249006      2.15082      2.62859  4.19524e-14  3.00302e-14      2.06331      1.29361  4.49595e-14  0.000111122       0
      9.16129      17.9167      1.12386  1.23758e-13   0.00104517     0.757405     0.203790  0.000959445      2.54717      1.41150  0.000972978     0.939244      1.20037  1.66903e-13  1.10893e-13      1.29056     0.931896  9.82807e-14  0.000516386       0
      9.16129      18.0000     0.844497  1.99265e-13   0.00349874     0.740668      5.36816   0.00345714     0.867111      1.61472   0.00345707     0.638619     0.907503  3.17463e-13  1.76746e-13     0.777788     0.568288  2.28557e-13  0.000313364       0
      9.16129      18.0833     0.628715  3.25841e-13   0.00992155     0.471218      7.65625   0.00942194     0.466218      1.68511   0.00942055     0.417852     0.627452  6.43762e-13  3.26935e-13     0.717154     0.529499  2.61663e-13  0.000566171       0
      9.16129      18.1667     0.664733  2.96950e-13   0.00254637     0.584843     0.760742   0.00243395      1.57084      1.37228   0.00243080     0.558489     0.681402  3.96952e-13  2.84942e-13     0.485082     0.383322  5.02039e-13  0.000942998       0
      9.16129      18.2500      1.27310  1.00537e-13   0.00177162      1.13467      7.32422   0.00175764      1.28685      1.62417   0.00175795     0.957641      1.28045  1.61594e-13  9.95765e-14      1.04590     0.725496  1.39513e-13  0.000281352       0
      9.16129      18.3333     0.655659  3.03832e-13   0.00679873     0.544986      6.28674   0.00658948     0.544215      1.67358   0.00658421     0.460495     0.715264  5.47504e-13  2.62816e-13     0.698389     0.519292  2.73485e-13  0.000361399       0
      9.16129      18.4167     0.642666  3.14137e-13   0.00191931     0.428855     0.175451   0.00140859      2.21716      1.28124   0.00141453     0.577935     0.668733  3.74942e-13  2.93995e-13     0.433082     0.348172  6.06474e-13  0.000802034       0
      9.16129      18.5000     0.880184  1.85983e-13   0.00236828     0.830183      3.12500   0.00236929     0.900184      1.64667   0.00237889     0.642257     0.885602  3.14471e-13  1.84090e-13     0.667996     0.502635  2.94536e-13  0.000713043       0
      9.16129      18.5833     0.397577  6.99401e-13    0.0400918     0.225080      8.90625    0.0355630     0.225901      1.68203    0.0355725     0.200564     0.367390  2.18780e-12  7.97782e-13     0.868069     0.625771  1.90329e-13  0.000331697       0
      9.16129      18.6667     0.627207  3.27148e-13   0.00288700     0.445472     0.223161   0.00247285      3.04026      1.19692   0.00245963     0.517396     0.626102  4.50876e-13  3.28111e-13     0.392316     0.321682  7.15103e-13   0.00136224       0
      9.16129      18.7500      1.72064  6.08526e-14  0.000796498      1.59313      6.71875  0.000796535      1.73564      1.64542  0.000796427      1.32938      1.83034  9.35432e-14  5.48964e-14      1.44534     0.959785  8.13726e-14  0.000181806       0
      9.16129      18.8333      1.86358  5.32739e-14  0.000501309      1.84358      2.25000  0.000472302      1.87499      1.67940  0.000482532      1.68142      1.82991  6.32368e-14  5.49180e-14      2.18266      1.49735  4.09372e-14  0.000276230       0
      9.16129      18.9167      1.32353  9.42340e-14  0.000951073     0.581063    0.0600033  0.000701745      18.0411      1.07846  0.000718576      1.22852      1.28375  1.06691e-13  9.91510e-14     0.670261     0.499803  2.92879e-13  0.000654330       0
      9.16129      19.0000      2.02871  4.62449e-14  0.000526464     0.919610    0.0664611  0.000444091      2.04621      1.68792  0.000490200      1.67050      1.85761  6.39270e-14  5.35595e-14      2.32803      1.67643  3.67660e-14  0.000409510       0
      9.16129      19.0833      1.17431  1.15025e-13   0.00176934     0.430501    0.0465989   0.00153032      60.1879     0.890985   0.00154213     0.965682      1.06512  1.59357e-13  1.35341e-13     0.533449     0.412314  4.28491e-13   0.00126771       0
      9.16129      19.1667      2.38702  3.52644e-14  0.000299198      2.35952      2.00000  0.000274462      2.39702      1.68292  0.000281729      1.97337      2.38658  4.84264e-14  3.52753e-14      2.83022      1.85828  2.65498e-14  0.000188714       0
      9.16129      19.2500      2.02905  4.62320e-14  0.000441417      1.07861    0.0897282  0.000356919      2.04405      1.69167  0.000400110      1.71033      2.04304  6.14649e-14  4.57053e-14      1.14796     0.784032  1.19458e-13  0.000231667       0
      9.16129      19.3333      1.89765  5.16894e-14  0.000322703      1.51373     0.436165  0.000296943      1.91265      1.67417  0.000311576      1.67624      1.93738  6.35623e-14  4.99348e-14      1.53789      1.01013  7.33758e-14  0.000154139       0
      9.16129      19.4167      2.67746  2.91221e-14  0.000388173      2.59496      3.78125  0.000385756      2.68746      1.66167  0.000389803      2.01101      2.71657  4.69252e-14  2.84268e-14      1.59472      1.03660  6.90696e-14  0.000138756       0
      9.16129      19.5000      1.76922  5.80932e-14  0.000399523      1.43860     0.477501  0.000367210      3.97250      1.43492  0.000370111      1.58627      1.78437  6.96840e-14  5.72738e-14      1.33626     0.898129  9.27424e-14  0.000173294       0
      9.16129      19.5833      1.43576  8.22795e-14   0.00102891      1.34077      4.81250   0.00103036      1.45670      1.64355   0.00103448      1.13194      1.47450  1.22291e-13  7.87088e-14      1.12094     0.774735  1.24297e-13  0.000288557       0
      9.16129      19.6667      2.99262  2.41922e-14  0.000525748      2.94262      3.12500  0.000521115      3.00762      1.67417  0.000521666      2.42294      3.11656  3.43974e-14  2.26101e-14      3.59319      2.28796  1.78360e-14  0.000503525       0
      9.16129      19.7500      1.64859  6.53495e-14  0.000492260      1.29368     0.434242  0.000468169      1.65609      1.67042  0.000487035      1.40964      1.71471  8.48364e-14  6.12040e-14      1.93857      1.30629  4.98839e-14  0.000221988       0
      9.16129      19.8333      1.97617  4.83122e-14  0.000454359      1.91616      3.50000  0.000449058      1.98367      1.66417  0.000454995      1.60869      2.01322  6.80727e-14  4.68393e-14      1.53934      1.00897  7.32612e-14  0.000150544       0
      9.16129      19.9167      2.51716  3.22783e-14  0.000561265      2.35467      7.78125  0.000565583      2.51966      1.65167  0.000565459      1.84926      2.37038  5.39632e-14  3.56778e-14      2.95702      1.99292  2.46796e-14  0.000226068       0
      9.16129      20.0000     0.518517  4.49253e-13    0.0266129     0.289774      10.2344    0.0236374     0.285087      1.68953    0.0236351     0.240422     0.472717  1.61735e-12  5.24116e-13      1.13858     0.784369  1.21104e-13  0.000228343       0
      9.16129      20.0833     0.629700  3.24992e-13   0.00292501     0.321028    0.0856139   0.00230589      5.33770      1.08233   0.00234614     0.578944     0.640635  3.73854e-13  3.15799e-13     0.365264     0.303165  8.05536e-13   0.00179472       0
      9.16129      20.1667     0.985287  1.54108e-13   0.00100821     0.722631     0.268582  0.000853629      3.19280      1.32251  0.000853364     0.897465      1.00320  1.80053e-13  1.49548e-13     0.666692     0.498813  2.95497e-13  0.000423775       0
      9.16129      20.2500      1.74532  5.94253e-14   0.00154744      1.70532      2.62500   0.00152214      1.75532      1.66167   0.00155223      1.36052      1.37005  9.00024e-14  8.89618e-14      1.78782      1.69532  5.70896e-14   0.00155764       0
      9.16129      20.3333      3.40805  1.94799e-14  0.000239760      3.37055      2.62500  0.000232526      3.41305      1.67917  0.000233928      2.68519      3.06630  2.89827e-14  2.32312e-14      3.99549      2.69017  1.49444e-14  0.000168449       0
      9.16129      20.4167      4.19877  1.37581e-14  0.000139496      4.14876      3.12500  0.000135628      4.21377      1.67417  0.000136681      3.38457      3.89624  1.97056e-14  1.55843e-14      5.03839      3.21539  1.01533e-14  0.000105144       0
      9.16129      20.5000      3.84954  1.59007e-14  0.000161191      3.77453      3.93750  0.000158737      3.85704      1.66917  0.000160201      3.59522      3.50453  1.78191e-14  1.85942e-14      4.60181      2.94925  1.18090e-14  0.000118878       0
      9.16129      20.5833      3.71583  1.68656e-14  0.000152371      3.64084      3.93750  0.000149995      3.72333      1.66917  0.000151314      3.08918      3.66964  2.29451e-14  1.72209e-14      4.49623      2.77922  1.22748e-14  0.000108940       0
      9.16129      20.6667      4.49335  1.22879e-14  0.000133111      4.44335      3.12500  0.000130933      4.49585      1.67417  0.000131500      3.55490      4.34180  1.81572e-14  1.30110e-14      5.43769      3.40338  8.94139e-15  0.000102627       0
      9.16129      20.7500      3.30500  2.05026e-14  0.000530402      3.23000      3.93750  0.000529066      3.31500      1.66667  0.000530078      2.57440      3.31314  3.10911e-14  2.04187e-14      3.99639      2.50222  1.49388e-14  0.000542798       0
      9.16129      20.8333      3.03989  2.35686e-14  0.000238542      2.19489     0.300858  0.000228907      3.04739      1.66917  0.000236887      2.45091      2.85804  3.37457e-14  2.61205e-14      3.59835      2.36555  1.77933e-14  0.000161079       0
      9.16129      20.9167      3.92363  1.54034e-14  0.000162078      3.81862      5.31250  0.000161758      3.92363      1.66667  0.000162078      3.01974      3.92537  2.38312e-14  1.53920e-14      4.75632      2.95557  1.11766e-14  0.000111247       0
      9.16129      21.0000      3.42838  1.92877e-14  0.000179267      3.33053      5.72705  0.000179212      3.43838      1.66167  0.000180160      2.87025      3.46258  2.59356e-14  1.89713e-14      4.11817      2.58559  1.42098e-14  0.000119796       0
      9.16129      21.0833      3.66928  1.72237e-14  0.000584256      3.63928      2.87500  0.000580772      3.68428      1.67417  0.000581705      3.28496      3.54525  2.07115e-14  1.82397e-14      4.41651      2.79361  1.26463e-14  0.000632205       0
      9.16129      21.1667      4.54677  1.20483e-14  0.000203627      4.27552      13.0156  0.000205111      4.54926      1.65167  0.000205069      3.43095      4.54529  1.92637e-14  1.20548e-14      5.57515      3.34770  8.57698e-15  0.000148319       0
      9.16129      21.2500      5.35591  9.17008e-15  0.000284647      5.08457      13.0156  0.000286213      5.37091      1.65167  0.000286571      4.08896      5.16001  1.43794e-14  9.75763e-15      6.51418      3.97268  6.61703e-15  0.000282045       0
      9.16129      21.3333      5.57078  8.58821e-15  0.000166699      5.08997      21.0703  0.000167330      5.58827      1.64167  0.000167383      4.08319      5.31031  1.44133e-14  9.30170e-15      6.88585      4.03800  6.03254e-15  0.000100521       0
      9.16129      21.4167      3.50338  1.86044e-14  0.000376532      3.19315      14.8322  0.000378750      3.51729      1.63823  0.000379085      2.48961      3.67082  3.28758e-14  1.72117e-14      4.26866      2.58989  1.33847e-14  0.000238950       0
      9.16129      21.5000      4.62555  1.17082e-14  0.000367613      4.14476      21.0703  0.000371175      4.65179      1.62917  0.000372324      3.00222      4.39084  2.40634e-14  1.27698e-14      5.64032      3.42400  8.41245e-15  0.000322692       0
      9.16129      21.5833      4.71391  1.13447e-14  0.000284716      4.05850      28.7578  0.000286138      4.74017      1.62917  0.000285433      3.05658      4.56006  2.33545e-14  1.19898e-14      5.77074      3.47881  8.09798e-15  0.000177036       0
      9.16129      21.6667     0.445839  5.77828e-13    0.0385450     0.235546      9.41166    0.0336918     0.228283      1.69272    0.0336480     0.199653     0.377897  2.20447e-12  7.61155e-13      1.47501     0.975846  7.86627e-14  0.000307302       0
      9.16129      21.7500     0.965894  1.59299e-13   0.00285238     0.857195      5.89294   0.00283046     0.994568      1.61214   0.00283151     0.742219      1.03652  2.47102e-13  1.41622e-13     0.779903     0.571097  2.27524e-13  0.000510644       0
      9.16129      21.8333     0.973379  1.57263e-13   0.00191382     0.432281    0.0647967   0.00164748      13.6232      1.03893   0.00166820     0.849097     0.931164  1.97470e-13  1.69324e-13      1.07563     0.865359  1.33144e-13   0.00134774       0
      9.16129      21.9167     0.774323  2.30264e-13   0.00283618     0.729948      3.18750   0.00283630     0.779323      1.65667   0.00284520     0.602381     0.806457  3.49927e-13  2.15176e-13     0.581340     0.449198  3.71288e-13  0.000781961       0
      9.16129      22.0000     0.333509  9.37382e-13    0.0510021     0.196008      6.96875    0.0456253     0.195295      1.68193    0.0455821     0.170377     0.303779  2.87131e-12  1.09521e-12     0.781916     0.571629  2.26549e-13  0.000504075       0
      9.16129      22.0833     0.468972  5.31109e-13    0.0194620     0.324209      7.22363    0.0180723     0.320181      1.68513    0.0180629     0.284123     0.478483  1.22438e-12  5.13632e-13     0.762251     0.560301  2.36374e-13  0.000388137       0
      9.16129      22.1667     0.381027  7.50764e-13    0.0401154     0.223527      8.15625    0.0358597     0.223527      1.68136    0.0358524     0.202230     0.351107  2.15785e-12  8.60393e-13     0.948334     0.673239  1.64245e-13  0.000294851       0
      9.16129      22.2500     0.655449  3.03993e-13   0.00573273     0.560449      5.06250   0.00563958     0.570449      1.67355   0.00563924     0.495656     0.703700  4.84316e-13  2.70054e-13     0.743851     0.561079  2.46199e-13  0.000761747       0
      9.16129      22.3333     0.395357  7.05959e-13    0.0278881     0.267859      6.96875    0.0256592     0.262859      1.67949    0.0256127     0.230399     0.394659  1.73632e-12  7.08043e-13     0.677875     0.508467  2.87418e-13  0.000503198       0
      9.16129      22.4167     0.555835  4.00116e-13    0.0107972     0.428336      7.21875    0.0101681     0.433336      1.67761    0.0101727     0.366363     0.608273  8.01512e-13  3.44296e-13     0.874981     0.628497  1.87830e-13  0.000262055       0
      9.16129      22.5000     0.698123  2.73658e-13   0.00394376     0.623124      3.93750   0.00391560     0.636718      1.67454   0.00391852     0.552864     0.763392  4.03706e-13  2.35785e-13     0.782802     0.587751  2.26122e-13  0.000613436       0
      9.16129      22.5833     0.587035  3.65305e-13    0.0179129     0.358601      10.5742    0.0160723     0.351414      1.69191    0.0160763     0.331386     0.572380  9.47410e-13  3.81026e-13      1.49796     0.988657  7.66645e-14  0.000127908       0
      9.16129      22.6667     0.162588  3.10418e-12     0.211801    0.0850492      4.45752     0.185543    0.0858500      1.67832     0.185088    0.0800134     0.146006  1.01195e-11  3.71374e-12     0.326461     0.276460  9.71352e-13   0.00220252       0
      9.16129      22.7500     0.665502  2.96378e-13   0.00208084     0.378268    0.0998210   0.00124013      5.74578      1.09661   0.00124952     0.609012     0.683513  3.43599e-13  2.83477e-13     0.402981     0.328436  6.83840e-13   0.00104373       0
      9.16129      22.8333     0.825962  2.06774e-13   0.00188991     0.389935    0.0673676   0.00132514      17.5757     0.974358   0.00133289     0.742244     0.825957  2.47088e-13  2.06776e-13     0.436590     0.351608  5.98373e-13   0.00100820       0
      9.16129      22.9167     0.953062  1.62890e-13   0.00253240     0.898374      3.77734   0.00254208     0.973061      1.64667   0.00255075     0.668184     0.910409  2.94398e-13  1.75806e-13      1.06524     0.819310  1.35316e-13   0.00124015       0
      9.16129      23.0000      1.54104  7.31258e-14  0.000722252     0.702882    0.0637951  0.000538399      34.4176      1.02117  0.000544270      1.40071      1.45046  8.57392e-14  8.08946e-14     0.815029     0.594317  2.11417e-13  0.000448293       0
      9.16129      23.0833     0.968979  1.58455e-13   0.00240547     0.344846    0.0470715   0.00207768      25.5579     0.946912   0.00212154     0.890863     0.915819  1.82282e-13  1.74079e-13     0.419651     0.338643  6.39169e-13   0.00154387       0
      9.16129      23.1667     0.765476  2.34716e-13   0.00173623     0.466582     0.133258   0.00137589      3.88329      1.20352   0.00138311     0.690746     0.782497  2.78547e-13  2.26269e-13     0.503042     0.395433  4.72523e-13  0.000696764       0
      9.16129      23.2500     0.505342  4.68943e-13   0.00538156     0.315188     0.159318   0.00506519      2.24324      1.18056   0.00506788     0.490924     0.510782  4.92122e-13  4.60649e-13     0.297100     0.253841  1.13655e-12   0.00202146       0
      9.16129      23.3333     0.198864  2.21906e-12     0.170093    0.0963640      5.25000     0.147202    0.0980438      1.67697     0.147062    0.0878371     0.163631  8.66228e-12  3.07127e-12     0.534366     0.415995  4.27265e-13  0.000697832       0
      9.16129      23.4167      1.02400  1.44520e-13   0.00152688     0.613915     0.129490   0.00138780      3.93325      1.28455   0.00139062     0.820354      1.01490  2.09135e-13  1.46686e-13     0.632085     0.479848  3.22951e-13  0.000596756       0
      9.16129      23.5000      1.28652  9.87944e-14   0.00151796      1.26152      1.62500   0.00146245      1.28902      1.68542   0.00147906      1.12700      1.27142  1.23185e-13  1.00758e-13      1.47121      1.05778  7.90019e-14   0.00141878       0
      9.16129      23.5833     0.182907  2.55101e-12     0.239582    0.0779068      5.31250     0.203896    0.0816569      1.67761     0.204093    0.0708703     0.133146  1.23876e-11  4.33060e-12     0.554120     0.431352  4.02182e-13  0.000853390       0
      9.16129      23.6667     0.913502  1.74815e-13   0.00157934     0.561051     0.139236   0.00137402      4.83413      1.20716   0.00137670     0.831266     0.934233  2.04580e-13  1.68398e-13     0.570343     0.440155  3.83297e-13  0.000687853       0
      9.16129      23.7500     0.494875  4.85589e-13    0.0189481     0.332688      8.12109    0.0173921     0.332376      1.68511    0.0173978     0.280362     0.500997  1.25188e-12  4.75741e-13     0.709983     0.528900  2.66082e-13  0.000481515       0
      9.16129      23.8333     0.441755  5.86760e-13    0.0301791     0.265715      8.90997    0.0272001     0.263896      1.68307    0.0271937     0.214073     0.407438  1.96258e-12  6.71419e-13     0.951989     0.674143  1.63196e-13  0.000258797       0
      9.16129      23.9167     0.901837  1.78600e-13   0.00454739     0.713963      9.58862   0.00434736     0.939358      1.56744   0.00435775     0.565299     0.965002  3.89014e-13  1.59545e-13      1.17310     0.804333  1.15222e-13  0.000181620       0
