      9.19355      0.00000     0.497413  4.81468e-13   0.00812906     0.432413      3.93750   0.00799438     0.440538      1.67362   0.00798938     0.421860     0.563879  6.33599e-13  3.90648e-13     0.502390     0.394137  4.73545e-13   0.00101115       56411.008       0          -1           1       0
      9.19355    0.0833333     0.482931  5.05770e-13    0.0107392     0.394337      5.14062    0.0102550     0.397931      1.67355    0.0102381     0.419700     0.604163  6.39043e-13  3.48208e-13     0.780323     0.568740  2.27320e-13  0.000377415       65526.848       0         -38         -25       0
      9.19355     0.166667     0.541524  4.17894e-13   0.00824783     0.446524      5.06250   0.00792742     0.451524      1.67730   0.00792112     0.442127     0.664694  5.85937e-13  2.96979e-13     0.718267     0.532031  2.60987e-13  0.000395809       65528.000      4.00000          -1           1       0
      9.19355     0.250000     0.537662  4.22909e-13   0.00640199     0.482976      3.77734   0.00641536     0.501413      1.66839   0.00642504     0.482496     0.662078  5.06530e-13  2.98937e-13     0.383288     0.314162  7.43395e-13   0.00140634       65528.000      4.00000          -1           1       0
      9.19355     0.333333     0.989699  1.52964e-13   0.00317031     0.808577      9.08644   0.00296739      1.02298      1.58199   0.00297993     0.817661      1.18945  2.10284e-13  1.12595e-13      2.62651      1.57491  3.00697e-14  7.25643e-05       65505.476       0          -2           1       0
      9.19355     0.416667     0.563522  3.91061e-13   0.00999130     0.436021      6.71875   0.00941508     0.434771      1.67808   0.00940798     0.430252     0.687247  6.13137e-13  2.80914e-13     0.829549     0.597747  2.05286e-13  0.000290617       57938.564       0          -2           1       0
      9.19355     0.500000     0.676123  2.88660e-13    0.0105102     0.464087      10.2285   0.00957115     0.447369      1.69371   0.00956548     0.457887     0.804723  5.52712e-13  2.15949e-13      1.59583      1.03923  6.89895e-14  0.000156992       63867.676       0          -1           1       0
      9.19355     0.583333     0.752407  2.41550e-13    0.0145048     0.414109      15.9545    0.0127337     0.401884      1.69051    0.0127328     0.402714     0.783811  6.84597e-13  2.25637e-13      2.31313      1.42392  3.71617e-14  0.000109669       65442.532       0          -1           1       0
      9.19355     0.666667      1.00216  1.49807e-13   0.00650426     0.645218      16.8047   0.00585891      1.05045      1.48201   0.00589554     0.625485      1.17108  3.28650e-13  1.15553e-13      2.06946      1.28487  4.47371e-14  9.32401e-05       65528.000      1.00000          -1           1       0
      9.19355     0.750000      1.35930  9.01367e-14   0.00304543     0.965891      18.0117   0.00279261      1.40797      1.53546   0.00280710     0.923731      1.63873  1.71601e-13  6.60060e-14      2.40977      1.46602  3.47112e-14  7.98403e-05       65528.000      7.00000          -6          46       0
      9.19355     0.833333     0.928923  1.70006e-13   0.00752355     0.603128      15.6322   0.00680819     0.977199      1.48201   0.00685466     0.578021      1.04881  3.74849e-13  1.38868e-13      1.78416      1.13926  5.72847e-14  0.000108277       65528.000      8.00000          -6          46       0
      9.19355     0.916667     0.875261  1.87730e-13    0.0107078     0.497815      17.2819   0.00944758     0.938984      1.42319   0.00954446     0.485491     0.941958  5.01334e-13  1.66103e-13      2.58814      1.55730  3.08165e-14  7.39965e-05       65528.000      1.00000          -1           1       0
      9.19355      1.00000      1.66888  6.40307e-14   0.00201835      1.21785      20.7090   0.00186605      1.71404      1.55075   0.00187247      1.14253      1.99865  1.20407e-13  4.74096e-14      2.64399      1.58324  2.97391e-14  6.80090e-05       65528.000      3.00000         -42          20       0
      9.19355      1.08333      1.46470  7.95879e-14   0.00247932      1.07127      18.0117   0.00228458      1.51106      1.54791   0.00229467      1.03255      1.75388  1.42531e-13  5.89426e-14      3.22865      1.88114  2.13170e-14  5.49024e-05       65528.000      3.00000         -42          20       0
      9.19355      1.16667    0.0745531  1.13846e-11     0.453258   0.00948986    0.0179209     0.424195    0.0545531      1.66917     0.486794    0.0299348    0.0637675  5.20957e-11  1.47717e-11     0.302045     0.257543  1.10571e-12   0.00181505       46576.606       0          -1           1       1
      9.19355      1.25000    0.0700903  1.26183e-11     0.136758    0.0622839      49.2292     0.122052    0.0615747      1.67395     0.121273    0.0696275    0.0813916  1.27584e-11  9.83550e-12      3.82439      3.01024  1.60753e-14  0.000299117       62965.026       0          -6          44       0
      9.19355      1.33333    0.0561592  1.82555e-11     0.282045    0.0476620      14.5046     0.258133    0.0481123      1.66915     0.257965    0.0528063    0.0711629  2.02280e-11  1.23029e-11      2.03737      1.75117  4.59176e-14  0.000827515       61902.474       0          -6          44       0
      9.19355      1.41667    0.0495465  2.24944e-11     0.352453    0.0216314    0.0759324     0.339186    0.0969226      1.05237     0.341667    0.0386307    0.0637371  3.40572e-11  1.47834e-11      2.14121      1.85626  4.22666e-14  0.000533758       55822.570       0          -6          45       1
      9.19355      1.50000     0.445203  5.79206e-13    0.0221885     0.302757      7.26517    0.0203303     0.301529      1.67876    0.0203095     0.296419     0.526910  1.14091e-12  4.37389e-13     0.775465     0.567269  2.29699e-13  0.000356332       65525.324       0          -1           1       0
      9.19355      1.58333     0.938200  1.67213e-13   0.00403219     0.757422      9.21289   0.00388650     0.949572      1.58223   0.00388948     0.701018      1.12444  2.71777e-13  1.23652e-13     0.985104     0.690877  1.54155e-13  0.000208331       65528.000      1.00000          -1           1       0
      9.19355      1.66667    0.0681611  1.32191e-11     0.371988    0.0105128    0.0183890     0.333089    0.0581611      1.66667     0.393294    0.0363631    0.0784938  3.76699e-11  1.04481e-11     0.381596     0.312173  7.48897e-13   0.00110091       49245.696       0          -1           1       1
      9.19355      1.75000     0.490460  4.92897e-13   0.00655557     0.421710      4.34375   0.00614247     0.422648      1.67788   0.00609428     0.457127     0.589540  5.54244e-13  3.62722e-13      1.37431     0.917450  8.85018e-14  0.000164582       65528.000      2.00000          -1           1       0
      9.19355      1.83333     0.133093  4.33350e-12    0.0437981     0.118629      12.7465    0.0399436    0.0930706      1.89239    0.0393020     0.132994     0.162197  4.33883e-12  3.11666e-12     0.711610     0.526373  2.65069e-13  0.000343672       65153.698       0          -6          45       1
      9.19355      1.91667     0.392951  7.13178e-13    0.0275892     0.260453      6.84375    0.0249530     0.260453      1.67949    0.0249300     0.263634     0.485261  1.38705e-12  5.01729e-13      1.57461      1.02504  7.05461e-14  0.000106619       55583.212       0          -1           1       0
      9.19355      2.00000     0.507676  4.65355e-13    0.0123244     0.390176      6.71875    0.0114898     0.390176      1.67324    0.0114657     0.387704     0.632866  7.29337e-13  3.22287e-13      1.15182     0.790338  1.18792e-13  0.000183560       55447.360       0          -1           1       0
      9.19355      2.08333     0.629358  3.25287e-13    0.0118461     0.433838      9.95667    0.0108717     0.411006      1.70326    0.0108644     0.422350     0.745702  6.32376e-13  2.45181e-13     0.993869     0.695960  1.51896e-13  0.000238831       65528.000      3.00000          -1           1       0
      9.19355      2.16667    0.0584207  1.70930e-11     0.535228    0.0102739    0.0227031     0.493587     0.546854     0.576478     0.507894    0.0328782    0.0687307  4.45571e-11  1.30370e-11     0.662860     0.495817  2.98350e-13  0.000686571       47634.258       0          -1           1       1
      9.19355      2.25000     0.349621  8.66496e-13   0.00963540     0.298801      3.48291   0.00887248     0.310246      1.67362   0.00883410     0.337508     0.419072  9.18945e-13  6.40640e-13      1.17985     0.804142  1.14127e-13  0.000172591       62407.842       0          -2           1       0
      9.19355      2.33333     0.518781  4.48872e-13   0.00945825     0.425577      5.14551   0.00904409     0.422531      1.67839   0.00902543     0.414714     0.612722  6.51901e-13  3.40139e-13     0.727092     0.537349  2.55729e-13  0.000413884       65224.998       0         -38         -25       0
      9.19355      2.41667     0.211525  2.00214e-12    0.0130989     0.194141      185.111    0.0108652     0.132558      1.95080    0.0101106     0.209179     0.241814  2.03969e-12  1.60187e-12     0.845923     0.609501  1.98706e-13  0.000268828       65475.520       0          -2           1       0
      9.19355      2.50000     0.479006  5.12697e-13   0.00901311     0.399943      4.76953   0.00849646     0.400568      1.67890   0.00846332     0.414388     0.591480  6.52754e-13  3.60741e-13      1.10330     0.760364  1.27626e-13  0.000191795       65528.000      8.00000          -6          45       0
      9.19355      2.58333     0.677495  2.87686e-13   0.00830318     0.514994      7.78125   0.00780501     0.502884      1.68442   0.00779540     0.487242     0.770573  4.98334e-13  2.32134e-13     0.931645     0.663266  1.69178e-13  0.000324378       65100.724       0          -1           1       0
      9.19355      2.66667    0.0905517  8.23383e-12    0.0536420    0.0821335      92.6790    0.0419253    0.0622767      1.98366    0.0382476    0.0957236     0.101895  7.50580e-12  6.76357e-12      4.21319      3.32187  1.36797e-14  0.000192686       56372.290       0          -6          45       0
      9.19355      2.75000     0.130677  4.46784e-12    0.0255379     0.119578      79.8087    0.0190261    0.0860284      1.96957    0.0164974     0.139892     0.142857  3.98819e-12  3.85119e-12      3.23021      2.45353  2.13000e-14  0.000231782       62666.784       0          -2           1       0
      9.19355      2.83333     0.236541  1.66182e-12    0.0307456     0.190682      3.62793    0.0284682     0.194900      1.67029    0.0282788     0.207498     0.303062  2.06730e-12  1.09954e-12      1.53392      1.00219  7.36927e-14  0.000107856       61552.784       0          -2           1       0
      9.19355      2.91667     0.175635  2.72947e-12    0.0145378     0.160704      390.489    0.0100133     0.108049      1.99497   0.00811687     0.181698     0.199311  2.57937e-12  2.21077e-12      7.06140      5.13596  5.78466e-15  8.94027e-05       65316.868       0          -6          45       0
      9.19355      3.00000     0.187426  2.44933e-12    0.0235904     0.168090      56.8199    0.0208656     0.120484      1.92961    0.0201964     0.186658     0.223914  2.46614e-12  1.82093e-12      1.52076     0.996489  7.47583e-14  0.000112649       65459.596       0          -6          45       0
      9.19355      3.08333     0.133783  4.29627e-12    0.0252888     0.122097      90.2135    0.0186487    0.0851929      2.00314    0.0159450     0.138412     0.153750  4.05949e-12  3.40726e-12      6.22977      4.88821  7.12814e-15  0.000115575       64675.444       0          -6          45       0
      9.19355      3.16667     0.159081  3.21910e-12    0.0365326     0.137808      10.1014    0.0326436     0.139080      1.67417    0.0326185     0.155949     0.193782  3.32754e-12  2.31689e-12      6.08167      4.43005  7.41977e-15  0.000104316       65063.984       0          -6          45       0
      9.19355      3.25000     0.273010  1.30857e-12   0.00995497     0.245671      18.2054   0.00841055     0.159828      1.97045   0.00797149     0.281034     0.301566  1.24690e-12  1.10864e-12      5.80531      3.95400  8.01777e-15  9.86919e-05       65528.000      2.00000          -6          45       0
      9.19355      3.33333     0.110553  5.90400e-12    0.0262726     0.101347      729.386    0.0139947    0.0740817      1.98544   0.00670961     0.119824     0.123122  5.16244e-12  4.93404e-12      5.59914      4.15284  8.51584e-15  0.000128479       65383.826       0          -2           0       0
      9.19355      3.41667     0.220589  1.86691e-12   0.00814004     0.202215      829.692   0.00411367     0.132175      1.98653   0.00137221     0.232762     0.248974  1.70704e-12  1.52583e-12      2.71575      1.63698  2.84410e-14  8.23977e-05       61029.200       0          -2           1       0
      9.19355      3.50000     0.169955  2.88319e-12    0.0765925     0.124330      3.06250    0.0713287     0.129955      1.67292    0.0713377     0.132731     0.221788  4.35320e-12  1.85012e-12      1.56113      1.02086  7.15644e-14  0.000242098       64454.558       0          -2           0       1
      9.19355      3.58333     0.140929  3.93937e-12    0.0865746     0.108644      3.38989    0.0798977     0.113136      1.66922    0.0796534     0.118985     0.174098  5.22329e-12  2.76974e-12      5.12947      3.68423  9.85465e-15  0.000144237       65509.880       0          -2           0       0
      9.19355      3.66667     0.113455  5.65440e-12     0.116068    0.0887564      2.95760     0.107279    0.0914242      1.67483     0.106563    0.0981928     0.141327  7.19387e-12  3.92090e-12      5.98557      4.45493  7.61937e-15  0.000186089       64726.088       0          -2          -1       0
      9.19355      3.75000     0.100372  6.93546e-12     0.135837    0.0822074      20.6057     0.124779    0.0816219      1.67385     0.124506    0.0873573     0.129851  8.74173e-12  4.51527e-12      4.40171      3.47226  1.27172e-14  0.000261318       63253.848       0          -7          43       0
      9.19355      3.83333    0.0498154  2.22923e-11     0.311114    0.0405186      1.68555     0.297879    0.0435654      1.67073     0.298212    0.0444889    0.0624768  2.69160e-11  1.52838e-11      3.68396      3.16839  1.71095e-14  0.000383672       46742.090       0          -2          -1       1
      9.19355      3.91667    0.0427937  2.87164e-11      1.37341    0.0348835      1.75146      1.37455    0.0377937      1.66542      1.37610    0.0461453    0.0551568  2.53250e-11  1.88118e-11    0.0398249    0.0506843  3.23721e-11      1.38858       55419.952       0         -39         -27       1
      9.19355      4.00000    0.0313176  4.83185e-11      1.51106    0.0243025      15.6216      1.43213    0.0171399      4.56766      1.24971    0.0287889    0.0410878  5.55974e-11  3.07308e-11    0.0554724     0.380474  1.86338e-11     0.932885       48487.398       0          -3          -1       1
      9.19355      4.08333    0.0318544  4.69692e-11     0.232480    0.0291704      7.47878     0.209621    0.0297059      1.66767     0.209675    0.0378210    0.0430951  3.52809e-11  2.83824e-11     0.237196     0.227532  1.65418e-12    0.0702204       45788.590       0          -3          -1       1
      9.19355      4.16667    0.0546998  1.90745e-11     0.145420    0.0494469      40.5116     0.120863    0.0496998      1.67042     0.121354    0.0563478    0.0634395  1.81538e-11  1.48992e-11      3.61395      2.99268  1.76655e-14  0.000301246       59440.096       0          -2           0       0
      9.19355      4.25000    0.0626244  1.52238e-11    0.0804156    0.0572183      124.292    0.0541179    0.0465334      1.95821    0.0429771    0.0665165    0.0691529  1.37683e-11  1.29046e-11      5.47095      4.83120  8.85099e-15  0.000198699       63240.714       0          -2           0       0
      9.19355      4.33333     0.356045  8.40595e-13    0.0283872     0.248028      6.11292    0.0259152     0.248954      1.67725    0.0258812     0.254296     0.449734  1.47297e-12  5.69512e-13      1.27459     0.858007  1.00341e-13  0.000120776       65528.000      2.00000          -2           1       0
      9.19355      4.41667     0.338919  9.12576e-13    0.0212227     0.262180      4.17212    0.0196567     0.263919      1.67979    0.0195871     0.276705     0.433020  1.27958e-12  6.06620e-13      1.44008     0.951394  8.18688e-14  0.000109081       65506.182       0          -2           1       0
      9.19355      4.50000     0.238003  1.64484e-12    0.0412914     0.181285      4.19336    0.0380738     0.182066      1.67546    0.0378795     0.191072     0.310536  2.37192e-12  1.05579e-12      1.71368      1.10078  6.12652e-14  8.67087e-05       65523.598       0          -2           1       0
      9.19355      4.58361     0.266730  1.36033e-12    0.0399898     0.192042      4.27734    0.0367536     0.197042      1.67933    0.0367347     0.199120     0.329748  2.21431e-12  9.55267e-13      1.12033     0.766507  1.24410e-13  0.000224159       65029.110       0          -2           1       0
      9.19355      4.66667     0.382805  7.44961e-13    0.0271173     0.259397      6.53186    0.0246211     0.259397      1.67806    0.0245904     0.264755     0.475229  1.37728e-12  5.19507e-13      1.64726      1.06305  6.54376e-14  8.92550e-05       65526.948       0          -2           1       0
      9.19355      4.75000     0.252264  1.49280e-12    0.0245873     0.206952      3.34375    0.0229482     0.211014      1.67636    0.0227965     0.225816     0.314974  1.79544e-12  1.03111e-12     0.873030     0.621471  1.88530e-13  0.000471659       65525.086       0          -2           1       0
      9.19355      4.83333     0.223616  1.82498e-12    0.0382935     0.175183      3.29828    0.0354148     0.181428      1.67144    0.0352693     0.190515     0.292113  2.38349e-12  1.16908e-12      1.80373      1.14856  5.62529e-14  9.24208e-05       65528.000      1.00000          -2           1       0
      9.19355      4.91667     0.194020  2.31216e-12    0.0755112     0.136168      4.11768    0.0688225     0.138082      1.67546    0.0686045     0.142447     0.257683  3.86967e-12  1.44085e-12      5.04477      3.60294  1.01320e-14  0.000112745       64534.808       0          -2           1       0
      9.19355      5.00000     0.189391  2.40711e-12    0.0458271     0.152516      3.35938    0.0427781     0.159391      1.66792    0.0426493     0.162432     0.233819  3.10916e-12  1.69419e-12     0.803728     0.584331  2.16395e-13  0.000374295       54516.958       0          -2           1       0
      9.19355      5.08333     0.444303  5.81162e-13    0.0263137     0.278678      8.38281    0.0236765     0.277115      1.68093    0.0236634     0.277484     0.528512  1.27360e-12  4.35182e-13      1.09201     0.753496  1.29832e-13  0.000174147       65502.056       0          -2           1       0
      9.19355      5.16667     0.133759  4.29757e-12     0.100635     0.101474      3.38989    0.0925830     0.105220      1.67135    0.0922844     0.109074     0.167856  6.03798e-12  2.94353e-12      7.01562      5.49920  5.84770e-15  0.000151350       46671.348       0          -3          -1       0
      9.19355      5.25000     0.120990  5.07977e-12    0.0870435    0.0956291      2.29590    0.0802452     0.100990      1.67417    0.0796656     0.109082     0.154912  6.03731e-12  3.36477e-12      5.00172      3.76750  1.02777e-14  0.000187375       63612.426       0         -39         -27       0
      9.19355      5.33333    0.0473949  2.42220e-11      1.84096    0.0289574      2.02344      1.79098    0.0298949      1.67354      1.78865    0.0439963    0.0651550  2.74200e-11  1.42511e-11    0.0383324    0.0613012  3.45000e-11      1.03497       58239.428       0          -7          43       1
      9.19355      5.41667     0.118158  5.28432e-12     0.137461    0.0874576      2.84738     0.129010    0.0908145      1.66895     0.128995    0.0917315     0.150825  8.05808e-12  3.51809e-12      2.36069      1.79886  3.59224e-14  0.000464563       63197.588       0          -2          -1       1
      9.19355      5.50000    0.0767352  1.08502e-11     0.174294    0.0642265      6.15161     0.160116    0.0648602      1.66964     0.159127    0.0715014     0.100295  1.22059e-11  6.94429e-12      4.02469      3.16303  1.47641e-14  0.000277836       53633.410       0         -43          17       0
      9.19355      5.58333     0.384767  7.38638e-13    0.0292050     0.254768      6.78125    0.0264688     0.255627      1.67561    0.0264382     0.259000     0.481940  1.42867e-12  5.07505e-13      1.26323     0.852694  1.01849e-13  0.000136928       64371.620       0          -2           1       0
      9.19355      5.66667     0.107993  6.13904e-12     0.444984    0.0604934      3.06250     0.446770    0.0629934      1.66917     0.446929    0.0373830    0.0884505  3.59726e-11  8.56239e-12     0.171802     0.345755  2.83172e-12     0.194696       45989.650       0          -2           1       1
      9.19355      5.75000     0.189480  2.40523e-12    0.0539152     0.146980      3.18750    0.0499352     0.151355      1.67308    0.0496856     0.157146     0.243023  3.28540e-12  1.58860e-12      3.36343      2.38474  1.99125e-14  0.000189012       65347.164       0          -6          45       0
      9.19355      5.83333     0.232590  1.70914e-12    0.0128125     0.210397      45.3914    0.0107563     0.137676      1.98102    0.0101681     0.240760     0.263020  1.61357e-12  1.39246e-12      4.49342      3.00214  1.22876e-14  0.000129571       60405.944       0          -6          45       0
      9.19355      5.91667     0.174588  2.75681e-12    0.0405955     0.144016      3.40997    0.0373786     0.148963      1.67261    0.0371592     0.161207     0.213901  3.14865e-12  1.96521e-12      3.17985      2.29851  2.18651e-14  0.000241802       65501.894       0          -6          45       0
      9.19355      6.00000     0.745632  2.45220e-13   0.00993541     0.494449      11.8193   0.00909127     0.474516      1.69232   0.00908580     0.473298     0.825830  5.23044e-13  2.06829e-13      1.09171     0.749117  1.29893e-13  0.000317426       65527.524       0          -2           1       0
      9.19355      6.08333     0.661209  2.99593e-13    0.0121189     0.442459      10.2344    0.0110105     0.424018      1.69081    0.0109922     0.429544     0.798594  6.14821e-13  2.18719e-13      1.45256     0.955649  8.06996e-14  0.000133957       65528.000      3.00000          -6          45       0
      9.19355      6.16667     0.117800  5.31110e-12     0.387011    0.0571834      4.09066     0.345014    0.0588454      1.67002     0.345377    0.0565739     0.128120  1.80330e-11  4.61746e-12      1.10346     0.859363  1.27595e-13  0.000576228       56526.452       0         -38         -25       1
      9.19355      6.25000      1.08429  1.31377e-13   0.00338329     0.837264      11.6660   0.00316104      1.13394      1.55754   0.00317324     0.810549      1.26425  2.13368e-13  1.01712e-13      1.85493      1.17106  5.36886e-14  9.03197e-05       65528.000      3.00000          -1           1       0
      9.19355      6.33333      1.28241  9.93236e-14   0.00322222     0.934745      16.1962   0.00300176      1.32612      1.54317   0.00301282     0.863509      1.39497  1.92007e-13  8.63282e-14      2.02036      1.26745  4.65635e-14  9.73644e-05       65528.000      2.00000          -1           1       0
      9.19355      6.41667      1.33049  9.34131e-14   0.00277926     0.987730      16.2441   0.00257483      1.38456      1.55231   0.00258915     0.947855      1.59751  1.64384e-13  6.88688e-14      2.41571      1.46974  3.45691e-14  8.64606e-05       65528.000      3.00000          -1           1       0
      9.19355      6.50000      1.07925  1.32401e-13   0.00382181     0.808006      13.0156   0.00352510      1.12297      1.54317   0.00353860     0.793013      1.24734  2.21290e-13  1.04021e-13      3.20268      1.87013  2.16060e-14  6.83368e-05       60974.862       0          -1           1       0
      9.19355      6.58333      1.39295  8.65377e-14   0.00223955      1.07669      14.0781   0.00211204      1.42704      1.57332   0.00211768      1.01744      1.67585  1.46077e-13  6.35871e-14      1.66565      1.07529  6.42378e-14  0.000149172       65528.000      5.00000          35          27       0
      9.19355      6.66667      1.16767  1.16118e-13   0.00223848     0.977392      9.18701   0.00214970      1.18352      1.59902   0.00215117     0.933106      1.34363  1.68737e-13  9.18962e-14      1.37906     0.918199  8.79947e-14  0.000182445       65528.000      1.00000          -1           1       0
      9.19355      6.75000      1.44415  8.14846e-14   0.00169873      1.18239      12.4098   0.00161605      1.46442      1.59379   0.00161819      1.12849      1.69227  1.22914e-13  6.25625e-14      1.74537      1.11023  5.94221e-14  0.000131484       65528.000      6.00000          35          27       0
      9.19355      6.83333      1.62820  6.67187e-14   0.00156141      1.30241      15.6322   0.00147132      1.65618      1.58387   0.00147366      1.23006      1.92622  1.06468e-13  5.04179e-14      2.33632      1.42394  3.65489e-14  7.78198e-05       65528.000      7.00000          -6          46       0
      9.19355      6.91667      1.05614  1.37264e-13   0.00535815     0.713401      16.2441   0.00487643      1.11422      1.50000   0.00490361     0.682852      1.17313  2.83934e-13  1.15218e-13      2.33596      1.42570  3.65583e-14  8.79256e-05       59118.224       0          -1           1       0
      9.19355      7.00000      1.24543  1.04287e-13   0.00192853      1.03762      9.62891   0.00182105      1.26297      1.60269   0.00182816      1.02922      1.44368  1.43302e-13  8.15284e-14      2.20806      1.36321  4.01554e-14  9.82307e-05       65528.000      1.00000          -1           1       0
      9.19355      7.08333      1.52667  7.42766e-14   0.00191742      1.19140      15.4767   0.00178329      1.56320      1.57154   0.00178854      1.14066      1.74968  1.20735e-13  5.91788e-14      3.54823      2.03485  1.82142e-14  5.90681e-05       65528.000      12.0000          -6          46       0
      9.19355      7.16667      1.30415  9.65791e-14   0.00210464      1.05711      11.6660   0.00199299      1.34103      1.58543   0.00199804      1.01844      1.60790  1.45839e-13  6.81288e-14      1.86372      1.17771  5.32673e-14  0.000129508       65528.000      8.00000          -6          46       0
      9.19355      7.25000      1.61018  6.79678e-14   0.00141485      1.31892      13.2656   0.00133440      1.63549      1.60480   0.00134400      1.27778      1.95280  9.99242e-14  4.92793e-14      2.77989      1.65098  2.73558e-14  7.09860e-05       65528.000      2.00000         -42          20       0
      9.19355      7.33333      1.15267  1.18647e-13   0.00260469     0.940638      10.2285   0.00247688      1.18954      1.58543   0.00248361     0.915097      1.39316  1.74308e-13  8.65153e-14      1.73362      1.10819  6.00952e-14  0.000139051       65528.000      8.00000          -6          46       0
      9.19355      7.41667      1.18173  1.13823e-13   0.00313019     0.900493      13.2656   0.00290332      1.23580      1.55231   0.00291494     0.874278      1.50130  1.88082e-13  7.63803e-14      2.22342      1.36828  3.96943e-14  9.07055e-05       65528.000      7.00000          -6          46       0
      9.19355      7.50000      1.76015  5.85932e-14   0.00169444      1.31576      20.0836   0.00157482      1.78088      1.57072   0.00158215      1.23463      2.06164  1.05811e-13  4.50202e-14      2.68545      1.60285  2.89779e-14  7.27949e-05       65528.000      10.0000          -6          46       0
      9.19355      7.58333      1.52719  7.42347e-14   0.00172101      1.23096      13.8281   0.00162097      1.55516      1.58387   0.00162306      1.16663      1.83040  1.16289e-13  5.48933e-14      2.33947      1.42829  3.64669e-14  9.24928e-05       65528.000      9.00000          -6          46       0
      9.19355      7.66667      1.51769  7.50110e-14   0.00214467      1.14832      17.5547   0.00199689      1.54464      1.56746   0.00200537      1.09832      1.82024  1.28591e-13  5.54048e-14      2.66394      1.59232  2.93689e-14  8.57067e-05       65528.000      8.00000          -6          46       0
      9.19355      7.75000      1.28194  9.93844e-14   0.00268961     0.986627      13.4727   0.00252108      1.31946      1.56744   0.00253158     0.930121      1.45938  1.69641e-13  8.00724e-14      2.34387      1.43288  3.63530e-14  0.000134558       65528.000      4.00000          35          27       0
      9.19355      7.83333      1.80159  5.63641e-14  0.000966830      1.55040      11.8193  0.000930010      1.83194      1.61581  0.000931852      1.47340      2.05911  7.88060e-14  4.51123e-14      2.20370      1.34933  4.02880e-14  8.26798e-05       65528.000      1.00000          -1           1       0
      9.19355      7.91667      1.21742  1.08317e-13   0.00290970     0.936168      13.2656   0.00270918      1.25655      1.56434   0.00272198     0.897848      1.44798  1.79925e-13  8.11259e-14      2.16552      1.34049  4.14787e-14  8.95954e-05       65528.000      1.00000          -1           1       0
      9.19355      8.00000      1.01809  1.45921e-13   0.00835740     0.577930      19.6560   0.00738135      1.09841      1.42483   0.00744037     0.550665      1.08993  4.06396e-13  1.30247e-13      1.59458      1.03305  6.90800e-14  0.000174331       65527.886       0          -1           1       0
      9.19355      8.08333      1.36037  9.00188e-14   0.00242847      1.04534      14.1741   0.00226908      1.39790      1.56744   0.00227814     0.993572      1.53540  1.51972e-13  7.35741e-14      2.24093      1.37618  3.91786e-14  8.79598e-05       60329.732       0          -1           1       0
      9.19355      8.16667      1.14392  1.20162e-13   0.00444931     0.787006      16.8047   0.00405660      1.19300      1.51757   0.00408271     0.754665      1.32254  2.40347e-13  9.43517e-14      2.44556      1.48705  3.38687e-14  8.44188e-05       65528.000      1.00000          -1           1       0
      9.19355      8.25000      1.42636  8.31851e-14   0.00234402      1.07871      16.1962   0.00217758      1.45332      1.56746   0.00218901      1.02812      1.63226  1.43556e-13  6.64426e-14      2.94998      1.74729  2.47778e-14  7.89769e-05       54915.486       0          -1           1       0
      9.19355      8.33333      1.61171  6.78605e-14   0.00252244      1.11103      22.2666   0.00230731      1.65266      1.53106   0.00231714      1.03089      1.77760  1.42914e-13  5.76376e-14      1.96164      1.21769  4.89100e-14  8.86775e-05       65528.000      9.00000          -6          46       0
      9.19355      8.41667      1.36634  8.93641e-14   0.00253042      1.03470      15.7336   0.00236383      1.40548      1.56434   0.00237474     0.976294      1.61617  1.56481e-13  6.75487e-14      1.98612      1.24542  4.79091e-14  0.000106223       65528.000      11.0000          -5          46       0
      9.19355      8.50000      1.60654  6.82247e-14   0.00177686      1.25007      16.5010   0.00166959      1.63415      1.57422   0.00167262      1.16090      1.91972  1.17248e-13  5.07030e-14      1.94065      1.21369  4.97946e-14  9.73114e-05       65528.000      12.0000          -5          46       0
      9.19355      8.58333      1.10513  1.27273e-13   0.00467646     0.757386      15.7989   0.00425897      1.16560      1.50864   0.00428221     0.726411      1.27735  2.56129e-13  9.99799e-14      1.95796      1.23013  4.90633e-14  0.000123798       65528.000      2.00000         -42          20       0
      9.19355      8.66667     0.782568  2.26234e-13    0.0122046     0.454053      14.6455    0.0108034     0.428308      1.70091    0.0107953     0.445962     0.852883  5.77563e-13  1.96011e-13      1.93403      1.21762  5.00790e-14  0.000119291       65528.000      1.00000          -1           1       0
      9.19355      8.75000     0.675025  2.89442e-13    0.0108288     0.461100      10.2385    0.0100047     0.446276      1.69371    0.0100010     0.400359     0.706438  6.91320e-13  2.68311e-13     0.773797     0.565223  2.30525e-13  0.000895215       58118.886       0          -1           1       0
      9.19355      8.83333     0.841882  2.00298e-13    0.0111467     0.488593      16.7870   0.00983924     0.905618      1.42319   0.00993174     0.473807     0.911453  5.22107e-13  1.75471e-13      2.87980      1.70588  2.57924e-14  7.32798e-05       65528.000      8.00000          -6          46       0
      9.19355      8.91667      1.18895  1.12675e-13   0.00459615     0.784596      18.3672   0.00415670      1.23593      1.50086   0.00418021     0.757153      1.39627  2.39032e-13  8.61949e-14      2.85968      1.68895  2.60955e-14  6.60066e-05       65528.000      2.00000         -42          20       0
      9.19355      9.00000     0.700296  2.72245e-13    0.0164465     0.394033      14.0781    0.0144733     0.371767      1.69949    0.0144512     0.375197     0.729260  7.70305e-13  2.54463e-13      1.91015      1.20679  5.11271e-14  0.000116786       65528.000      1.00000          -1           1       0
      9.19355      9.08333     0.593968  3.58226e-13    0.0211720     0.332191      12.4098    0.0186303     0.322708      1.68715    0.0186131     0.316846     0.637819  1.02097e-12  3.18127e-13      1.67184      1.08093  6.38417e-14  0.000188695       65528.000      2.00000         -42          20       0
      9.19355      9.16667     0.988585  1.53252e-13   0.00761361     0.602507      17.5605   0.00677105      1.05729      1.45249   0.00682385     0.578617      1.09285  3.74205e-13  1.29667e-13      2.17312      1.34450  4.12372e-14  0.000111520       65528.000      1.00000          -1           1       0
      9.19355      9.25000     0.797250  2.19334e-13   0.00867309     0.534800      12.1898   0.00785102     0.495689      1.70071   0.00783157     0.516517     0.956909  4.52155e-13  1.61800e-13      2.10965      1.31719  4.33256e-14  0.000116384       65528.000      6.00000          -5          46       0
      9.19355      9.33333     0.956664  1.61869e-13   0.00814973     0.576869      17.3957   0.00723891      1.01597      1.45530   0.00731009     0.561016      1.06848  3.93976e-13  1.34633e-13      2.67421      1.60116  2.91813e-14  8.15969e-05       65528.000      3.00000         -42          20       0
      9.19355      9.41667      1.00902  1.48113e-13   0.00750881     0.607127      18.2109   0.00666149      1.07772      1.45249   0.00672363     0.594611      1.12136  3.57581e-13  1.24219e-13      4.63346      2.57280  1.16749e-14  4.90948e-05       65528.000      2.00000         -42          20       0
      9.19355      9.50000     0.467212  5.34448e-13    0.0466504     0.214367      12.2304    0.0398201     0.207757      1.69314    0.0397830     0.211341     0.445618  2.00504e-12  5.78305e-13      2.28790      1.40147  3.78471e-14  8.18123e-05       65524.682       0          -1           1       0
      9.19355      9.58333     0.597887  3.54322e-13    0.0199540     0.341364      11.6401    0.0175672     0.330822      1.68817    0.0175477     0.336321     0.669281  9.24356e-13  2.93595e-13      2.90243      1.71916  2.54582e-14  6.55142e-05       65528.000      3.00000         -42          20       0
      9.19355      9.66667     0.328519  9.61234e-13    0.0425193     0.208035      6.73016    0.0380084     0.209600      1.67651    0.0379745     0.208350     0.391663  2.05324e-12  7.17093e-13      6.03787      3.98974  7.50971e-15  8.78292e-05       65528.000      1.00000          -1           1       0
      9.19355      9.75000     0.377576  7.62234e-13    0.0334497     0.240077      6.96875    0.0299368     0.234726      1.68396    0.0298568     0.239305     0.451316  1.62996e-12  5.66188e-13      2.00901      1.25315  4.70029e-14  0.000105513       65528.000      1.00000          -1           1       0
      9.19355      9.83333     0.304420  1.09137e-12    0.0774993     0.155659      7.64939    0.0671998     0.153787      1.68104    0.0670764     0.152556     0.312315  3.45180e-12  1.04578e-12      1.57669      1.02759  7.03914e-14  0.000155406       65351.726       0          -1           1       0
      9.19355      9.91667     0.580175  3.72533e-13    0.0197177     0.341943      10.8402    0.0174082     0.329003      1.68907    0.0173753     0.336279     0.682280  9.24549e-13  2.84332e-13      2.77706      1.66367  2.74022e-14  8.40971e-05       65528.000      1.00000          -1           1       0
      9.19355      10.0000     0.800703  2.17759e-13    0.0118801     0.468671      15.8927    0.0104972     0.445892      1.69157    0.0104811     0.453003     0.862967  5.62678e-13  1.92208e-13      2.55683      1.53935  3.14480e-14  8.32944e-05       65528.000      2.00000         -42          20       0
      9.19355      10.0833     0.605253  3.47163e-13    0.0142003     0.396562      10.2747    0.0128434     0.387754      1.68887    0.0128399     0.385666     0.710822  7.35772e-13  2.65559e-13      1.28754     0.859894  9.86652e-14  0.000310857       65528.000      2.00000         -42          20       0
      9.19355      10.1667     0.926721  1.70679e-13   0.00617590     0.635466      13.2656   0.00561804     0.984796      1.50000   0.00565128     0.617305      1.09205  3.35940e-13  1.29826e-13      1.78567      1.13366  5.72040e-14  0.000140588       65528.000      4.00000          -5          46       0
      9.19355      10.2500     0.635656  3.19933e-13    0.0125113     0.421730      10.2385    0.0112528     0.406906      1.69371    0.0112441     0.419016     0.790257  6.40784e-13  2.22578e-13      3.04828      1.79865  2.34605e-14  7.18949e-05       65528.000      6.00000          -5          46       0
      9.19355      10.3333     0.512729  4.57738e-13    0.0161221     0.350231      7.78125    0.0146356     0.350231      1.68511    0.0146437     0.355937     0.662080  8.41023e-13  2.98936e-13      2.01379      1.25969  4.68171e-14  8.35069e-05       65528.000      2.00000         -42          20       0
      9.19355      10.4167     0.495220  4.85026e-13    0.0232474     0.303252      9.33466    0.0207270     0.299703      1.67987    0.0207055     0.299759     0.573271  1.11981e-12  3.80040e-13      1.79225      1.14560  5.68544e-14  9.85471e-05       65367.250       0          -1           1       0
      9.19355      10.5000     0.613720  3.39218e-13    0.0220573     0.327459      13.1406    0.0192249     0.311164      1.69904    0.0192026     0.319694     0.634117  1.00586e-12  3.21228e-13      1.60663      1.04276  6.82185e-14  0.000156625       65453.068       0          -1           1       0
      9.19355      10.5833     0.289561  1.18631e-12    0.0559385     0.176802      6.41583    0.0497626     0.180860      1.67709    0.0497947     0.178581     0.339888  2.65483e-12  9.08246e-13      2.34074      1.43930  3.64340e-14  8.33731e-05       65336.796       0          -1           1       0
      9.19355      10.6667     0.390496  7.20668e-13    0.0246903     0.272996      6.71875    0.0224320     0.272996      1.67324    0.0223791     0.274814     0.477250  1.29429e-12  5.15846e-13      2.23881      1.38419  3.92404e-14  8.54358e-05       61884.302       0          -1           1       0
      9.19355      10.7500     0.325007  9.78605e-13    0.0530713     0.187506      6.96875    0.0467898     0.187506      1.68074    0.0467440     0.187017     0.367149  2.45826e-12  7.98655e-13      2.60685      1.56966  3.04488e-14  7.44695e-05       65230.646       0          -1           1       0
      9.19355      10.8333     0.927740  1.70367e-13   0.00899539     0.547935      17.3957   0.00796108     0.996108      1.43642   0.00803064     0.531051     0.995378  4.31720e-13  1.51513e-13      3.26049      1.89587  2.09713e-14  6.26406e-05       65528.000      9.00000          -5          46       0
      9.19355      10.9167     0.776873  2.29006e-13   0.00729307     0.558114      9.98438   0.00669603     0.541238      1.69191   0.00669458     0.550224     0.942695  4.06939e-13  1.65886e-13      1.94420      1.22173  4.96431e-14  9.97216e-05       65528.000      6.00000          -5          46       0
      9.19355      11.0000     0.852447  1.96178e-13    0.0100774     0.509705      16.2441   0.00896070     0.901016      1.44912   0.00905338     0.495268     0.950602  4.84948e-13  1.63593e-13      2.12506      1.31573  4.28033e-14  9.68821e-05       65528.000      4.00000          -5          46       0
      9.19355      11.0833     0.686755  2.81250e-13    0.0211914     0.343397      16.3245    0.0183093     0.330281      1.69492    0.0183024     0.330487     0.663679  9.51711e-13  2.97737e-13      2.09906      1.30839  4.36907e-14  8.49959e-05       65517.442       0          -1           1       0
      9.19355      11.1667     0.574659  3.78512e-13    0.0219235     0.323484      11.8193    0.0192660     0.312888      1.68847    0.0192423     0.317381     0.619464  1.01811e-12  3.33992e-13      2.42937      1.47719  3.42458e-14  7.37083e-05       65527.312       0          -1           1       0
      9.19355      11.2500     0.477066  5.16176e-13    0.0472436     0.213984      12.4443    0.0402474     0.212642      1.68806    0.0402773     0.209166     0.433498  2.03990e-12  6.05505e-13      2.12378      1.31812  4.28464e-14  8.69479e-05       65297.686       0          -1           1       0
      9.19355      11.3333     0.596380  3.55814e-13    0.0166633     0.367943      10.5742    0.0148790     0.354662      1.69123    0.0148617     0.362629     0.677805  8.15315e-13  2.87467e-13      2.00416      1.26031  4.71929e-14  0.000103837       56333.988       0          -1           1       0
      9.19355      11.4167     0.868074  1.90327e-13   0.00749627     0.586811      13.2656   0.00679709     0.926014      1.49574   0.00686028     0.568419      1.03021  3.85462e-13  1.43072e-13      2.44611      1.48610  3.38560e-14  7.09118e-05       65528.000      7.00000          -5          46       0
      9.19355      11.5000      1.12604  1.23360e-13   0.00589181     0.699401      19.1846   0.00526563      1.17706      1.47310   0.00530136     0.667824      1.23448  2.94663e-13  1.05833e-13      2.98323      1.76059  2.43193e-14  5.64710e-05       65528.000      9.00000          -5          46       0
      9.19355      11.5833     0.660470  3.00152e-13    0.0225602     0.329312      15.4453    0.0194567     0.317724      1.69062    0.0194405     0.318795     0.646073  1.01060e-12  3.11382e-13      2.87583      1.71286  2.58518e-14  6.61132e-05       65528.000      6.00000          -5          46       0
      9.19355      11.6667     0.402430  6.85401e-13    0.0318542     0.248289      7.87598    0.0284063     0.244930      1.68386    0.0283706     0.246957     0.468835  1.54666e-12  5.31368e-13      1.80735      1.14622  5.60650e-14  0.000110055       65528.000      4.00000          -5          46       0
      9.19355      11.7500     0.552504  4.04144e-13    0.0307314     0.275293      13.0385    0.0264891     0.261260      1.69465    0.0264302     0.265595     0.546631  1.37003e-12  4.11407e-13      3.25856      1.90163  2.09920e-14  5.56097e-05       65421.762       0          -1           1       0
      9.19355      11.8333     0.533833  4.27977e-13    0.0310910     0.271382      12.1898    0.0268652     0.262583      1.68715    0.0268214     0.262855     0.534342  1.39391e-12  4.27298e-13      2.19596      1.35576  4.05248e-14  9.04171e-05       65528.000      5.00000          -5          46       0
      9.19355      11.9167     0.337843  9.17424e-13    0.0707052     0.165344      8.90625    0.0608732     0.165344      1.67886    0.0608363     0.162448     0.334405  3.10866e-12  9.33198e-13      1.67734      1.08737  6.34930e-14  0.000168842       65522.398       0          -5          46       0
      9.19355      12.0000     0.426776  6.21483e-13    0.0336767     0.249718      9.04070    0.0298249     0.245992      1.67994    0.0297775     0.243382     0.496581  1.58471e-12  4.82813e-13      1.40142     0.931136  8.56669e-14  0.000167663       65458.150       0          -1           1       0
      9.19355      12.0833     0.992709  1.52192e-13   0.00778360     0.595057      18.6113   0.00690851      1.05293      1.44991   0.00696473     0.574341      1.08170  3.78860e-13  1.31903e-13      3.72575      2.12889  1.67909e-14  5.92915e-05       65477.914       0          -1           1       0
      9.19355      12.1667      1.41306  8.44946e-14   0.00514694     0.782448      26.9302   0.00451101      1.46056      1.44645   0.00454957     0.742761      1.46564  2.46801e-13  7.95029e-14      4.79797      2.68907  1.10154e-14  5.31762e-05       57806.412       0          -1           1       0
      9.19355      12.2500     0.783695  2.25693e-13    0.0200402     0.357055      19.1846    0.0170747     0.340092      1.70202    0.0170745     0.346371     0.710950  8.80088e-13  2.65479e-13      3.36616      1.94925  1.98856e-14  4.99369e-05       65442.374       0          -1           1       0
      9.19355      12.3333      1.19365  1.11935e-13   0.00663743     0.670531      23.8516   0.00582624      1.26794      1.43842   0.00588787     0.641009      1.21703  3.15493e-13  1.08374e-13      4.00969      2.27789  1.48563e-14  5.42642e-05       65488.954       0          -1           1       0
      9.19355      12.4167     0.526087  4.38530e-13    0.0248661     0.297647      10.5742    0.0218713     0.292022      1.69164    0.0218747     0.292460     0.578843  1.16677e-12  3.73962e-13      1.72103      1.10555  6.08293e-14  0.000124286       64980.334       0          -1           1       0
      9.19355      12.5000     0.432144  6.08669e-13    0.0417717     0.222644      9.54469    0.0361988     0.218023      1.69452    0.0361892     0.220441     0.444318  1.86900e-12  5.81129e-13      3.79450      2.17550  1.62869e-14  6.34697e-05       65035.224       0          -5          46       0
      9.19355      12.5833     0.817123  2.10515e-13    0.0157193     0.412744      18.6172    0.0135747     0.383730      1.70419    0.0135517     0.396497     0.794364  7.02579e-13  2.20663e-13      3.00525      1.76452  2.40230e-14  6.09054e-05       65519.850       0          -5          46       0
      9.19355      12.6667     0.698926  2.73135e-13    0.0208165     0.344920      16.5107    0.0179305     0.331840      1.69510    0.0179246     0.335109     0.671079  9.29935e-13  2.92285e-13      2.66385      1.59654  2.93706e-14  7.77828e-05       61482.384       0          -1           1       0
      9.19355      12.7500     0.937902  1.67301e-13   0.00881492     0.558477      17.6414   0.00783965      1.00625      1.43642   0.00789189     0.523797      1.00345  4.41730e-13  1.49487e-13      1.58400      1.02751  6.98507e-14  0.000146949       65528.000      6.00000          -5          46       0
      9.19355      12.8333      1.12786  1.23028e-13   0.00653444     0.663959      21.0645   0.00579283      1.19240      1.45502   0.00584615     0.635390      1.22550  3.20156e-13  1.07129e-13      2.34001      1.42688  3.64529e-14  0.000110046       65528.000      10.0000          -5          46       0
      9.19355      12.9167     0.444516  5.80697e-13    0.0511095     0.202227      11.3631    0.0435376     0.197485      1.68854    0.0434970     0.198305     0.424097  2.22949e-12  6.28040e-13      2.29371      1.40871  3.76876e-14  9.50745e-05       65528.000      3.00000          -5          46       0
      9.19355      13.0000     0.584590  3.67855e-13    0.0234119     0.313340      13.0156    0.0203992     0.303340      1.69215    0.0203870     0.307403     0.611370  1.07378e-12  3.41393e-13      3.01661      1.77598  2.38724e-14  6.49252e-05       65528.000      4.00000          -5          46       0
      9.19355      13.0833     0.588807  3.63475e-13    0.0234497     0.317562      13.0156    0.0204312     0.302562      1.69340    0.0203925     0.307235     0.614980  1.07476e-12  3.38060e-13      2.82065      1.67547  2.67001e-14  7.19332e-05       65528.000      6.00000          -5          46       0
      9.19355      13.1667      1.09838  1.28580e-13   0.00565718     0.700709      18.6113   0.00508523      1.14048      1.49103   0.00512528     0.669466      1.25797  2.93459e-13  1.02561e-13      2.08956      1.30074  4.40220e-14  0.000125191       65528.000      6.00000          -5          46       0
      9.19355      13.2500      1.18336  1.13562e-13   0.00530794     0.736298      20.6392   0.00477588      1.23164      1.48201   0.00480679     0.689094      1.26405  2.79661e-13  1.01739e-13      1.51966     0.988999  7.48489e-14  0.000145047       65528.000      3.00000          -5          46       0
      9.19355      13.3333     0.725290  2.56789e-13    0.0135101     0.426769      13.5205    0.0119416     0.402941      1.69835    0.0119250     0.415674     0.790902  6.49393e-13  2.22275e-13      3.20675      1.88363  2.15603e-14  7.28662e-05       58648.006       0          -1           1       0
      9.19355      13.4167      1.03627  1.41679e-13   0.00790195     0.593834      19.6670   0.00696206      1.11329      1.42952   0.00701834     0.569481      1.08629  3.84265e-13  1.30974e-13      2.32033      1.41893  3.69697e-14  8.90596e-05       63048.942       0         -41          20       0
      9.19355      13.5000     0.697383  2.74143e-13    0.0186947     0.365718      15.7336    0.0162270     0.343115      1.70091    0.0161997     0.354618     0.696229  8.46243e-13  2.74900e-13      4.84137      2.68752  1.08513e-14  5.27911e-05       65462.576       0         -41          20       0
      9.19355      13.5833      1.01250  1.47266e-13   0.00991613     0.531884      21.0703   0.00861884      1.09013      1.40215   0.00873010     0.514080      1.01110  4.55734e-13  1.47606e-13      4.08513      2.31410  1.44019e-14  5.25769e-05       65528.000      1.00000         -41          20       0
      9.19355      13.6667     0.838918  2.01479e-13   0.00888637     0.532663      13.8281   0.00795384     0.895316      1.46851   0.00803180     0.520267     0.922037  4.46737e-13  1.72127e-13      3.95159      2.23956  1.52221e-14  6.88357e-05       65524.098       0         -41          20       0
      9.19355      13.7500     0.978861  1.55798e-13   0.00642739     0.646852      15.8927   0.00579795      1.02720      1.48854   0.00583251     0.619372      1.07379  3.34074e-13  1.33526e-13      2.98855      1.76691  2.42472e-14  6.92259e-05       52662.208       0         -41          20       0
      9.19355      13.8333     0.703043  2.70474e-13    0.0170961     0.376794      15.2031    0.0148962     0.364750      1.69129    0.0148913     0.369407     0.725197  7.90532e-13  2.56844e-13      4.26398      2.39299  1.34092e-14  5.20724e-05       63601.216       0         -41          20       0
      9.19355      13.9167     0.522437  4.43649e-13    0.0366377     0.245276      12.8287    0.0313328     0.239544      1.68953    0.0313175     0.240672     0.494891  1.61456e-12  4.85563e-13      7.79150      4.63902  4.90976e-15  5.63791e-05       65504.174       0         -41          20       0
      9.19355      14.0000     0.559261  3.96039e-13    0.0316101     0.270992      13.4941    0.0271409     0.259742      1.69073    0.0270924     0.261915     0.531775  1.40226e-12  4.30741e-13      2.69432      1.62631  2.88191e-14  9.42874e-05       46744.458       0         -41          20       0
      9.19355      14.0833     0.590800  3.61433e-13    0.0179880     0.352050      11.3594    0.0159496     0.345757      1.69201    0.0159589     0.348949     0.662959  8.69277e-13  2.98275e-13      2.17278      1.34353  4.12479e-14  8.19550e-05       62775.930       0         -41          20       0
      9.19355      14.1667      1.28104  9.95003e-14   0.00395071     0.854380      19.1846   0.00357903      1.33419      1.51082   0.00360375     0.816204      1.45051  2.10910e-13  8.08898e-14      3.12502      1.82939  2.25082e-14  4.90491e-05       65528.000      1.00000         -41          20       0
      9.19355      14.2500     0.790273  2.22570e-13    0.0136974     0.433342      16.8047    0.0119979     0.409284      1.69766    0.0119852     0.417206     0.811163  6.45423e-13  2.13099e-13      1.71194      1.09936  6.13686e-14  0.000149218       65528.000      3.00000          -5          46       0
      9.19355      14.3333     0.210571  2.01727e-12     0.299785    0.0723975      7.38049     0.247867    0.0723975      1.67696     0.247454    0.0708033     0.151451  1.24072e-11  3.49390e-12      5.65006      4.21858  8.38830e-15  0.000148652       64116.270       0         -41          20       0
      9.19355      14.4167     0.679624  2.86186e-13    0.0264598     0.305639      17.5537    0.0224919     0.289783      1.70179    0.0224731     0.293735     0.620109  1.15834e-12  3.33413e-13      3.06941      1.80103  2.31919e-14  5.54251e-05       65528.000      3.00000          -5          46       0
      9.19355      14.5000     0.752741  2.41372e-13    0.0111082     0.481490      13.0156   0.00994714     0.460552      1.69157   0.00993171     0.463044     0.880643  5.42490e-13  1.85821e-13      3.14568      1.84359  2.22624e-14  5.93172e-05       65528.000      9.00000          -5          46       0
      9.19355      14.5833     0.261444  1.40648e-12     0.449004    0.0889438      8.90625     0.430559    0.0859750      1.68263     0.429833    0.0739616     0.182030  1.15368e-11  2.57152e-12     0.143944     0.375818  3.80284e-12     0.372813       64478.976       0         -41          20       1
      9.19355      14.6667     0.832591  2.04037e-13   0.00695592     0.585555      11.6660   0.00634115     0.881403      1.50571   0.00637721     0.578995     0.961248  3.73799e-13  1.60584e-13      3.04524      1.78569  2.34996e-14  6.66856e-05       65528.000      11.0000          -5          46       0
      9.19355      14.7500     0.512809  4.57617e-13    0.0507069     0.209055      14.0156    0.0425956     0.201555      1.69528    0.0425497     0.201905     0.426250  2.16363e-12  6.22760e-13      3.16593      1.85762  2.20256e-14  7.22764e-05       65402.362       0         -41          20       0
      9.19355      14.8333     0.418354  6.42474e-13    0.0517415     0.199151      9.88354    0.0443496     0.191522      1.69840    0.0442880     0.195443     0.410584  2.28417e-12  6.62866e-13      2.36540      1.44543  3.58032e-14  8.16559e-05       65434.352       0         -41          20       0
      9.19355      14.9167     0.223997  1.81981e-12     0.188827    0.0946215      6.55469     0.198841    0.0963219      1.67749     0.198855    0.0646983     0.147483  1.44192e-11  3.65195e-12      1.49591     0.979641  7.68399e-14  0.000240285       60551.854       0         -41          20       1
      9.19355      15.0000     0.300797  1.11337e-12     0.175923    0.0977435      10.3887     0.149148    0.0979089      1.68099     0.149227    0.0941856     0.204127  7.71120e-12  2.12453e-12      2.53136      1.53633  3.19771e-14  0.000104655       64567.840       0         -41          20       1
      9.19355      15.0833     0.468654  5.31711e-13    0.0366859     0.243733      10.3975    0.0318465     0.235217      1.68953    0.0317873     0.236821     0.479354  1.65855e-12  5.12077e-13      2.04776      1.27891  4.55301e-14  9.04867e-05       65525.196       0         -41          20       0
      9.19355      15.1667     0.503457  4.71873e-13    0.0382208     0.241555      12.3092    0.0328176     0.235130      1.69029    0.0327927     0.233414     0.489289  1.69910e-12  4.94864e-13      1.91681      1.21120  5.08313e-14  9.05900e-05       65528.000      4.00000          -5          46       0
      9.19355      15.2500     0.531888  4.30588e-13    0.0429852     0.230638      13.9531    0.0363772     0.219388      1.69872    0.0363122     0.221447     0.467186  1.85487e-12  5.34498e-13      3.56920      2.04613  1.80362e-14  5.41432e-05       65448.214       0         -41          20       0
      9.19355      15.3333     0.499467  4.78172e-13    0.0316871     0.265405      10.7070    0.0275948     0.255685      1.68988    0.0275432     0.257798     0.519142  1.43978e-12  4.48351e-13      2.02230      1.26520  4.64893e-14  8.61539e-05       64770.272       0         -41          20       0
      9.19355      15.4167     0.520254  4.46755e-13    0.0340359     0.257801      12.1898    0.0293284     0.249002      1.68715    0.0292773     0.250912     0.525538  1.50623e-12  4.39294e-13      2.70600      1.61933  2.86120e-14  8.62409e-05       65528.000      2.00000          -5          46       0
      9.19355      15.5000     0.679261  2.86440e-13    0.0232528     0.323722      16.1990    0.0199252     0.313728      1.69458    0.0199277     0.312809     0.636937  1.04303e-12  3.18861e-13      3.32023      1.92892  2.03461e-14  6.11737e-05       63498.542       0         -41          20       0
      9.19355      15.5833     0.550974  4.06017e-13    0.0284057     0.287007      12.6162    0.0246626     0.273817      1.69198    0.0246097     0.276205     0.565154  1.28344e-12  3.89180e-13      1.75324      1.12240  5.89784e-14  9.45047e-05       65518.836       0         -41          20       0
      9.19355      15.6667     0.649935  3.08304e-13    0.0334916     0.265930      17.9305    0.0281365     0.251992      1.70201    0.0281076     0.258779     0.547980  1.43069e-12  4.09721e-13      8.29345      4.79112  4.42456e-15  5.16801e-05       65411.760       0         -41          20       0
      9.19355      15.7500     0.940705  1.66472e-13    0.0130336     0.460075      21.0703    0.0111975      1.04481      1.35366    0.0113461     0.442223     0.897034  5.85725e-13  1.80197e-13      5.02401      2.77156  1.02018e-14  4.30501e-05       65527.812       0         -41          20       0
      9.19355      15.8333      1.70188  6.19745e-14   0.00289180      1.06085      28.5343   0.00258823      1.75338      1.49904   0.00260621     0.995647      1.75593  1.51444e-13  5.88282e-14      3.33643      1.93392  2.01818e-14  5.74931e-05       65528.000      1.00000         -41          20       0
      9.19355      15.9167     0.753631  2.40897e-13    0.0202343     0.356513      17.8842    0.0173033     0.334586      1.69853    0.0172711     0.341822     0.699158  8.99695e-13  2.72984e-13      4.40830      2.46940  1.26856e-14  4.98249e-05       65520.256       0         -41          20       0
      9.19355      16.0000      1.07499  1.33277e-13   0.00747223     0.624637      20.3833   0.00660607      1.14766      1.44153   0.00666817     0.592703      1.12664  3.59501e-13  1.23251e-13      2.89574      1.71840  2.55562e-14  5.84764e-05       65527.736       0         -41          20       0
      9.19355      16.0833     0.755365  2.39976e-13    0.0247346     0.317215      19.1459    0.0208584     0.300773      1.70891    0.0208647     0.307993     0.646452  1.07036e-12  3.11077e-13      7.70786      4.39870  4.99888e-15  4.91135e-05       65528.000      1.00000         -41          20       0
      9.19355      16.1667      1.10716  1.26885e-13   0.00777368     0.608262      22.5020   0.00680965      1.17984      1.42627   0.00688297     0.580034      1.12604  3.72684e-13  1.23359e-13      2.17414      1.33974  4.12051e-14  0.000102688       65528.000      1.00000         -41          20       0
      9.19355      16.2500    0.0472587  2.43385e-11      1.24439    0.0360087      2.03125      1.22806    0.0372587      1.67167      1.22500    0.0406550    0.0584925  3.12780e-11  1.70580e-11    0.0737737     0.107612  1.15858e-11     0.942137       61348.218       0           0           1       1
      9.19355      16.3333    0.0384289  3.43557e-11      1.59069    0.0293664      1.41406      1.58590    0.0321789      1.66823      1.58949    0.0281467    0.0533703  5.77275e-11  1.98730e-11    0.0349133    0.0501476  4.03130e-11      1.56510       55293.886       0         -37         -25       1
      9.19355      16.4167    0.0561437  1.82639e-11     0.296339    0.0472507      9.15814     0.274194    0.0480187      1.67370     0.274140    0.0508550    0.0696027  2.15381e-11  1.27659e-11     0.575038     0.500868  3.78096e-13   0.00256904       55740.776       0          -1           1       1
      9.19355      16.5000    0.0333998  4.34033e-11      1.48503    0.0249623      2.02344      1.44038    0.0258998      1.67104      1.43493    0.0329441    0.0479024  4.44085e-11  2.37958e-11    0.0520106     0.158223  2.07464e-11      1.22811       54072.346       0          -5          45       1
      9.19355      16.5833    0.0387935  3.38192e-11      2.38721    0.0251216      2.29688      2.34501    0.0262935      1.66979      2.34267    0.0261537    0.0512239  6.52440e-11  2.12802e-11    0.0301998    0.0521529  5.13361e-11      1.85988       45919.592       0          -1           1       1
      9.19355      16.6667    0.0246461  7.20305e-11      2.98771   0.00676519    0.0393859      2.94486    0.0196461      1.66542      3.02566    0.0331388    0.0343023  4.39745e-11  4.15167e-11   0.00858234    0.0131093  4.17913e-10      2.27233       41835.978       0         -37         -25       1
      9.19355      16.7500    0.0469391  2.46153e-11      1.62924    0.0171244    0.0550758      1.61138    0.0419391      1.66792      1.63558    0.0349800    0.0679720  4.01848e-11  1.32804e-11    0.0413141    0.0556891  3.04508e-11      1.14032       54977.818       0          -1           1       1
      9.19355      16.8333    0.0294302  5.35928e-11      1.89914      0.00000      0.00000          NaN    0.0269302      1.66979      1.91053    0.0293965    0.0429111  5.36954e-11  2.85855e-11    0.0298233    0.0372147  5.24206e-11      1.38821       41622.892       0          -1           1       1
      9.19355      16.9167    0.0253859  6.85658e-11      3.34136    0.0189797      1.42188      3.34976    0.0203859      1.66542      3.36989    0.0238139    0.0431348  7.62741e-11  2.83389e-11   0.00850057    0.0128250  4.24635e-10      2.21770       40399.234       0          -1           1       1
      9.19355      17.0000    0.0326406  4.50987e-11     0.480365    0.0161255    0.0703111     0.431874    0.0628630      1.07001     0.432450    0.0333621    0.0505233  4.34851e-11  2.17743e-11    0.0485715    0.0541290  2.32519e-11     0.277775       37260.686       0          -1           1       1
      9.19355      17.0833    0.0330742  4.41178e-11     0.297051    0.0189856     0.108362     0.258480    0.0533088      1.16072     0.260657    0.0409471    0.0531385  3.09070e-11  2.00177e-11     0.960652     0.896722  1.60750e-13   0.00873642       47988.276       0          -5          45       1
      9.19355      17.1667    0.0320183  4.65693e-11     0.689167    0.0279558      1.08594     0.684488    0.0533881      1.09197     0.665937    0.0348982    0.0501663  4.03420e-11  2.20331e-11    0.0318669    0.0386809  4.69385e-11     0.645320       42359.756       0          -1           0       1
      9.19355      17.2500    0.0485596  2.32614e-11     0.472148    0.0369959     0.745514     0.467856    0.0435596      1.66542     0.471730    0.0445196    0.0633705  2.68850e-11  1.49262e-11    0.0513722    0.0612159  2.11779e-11     0.220784       43409.820       0          -1           1       1
      9.19355      17.3333    0.0581953  1.72035e-11      1.11923    0.0417891      1.67188      1.11485    0.0456953      1.66479      1.11629    0.0454097    0.0809119  2.60124e-11  9.93287e-12    0.0506953    0.0731953  2.16512e-11     0.831005       59484.554       0          -1           1       1
      9.19355      17.4167     0.750289  2.42688e-13    0.0205036     0.358901      17.9961    0.0176213     0.335913      1.70271    0.0175932     0.341526     0.689197  9.00996e-13  2.79591e-13      2.82347      1.67703  2.66557e-14  7.43606e-05       61073.518       0          -1           1       0
      9.19355      17.5000     0.534200  4.27486e-13    0.0300923     0.273901      12.1998    0.0261506     0.267473      1.69091    0.0261447     0.267334     0.546216  1.35521e-12  4.11928e-13      1.64745      1.06149  6.54249e-14  0.000119882       65528.000      1.00000          -1           1       0
      9.19355      17.5833     0.578049  3.74819e-13    0.0246913     0.306803      13.0156    0.0215664     0.296803      1.69215    0.0215529     0.295400     0.610876  1.14748e-12  3.41854e-13      2.23558      1.38318  3.93348e-14  0.000119448       65528.000      6.00000          -5          46       0
      9.19355      17.6667     0.399101  6.94957e-13    0.0400138     0.225434      8.75851    0.0353736     0.221697      1.68568    0.0353388     0.214141     0.410837  1.96154e-12  6.62187e-13      1.19979     0.822471  1.10982e-13  0.000377585       63315.106       0          -1           1       0
      9.19355      17.7500     0.403188  6.83255e-13    0.0600618     0.183987      9.88354    0.0514218     0.179730      1.69361    0.0513869     0.177571     0.384955  2.68004e-12  7.38038e-13      1.58502      1.03952  6.97760e-14  0.000213886       61802.418       0          -1           1       0
      9.19355      17.8333     0.189473  2.40539e-12     0.602020    0.0944728      5.31250     0.604454    0.0894727      1.67980     0.606019    0.0461949     0.268409  2.52797e-11  1.34617e-12     0.128223     0.247285  4.61127e-12     0.492310       61211.936       0         -41          20       1
      9.19355      17.9167     0.183901  2.52808e-12     0.280398    0.0735063      6.30705     0.238884    0.0737000      1.67540     0.238705    0.0725453     0.155808  1.19146e-11  3.33255e-12     0.689643     0.510751  2.79290e-13  0.000605667       62159.092       0           0           1       1
      9.19355      18.0000     0.214784  1.95175e-12     0.208266    0.0854090      6.55469     0.175317    0.0883923      1.67944     0.175456    0.0869457     0.184848  8.81079e-12  2.50652e-12      1.78664      1.14886  5.71523e-14  0.000153259       50955.250       0         -41          20       0
      9.19355      18.0833     0.218269  1.90010e-12     0.176222    0.0962355      6.94559     0.150048    0.0963747      1.67815     0.149860    0.0956378     0.206234  7.51703e-12  2.08847e-12      1.67944      1.08848  6.33610e-14  0.000162866       64976.860       0           0           1       0
      9.19355      18.1667     0.345263  8.84802e-13    0.0693676     0.168539      8.69000    0.0597802     0.166750      1.68665    0.0597346     0.164930     0.350069  3.03106e-12  8.64650e-13      4.47201      2.95908  1.23858e-14  0.000116962       60843.632       0          -1           1       0
      9.19355      18.2500     0.322832  9.89620e-13     0.102413     0.137910      9.36621    0.0866687     0.138076      1.67800    0.0866132     0.133540     0.289070  4.30932e-12  1.18967e-12      2.39372      1.46952  3.51000e-14  0.000103417       49297.482       0          -1           1       0
      9.19355      18.3333     0.719092  2.60489e-13    0.0193555     0.359856      16.5791    0.0167586     0.349711      1.69083    0.0167591     0.350065     0.704254  8.64665e-13  2.69700e-13      2.11726      1.32098  4.30663e-14  0.000122616       65440.556       0          -1           1       0
      9.19355      18.4167     0.687541  2.80715e-13    0.0265482     0.303537      17.9305    0.0226007     0.291384      1.70090    0.0226041     0.295061     0.620873  1.14968e-12  3.32729e-13      2.77055      1.65363  2.75096e-14  7.39330e-05       65523.472       0           0           1       0
      9.19355      18.5000     0.995134  1.51574e-13   0.00796745     0.590762      18.8672   0.00708187      1.06376      1.44827   0.00714893     0.564201      1.06285  3.90276e-13  1.35823e-13      2.42057      1.47072  3.44534e-14  8.78706e-05       65528.000      9.00000          -5          46       0
      9.19355      18.5833     0.589263  3.63006e-13    0.0215090     0.331551      11.8869    0.0189100     0.319998      1.69062    0.0188876     0.322491     0.629310  9.91365e-13  3.25328e-13      2.61752      1.58029  3.02422e-14  8.77570e-05       61608.716       0          -1           1       0
      9.19355      18.6667     0.511469  4.59617e-13    0.0391214     0.240211      13.0156    0.0335406     0.232825      1.69318    0.0335172     0.233494     0.480191  1.69813e-12  5.10590e-13      2.34951      1.44945  3.62076e-14  0.000116653       41745.528       0          -1           1       0
      9.19355      18.7500     0.577708  3.75188e-13    0.0166466     0.366718      10.2856    0.0149394     0.356461      1.69246    0.0149339     0.362314     0.691524  8.16495e-13  2.78025e-13      1.75751      1.12946  5.87400e-14  0.000151881       65327.640       0          -1           1       0
      9.19355      18.8333     0.568123  3.85797e-13    0.0208600     0.330575      11.0602    0.0184539     0.321092      1.68854    0.0184363     0.325769     0.628828  9.74794e-13  3.25743e-13      2.59169      1.56464  3.07461e-14  7.90483e-05       60137.582       0          -1           1       0
      9.19355      18.9167     0.343835  8.90935e-13    0.0626408     0.175863      8.45898    0.0543485     0.176020      1.68304    0.0543427     0.173562     0.358737  2.78401e-12  8.30110e-13      1.92135      1.21588  5.06311e-14  0.000134529       65439.608       0           0           1       0
      9.19355      19.0000     0.379147  7.56978e-13    0.0570963     0.187181      9.33466    0.0492936     0.184835      1.68310    0.0492462     0.185333     0.390168  2.49559e-12  7.21677e-13      2.62635      1.57796  3.00729e-14  8.40813e-05       65528.000      1.00000          36          27       0
      9.19355      19.0833     0.405732  6.76130e-13    0.0297960     0.256860      7.85358    0.0267154     0.254437      1.68088    0.0266829     0.255410     0.481967  1.46229e-12  5.07458e-13      1.75825      1.12550  5.86987e-14  0.000150168       65527.912       0          36          27       0
      9.19355      19.1667     0.596993  3.55206e-13    0.0136163     0.401476      9.95667    0.0123225     0.398517      1.68544    0.0123315     0.398711     0.706901  6.96089e-13  2.68019e-13      2.36053      1.43773  3.59263e-14  9.16870e-05       64557.902       0          -1           1       0
      9.19355      19.2500     0.516667  4.51937e-13    0.0286646     0.279118      11.0602    0.0250804     0.272558      1.69167    0.0250735     0.274314     0.553630  1.29822e-12  4.02776e-13      2.68554      1.61465  2.89762e-14  8.03616e-05       62311.512       0          -1           1       0
      9.19355      19.3333    0.0716740  1.21570e-11     0.425245    0.0435992     0.665656     0.416505    0.0510491      1.66183     0.424223    0.0418806    0.0847376  2.97674e-11  9.19677e-12      2.31245      1.82872  3.71800e-14  0.000417667       57907.272       0         -41          20       1
      9.19355      19.4167     0.687555  2.80705e-13    0.0160892     0.392249      13.4727    0.0142933     0.371312      1.69903    0.0142798     0.359726     0.713788  8.26310e-13  2.63722e-13      1.34568     0.903301  9.16630e-14  0.000342373       63524.582       0          -1           1       0
      9.19355      19.5000     0.674905  2.89529e-13    0.0182209     0.358656      14.0781    0.0159356     0.339827      1.70789    0.0159330     0.356283     0.710200  8.39659e-13  2.65947e-13      2.04416      1.26380  4.56638e-14  0.000108600       64944.996       0          -1           1       0
      9.19355      19.5833      1.02093  1.45244e-13   0.00985512     0.540307      21.0703   0.00859131      1.09855      1.40215   0.00869052     0.514985      1.03119  4.54400e-13  1.42844e-13      3.40020      1.96383  1.95549e-14  5.50478e-05       65528.000      5.00000          -5          46       0
      9.19355      19.6667     0.876437  1.87310e-13   0.00975123     0.521650      16.7512   0.00866336     0.950747      1.43842   0.00875200     0.500408     0.977752  4.76674e-13  1.56092e-13      1.87012      1.17932  5.29638e-14  0.000112277       65528.000      10.0000          -5          46       0
      9.19355      19.7500     0.960045  1.60920e-13    0.0130406     0.461114      22.5020    0.0112179      1.06787      1.34791    0.0113598     0.443453     0.897985  5.83019e-13  1.79879e-13      3.44292      1.99095  1.91521e-14  6.43789e-05       65528.000      1.00000         -41          20       0
      9.19355      19.8333      1.05196  1.38176e-13   0.00774535     0.609714      19.1571   0.00685939      1.11406      1.44154   0.00691687     0.575547      1.08654  3.77538e-13  1.30923e-13      1.97429      1.23444  4.83888e-14  9.93351e-05       65342.802       0         -41          20       0
      9.19355      19.9167     0.853998  1.95585e-13    0.0124742     0.464159      17.4824    0.0109318     0.934845      1.39380    0.0110492     0.439381     0.875902  5.92051e-13  1.87501e-13      2.41212      1.47422  3.46549e-14  0.000115666       60684.434       0         -41          20       0
      9.19355      20.0000     0.765416  2.34747e-13    0.0102052     0.489771      12.7444   0.00920866     0.466978      1.69766   0.00920508     0.471338     0.853979  5.26675e-13  1.95592e-13      1.27137     0.857403  1.00765e-13  0.000228209       54453.552       0         -41          20       0
      9.19355      20.0833     0.846998  1.98286e-13    0.0106383     0.496723      15.9885   0.00943001     0.923732      1.42139   0.00950499     0.477365     0.905261  5.15638e-13  1.77476e-13      2.07069      1.29176  4.46927e-14  0.000100864       65528.000      8.00000          -5          46       0
      9.19355      20.1667     0.812226  2.12635e-13    0.0147233     0.422399      17.4824    0.0128158     0.397869      1.70271    0.0128074     0.407047     0.800390  6.72494e-13  2.17901e-13      2.50232      1.51181  3.25980e-14  7.93752e-05       65528.000      3.00000          -5          46       0
      9.19355      20.2500     0.894197  1.81151e-13    0.0111813     0.489827      18.8672   0.00979463     0.975087      1.40033   0.00989254     0.467298     0.911470  5.34285e-13  1.75465e-13      1.77544      1.13443  5.77544e-14  0.000123474       64916.256       0         -41          20       0
      9.19355      20.3333     0.783444  2.25813e-13    0.0156400     0.408248      17.1067    0.0135794     0.387899      1.69635    0.0135669     0.390473     0.792987  7.20738e-13  2.21302e-13      1.69409      1.08867  6.24502e-14  0.000142047       65528.000      6.00000          -5          46       0
      9.19355      20.4167     0.802117  2.17120e-13    0.0108698     0.481180      14.7305   0.00968990     0.466809      1.69244   0.00969325     0.461932     0.910076  5.44669e-13  1.75914e-13      1.22507     0.827205  1.07191e-13  0.000232021       65528.000      8.00000          -5          46       0
      9.19355      20.5000     0.693392  2.76778e-13    0.0123658     0.439269      12.0417    0.0111706     0.428312      1.69163    0.0111737     0.420546     0.793762  6.36902e-13  2.20942e-13      1.06725     0.739697  1.34892e-13  0.000281860       65528.000      5.00000          -5          46       0
      9.19355      20.5833     0.570630  3.82976e-13    0.0262671     0.299381      13.0156    0.0228681     0.284381      1.69340    0.0228232     0.287036     0.596118  1.20374e-12  3.56075e-13      1.49313     0.980280  7.70780e-14  0.000163855       59319.356       0         -41          20       0
      9.19355      20.6667      1.36392  8.96287e-14   0.00380731     0.883300      21.0703   0.00344962      1.41090      1.50086   0.00346581     0.821943      1.45722  2.08462e-13  8.02698e-14      1.63451      1.05132  6.62905e-14  0.000153532       62995.998       0         -41          20       0
      9.19355      20.7500     0.902336  1.78436e-13    0.0100233     0.522911      17.6414   0.00885544     0.966040      1.42319   0.00891953     0.495301     0.950001  4.84894e-13  1.63766e-13      1.81227      1.15294  5.58117e-14  0.000127036       62925.826       0           0           1       0
      9.19355      20.8333     0.901321  1.78771e-13    0.0117613     0.474697      19.1846    0.0102543     0.984576      1.38813    0.0103663     0.457220     0.929866  5.54057e-13  1.69718e-13      1.72672      1.10452  6.04959e-14  0.000118952       65498.858       0           0           1       0
      9.19355      20.9167     0.645813  3.11591e-13    0.0122033     0.429876      10.1680    0.0111418     0.417063      1.69371    0.0111410     0.408665     0.716173  6.68063e-13  2.62260e-13     0.743747     0.542047  2.46256e-13  0.000464089       59135.452       0           0           1       0
      9.19355      21.0000     0.906458  1.77085e-13   0.00780661     0.574792      15.7336   0.00702087     0.961374      1.47441   0.00708047     0.552416      1.02307  4.04252e-13  1.44740e-13      1.66466      1.07531  6.43011e-14  0.000136006       65528.000      7.00000          -5          46       0
      9.19355      21.0833     0.766388  2.34251e-13    0.0159844     0.402620      16.9027    0.0139193     0.376543      1.70179    0.0138997     0.383574     0.763863  7.42474e-13  2.35543e-13      1.45844     0.959963  8.01580e-14  0.000183048       65528.000      5.00000          -5          46       0
      9.19355      21.1667     0.743522  2.46380e-13    0.0151821     0.405307      16.3518    0.0132778     0.388712      1.69157    0.0132673     0.394346     0.814156  7.08979e-13  2.11795e-13      1.84231      1.16828  5.43032e-14  0.000117020       65528.000      6.00000          -5          46       0
      9.19355      21.2500     0.871101  1.89226e-13   0.00851515     0.553965      13.6752   0.00763440     0.923197      1.46341   0.00768072     0.532615      1.02786  4.29609e-13  1.43618e-13      2.01575      1.26130  4.67414e-14  0.000119063       65528.000      11.0000          -5          46       0
      9.19355      21.3333     0.899540  1.79361e-13    0.0137236     0.444065      20.4830    0.0118442      1.00368      1.35366    0.0119941     0.427000     0.842492  6.20939e-13  2.00057e-13      2.31770      1.42031  3.70396e-14  9.06607e-05       65528.000      2.00000         -41          20       0
      9.19355      21.4167     0.850499  1.96927e-13   0.00989560     0.518498      15.8927   0.00886025     0.923207      1.44153   0.00892917     0.488462     0.903936  4.96261e-13  1.77910e-13      1.32292     0.884445  9.43058e-14  0.000198614       65528.000      3.00000          -5          46       0
      9.19355      21.5000     0.995847  1.51394e-13   0.00891240     0.553856      19.7029   0.00783470      1.06853      1.42627   0.00792435     0.535797      1.07047  4.25365e-13  1.34215e-13      2.24531      1.38090  3.90513e-14  9.38840e-05       65528.000      1.00000         -41          20       0
      9.19355      21.5833     0.650261  3.08046e-13    0.0151328     0.393738      11.6401    0.0134602     0.379012      1.68715    0.0134398     0.383181     0.735154  7.43742e-13  2.51072e-13      1.58004      1.02872  7.01426e-14  0.000179199       64536.716       0           0           1       0
      9.19355      21.6667     0.874092  1.88149e-13    0.0102062     0.516078      17.0146   0.00905581     0.952683      1.43014   0.00914547     0.486197     0.914264  5.00122e-13  1.74573e-13      1.71854      1.10183  6.09768e-14  0.000135995       60862.062       0           0           1       0
      9.19355      21.7500     0.877715  1.86856e-13    0.0101725     0.514222      17.3159   0.00900203     0.954439      1.42139   0.00907051     0.492081     0.971838  4.90194e-13  1.57679e-13      2.15801      1.33664  4.17196e-14  9.44630e-05       60221.498       0           0           1       0
      9.19355      21.8333     0.917850  1.73437e-13   0.00838073     0.563063      16.7512   0.00748414     0.991270      1.45031   0.00754444     0.545628      1.03351  4.12669e-13  1.42310e-13      2.29370      1.41182  3.76878e-14  8.91233e-05       64757.926       0           0           1       0
      9.19355      21.9167     0.895867  1.80588e-13    0.0103222     0.506040      17.4824   0.00910399     0.967181      1.42022   0.00919127     0.476079     0.948932  5.17962e-13  1.64073e-13      1.29435     0.868565  9.78014e-14  0.000232405       42037.006       0         -41          20       0
      9.19355      22.0000     0.960326  1.60841e-13   0.00487663     0.709163      11.8193   0.00453245     0.987506      1.54305   0.00455052     0.674013      1.13731  2.90167e-13  1.21329e-13      1.47476     0.971516  7.86856e-14  0.000184267       44396.886       0           0           1       0
      9.19355      22.0833     0.916535  1.73852e-13   0.00915691     0.539086      17.2819   0.00811883     0.978637      1.44154   0.00819732     0.520283      1.02136  4.46714e-13  1.45142e-13      2.15945      1.33680  4.16734e-14  7.51587e-05       65322.350       0           0           1       0
      9.19355      22.1667     0.984180  1.54397e-13    0.0107349     0.513561      21.0703   0.00931825      1.07423      1.38793   0.00942738     0.488714     0.962052  4.95836e-13  1.60361e-13      2.35854      1.43881  3.59770e-14  7.79300e-05       65528.000      3.00000          -5          46       0
      9.19355      22.2500     0.950910  1.63505e-13   0.00924276     0.546532      18.6172   0.00815104      1.02762      1.42139   0.00821523     0.523182      1.03410  4.42596e-13  1.42176e-13      2.43744      1.47920  3.40570e-14  8.52174e-05       65528.000      4.00000          -5          46       0
      9.19355      22.3333     0.978958  1.55772e-13   0.00710946     0.616857      17.1529   0.00637989      1.03386      1.47441   0.00643255     0.590879      1.12186  3.61353e-13  1.24127e-13      2.15265      1.33307  4.18930e-14  9.24543e-05       65528.000      6.00000          -5          46       0
      9.19355      22.4167      1.12093  1.24298e-13   0.00290963     0.892174      10.2344   0.00277366      1.14853      1.57422   0.00277522     0.820259      1.32509  2.09175e-13  9.40489e-14      1.30562     0.892174  9.63976e-14  0.000310029       65528.000      6.00000          -5          46       0
      9.19355      22.5000      1.27065  1.00860e-13   0.00363508     0.881303      17.8047   0.00333109      1.31600      1.52583   0.00334806     0.835653      1.50988  2.02793e-13  7.56584e-14      1.99028      1.25112  4.77424e-14  0.000129720       65528.000      6.00000          -5          46       0
      9.19355      22.5833      1.00701  1.48606e-13   0.00330021     0.811508      9.95667   0.00312218      1.04250      1.57937   0.00313419     0.770730      1.14936  2.32056e-13  1.19216e-13      1.45939     0.962685  8.00714e-14  0.000184859       65528.000      7.00000          -5          46       0
      9.19355      22.6667      1.08666  1.30900e-13   0.00585953     0.688985      18.6113   0.00526508      1.13495      1.48201   0.00529941     0.655313      1.14544  3.04098e-13  1.19898e-13      2.20124      1.35616  4.03631e-14  8.41686e-05       65528.000      11.0000          -4          46       0
      9.19355      22.7500      1.11261  1.25852e-13   0.00556512     0.708236      18.3672   0.00500654      1.15470      1.49103   0.00504528     0.675670      1.23347  2.88983e-13  1.05977e-13      2.20132      1.35420  4.03606e-14  7.90452e-05       65528.000      11.0000          -4          46       0
      9.19355      22.8333     0.974691  1.56910e-13   0.00538872     0.693437      13.2656   0.00497217      1.02444      1.52059   0.00499550     0.645312      1.15632  3.11994e-13  1.18023e-13      1.36977     0.912109  8.89914e-14  0.000218714       65528.000      10.0000          -5          46       0
      9.19355      22.9167     0.901322  1.78771e-13   0.00368355     0.748817      7.78125   0.00354231     0.929288      1.58387   0.00354379     0.699464      1.01497  2.72784e-13  1.46671e-13      1.04669     0.732549  1.39338e-13  0.000362629       65528.000      10.0000          -4          46       0
      9.19355      23.0000     0.919761  1.72837e-13   0.00631974     0.636022      13.4219   0.00577550     0.963539      1.50921   0.00580812     0.602576      1.03705  3.49738e-13  1.41502e-13      1.39244     0.923315  8.65901e-14  0.000166753       65528.000      4.00000          -5          46       0
      9.19355      23.0833      1.07120  1.34065e-13   0.00544411     0.701826      17.5547   0.00490247      1.12914      1.49574   0.00494288     0.676372      1.27985  2.88483e-13  9.96540e-14      2.47041      1.49664  3.33029e-14  7.78085e-05       65528.000      4.00000          -5          46       0
      9.19355      23.1667      1.19359  1.11945e-13   0.00269572     0.955358      10.8402   0.00257270      1.22011      1.57629   0.00257416     0.882249      1.40973  1.85258e-13  8.48278e-14      1.28527     0.864364  9.89548e-14  0.000206089       65528.000      4.00000          -5          46       0
      9.19355      23.2500      1.06249  1.35900e-13   0.00541494     0.713309      16.0993   0.00492721      1.10947      1.50086   0.00495159     0.674773      1.15398  2.89623e-13  1.18423e-13      1.79542      1.14371  5.66872e-14  0.000141337       65528.000      4.00000          -5          46       0
      9.19355      23.3333      1.42840  8.29877e-14   0.00335294     0.957803      21.0703   0.00304427      1.45635      1.51575   0.00305631     0.896844      1.55421  1.80261e-13  7.20966e-14      2.63972      1.58407  2.98194e-14  7.25932e-05       65528.000      4.00000          -5          46       0
      9.19355      23.4167      1.17888  1.14282e-13   0.00462570     0.787245      18.4971   0.00421208      1.22587      1.50086   0.00422740     0.723395      1.36004  2.57911e-13  9.00551e-14      1.39552     0.923318  8.62716e-14  0.000173242       65528.000      3.00000         -41          20       0
      9.19355      23.5000      1.07753  1.32754e-13   0.00352993     0.834052      11.6099   0.00332026      1.12284      1.55481   0.00332670     0.783050      1.30028  2.26003e-13  9.70591e-14      1.37503     0.913308  8.84256e-14  0.000153381       65528.000      6.00000          -5          46       0
      9.19355      23.5833     0.966822  1.59044e-13   0.00346830     0.786048      9.21289   0.00333358      1.00011      1.58199   0.00333777     0.729471      1.16458  2.54341e-13  1.16631e-13     0.947164     0.666862  1.64584e-13  0.000270737       65528.000      6.00000          -5          46       0
      9.19355      23.6667      1.18988  1.12527e-13   0.00493136     0.763258      19.1846   0.00444103      1.23371      1.49378   0.00447075     0.721934      1.35852  2.58782e-13  9.02233e-14      2.16227      1.33867  4.15828e-14  0.000101325       65528.000      6.00000          -5          46       0
      9.19355      23.7500      1.48739  7.75745e-14   0.00231127      1.11803      17.5547   0.00215180      1.54147      1.55231   0.00215671      1.03182      1.78503  1.42699e-13  5.72382e-14      2.10527      1.30750  4.34758e-14  9.46878e-05       65528.000      5.00000          -5          46       0
      9.19355      23.8333      1.02542  1.44187e-13   0.00201662     0.914094      5.96191   0.00197841      1.03917      1.62417   0.00197834     0.882104      1.23132  1.85309e-13  1.06286e-13     0.996894     0.696539  1.51129e-13  0.000279406       65528.000      3.00000         -41          20       0
      9.19355      23.9167      1.11749  1.24937e-13   0.00288070     0.888744      10.2344   0.00272563      1.15297      1.57937   0.00273572     0.856430      1.34548  1.94660e-13  9.16850e-14      1.58798      1.03212  6.95594e-14  0.000132547       65528.000      5.00000          -5          46       0
