      9.19355      0.00000     0.748243  2.43795e-13   0.00148521     0.569738     0.308172   0.00125250      2.12104      1.33951   0.00125396     0.702623     0.733760  2.70744e-13  2.51868e-13     0.557400     0.430274  3.98245e-13  0.000577148       47205.712       0         -21         -30       0
      9.19355    0.0833333      1.03102  1.42884e-13  0.000925572      1.00602      2.12500  0.000862690      2.17652      1.43582  0.000847542     0.942158      1.04661  1.66044e-13  1.39354e-13     0.799740     0.581452  2.18197e-13  0.000267759       47337.344       0         -21         -30       0
      9.19355     0.166667     0.962239  1.60309e-13   0.00246103     0.844738      6.71875   0.00237934     0.978720      1.61527   0.00238057     0.809061      1.06359  2.14023e-13  1.35665e-13      1.47476     0.973262  7.86854e-14  0.000165405       45985.600       0         -21         -30       0
      9.19355     0.250000     0.872071  1.88876e-13   0.00110066     0.666240     0.309865  0.000910210      2.44797      1.35280  0.000910489     0.829177     0.906291  2.05439e-13  1.77140e-13     0.652476     0.491562  3.06305e-13  0.000463114       45595.478       0         -21         -30       0
      9.19355     0.333333     0.927089  1.70566e-13   0.00143794     0.531995     0.107018   0.00114851      6.58809      1.15501   0.00115329     0.876611     0.864294  1.87248e-13  1.91717e-13     0.558002     0.430433  3.97530e-13  0.000663471       45059.344       0         -21         -30       0
      9.19355     0.416667      1.17242  1.15334e-13  0.000611186     0.905123     0.308296  0.000459696      2.81244      1.41027  0.000464453      1.13458      1.10458  1.21815e-13  1.27380e-13     0.848440     0.612006  1.97724e-13  0.000381829       44202.010       0         -21         -30       0
      9.19355     0.500000      2.24129  3.91682e-14  0.000555522      2.05593      9.57080  0.000550229      2.24988      1.64011  0.000550249      1.81237      2.47887  5.58067e-14  3.31137e-14      2.73029      1.65193  2.81892e-14  0.000132511       43735.026       0         -21         -30       0
      9.19355     0.583333     0.978641  1.55856e-13   0.00137982     0.555845     0.111501   0.00118941      3.24054      1.31601   0.00121043     0.864657     0.860274  1.91582e-13  1.93212e-13     0.606002     0.461584  3.46449e-13  0.000694522       46433.626       0         -21         -30       0
      9.19355     0.666667      2.57515  3.10760e-14  0.000254154      2.52515      3.12500  0.000249289      2.58515      1.67167  0.000250577      2.41917      2.58870  3.44867e-14  3.08054e-14      3.13657      1.90421  2.23702e-14  0.000207992       44533.272       0         -21         -30       0
      9.19355     0.750000      2.21903  3.98253e-14  0.000365526      1.77764     0.517158  0.000355657      2.22903      1.66667  0.000364431      2.07430      1.86690  4.45632e-14  5.31161e-14      2.64361      1.71575  2.97464e-14  0.000199986       44924.068       0         -21         -30       0
      9.19355     0.833333      1.74265  5.95768e-14  0.000588191      1.12540     0.186541  0.000547630      1.75265      1.67167  0.000579555      1.44676      1.65626  8.12396e-14  6.48459e-14      1.16093     0.795368  1.17242e-13  0.000264680       46071.710       0         -21         -30       0
      9.19355     0.916667      2.17213  4.12686e-14  0.000300799      1.57306     0.239663  0.000254339      10.6599      1.28261  0.000254340      1.95414      2.14147  4.92231e-14  4.22580e-14      2.58659      1.68684  3.08473e-14  0.000206686       47251.222       0         -21         -30       0
      9.19355      1.00000      1.98831  4.78213e-14  0.000430896      1.86275     0.963347  0.000375640      2.00488      1.68526  0.000397128      1.68732      1.69095  6.28685e-14  6.26439e-14      2.31943      1.60894  3.69938e-14  0.000332117       47333.208       0         -21         -30       0
      9.19355      1.08333      1.83481  5.46737e-14  0.000509684      1.01066     0.103386  0.000437287      1.84731      1.68042  0.000483900      1.53229      1.85193  7.38230e-14  5.38336e-14      1.10986     0.763627  1.26371e-13  0.000255866       44918.542       0         -21         -30       0
      9.19355      1.16667     0.226236  1.78989e-12    0.0431714     0.174830      3.72070    0.0400753     0.176236      1.67542    0.0398343     0.177606     0.274554  2.67918e-12  1.29633e-12     0.801472     0.582807  2.17411e-13  0.000444476       46830.472       0         -21         -30       0
      9.19355      1.25000      1.34012  9.22975e-14  0.000862082     0.937585     0.216423  0.000788674      1.35262      1.68542  0.000819990      1.20012      1.33227  1.10931e-13  9.32060e-14     0.909124     0.648045  1.76221e-13  0.000300111       47747.084       0         -21         -30       0
      9.19355      1.33333      1.26293  1.01890e-13  0.000838887     0.913387     0.229884  0.000723086      5.77720      1.26507  0.000721484      1.15697      1.23200  1.17913e-13  1.06188e-13     0.853168     0.613131  1.95902e-13  0.000296975       48246.544       0         -21         -30       0
      9.19355      1.41667     0.149382  3.57490e-12     0.107883     0.104382      3.00000    0.0981298     0.109382      1.67292    0.0979165     0.110540     0.188228  5.90515e-12  2.43196e-12     0.624179     0.469381  3.29797e-13   0.00124741       47087.170       0         -21         -30       0
      9.19355      1.50000     0.646019  3.11425e-13   0.00155111     0.636019      2.00000   0.00128021      1.59934      1.36847   0.00120673     0.608413     0.645953  3.44164e-13  3.11478e-13     0.479948     0.378934  5.11021e-13  0.000625293       46357.532       0         -21         -30       0
      9.19355      1.58333     0.857493  1.94257e-13   0.00173045     0.497316     0.116491   0.00145435      5.41228      1.16727   0.00146043     0.845940     0.835075  1.98699e-13  2.03027e-13     0.509106     0.398995  4.63178e-13  0.000883971       47451.432       0         -21         -30       0
      9.19355      1.66667     0.180573  2.60620e-12    0.0580225     0.140358      3.09741    0.0541973     0.146901      1.66969    0.0540593     0.144764     0.218317  3.76701e-12  1.89939e-12     0.333849     0.280068  9.35793e-13   0.00124663       43819.592       0         -21         -30       0
      9.19355      1.75000     0.621156  3.32477e-13   0.00726043     0.512455      5.89294   0.00703959     0.510690      1.67565   0.00703872     0.427161     0.680002  6.20549e-13  2.85921e-13     0.562142     0.432986  3.92662e-13  0.000518333       44936.778       0         -21         -30       0
      9.19355      1.83333     0.408802  6.67689e-13    0.0178959     0.308800      5.68750    0.0166627     0.315051      1.67620    0.0166620     0.300672     0.452647  1.11415e-12  5.63417e-13     0.756629     0.554511  2.39308e-13  0.000404855       42492.494       0         -21         -30       0
      9.19355      1.91667     0.592252  3.59958e-13   0.00640647     0.507253      5.06250   0.00621492     0.510690      1.67445   0.00620521     0.483758     0.643844  5.04331e-13  3.13181e-13     0.673004     0.502053  2.90892e-13  0.000387897       45534.780       0         -21         -30       0
      9.19355      2.00000     0.562154  3.92648e-13   0.00237914     0.534458      2.63135   0.00236691     0.571528      1.66089   0.00237445     0.527493     0.578871  4.36585e-13  3.73932e-13     0.540361     0.419168  4.19395e-13  0.000530898       44279.860       0         -21         -30       0
      9.19355      2.08333     0.368305  7.94481e-13    0.0251960     0.267133      5.47559    0.0233617     0.268930      1.67761    0.0233301     0.257684     0.413750  1.44085e-12  6.54433e-13     0.578599     0.443647  3.74225e-13  0.000565015       44435.882       0         -21         -30       0
      9.19355      2.16667     0.135154  4.22388e-12     0.109511    0.0995540      3.12811    0.0997867     0.103753      1.66917    0.0993988     0.104073     0.172630  6.52931e-12  2.80911e-12     0.710447     0.525254  2.65793e-13   0.00127311       43773.706       0         -21         -30       0
      9.19355      2.25000      1.06827  1.34677e-13  0.000905931     0.597702    0.0922889  0.000432763      1.09264      1.70573  0.000630322      1.00710      1.03276  1.48586e-13  1.42483e-13     0.648785     0.487405  3.09215e-13  0.000388875       45076.898       0         -21         -30       0
      9.19355      2.33333     0.655384  3.04043e-13   0.00138509     0.570658     0.720442   0.00122148      1.28699      1.43173   0.00122008     0.633938     0.660685  3.21379e-13  2.99989e-13     0.540599     0.420354  4.19087e-13  0.000653057       44830.182       0         -21         -30       0
      9.19355      2.41667     0.841572  2.00421e-13   0.00149034     0.802197      2.77344   0.00148762     0.851572      1.66167   0.00149012     0.788664     0.869213  2.23327e-13  1.89912e-13     0.849150     0.611402  1.97449e-13  0.000287613       48334.960       0         -21         -30       0
      9.19355      2.50000     0.944092  1.65477e-13   0.00202961     0.894093      3.12500   0.00202967     0.959092      1.65667   0.00203175     0.882485     0.928130  1.85175e-13  1.70248e-13     0.736314     0.544591  2.50413e-13  0.000455854       46562.434       0         -21         -30       0
      9.19355      2.58333     0.860952  1.92959e-13   0.00155192     0.561836     0.159894   0.00131222      2.66905      1.32759   0.00132260     0.804261     0.831690  2.16156e-13  2.04406e-13     0.566052     0.436289  3.88152e-13  0.000702216       46779.834       0         -21         -30       0
      9.19355      2.66667     0.918139  1.73347e-13   0.00129289     0.667148     0.239232   0.00110732      3.24871      1.29992   0.00110715     0.856442     0.903162  1.94655e-13  1.78164e-13     0.626421     0.474398  3.27833e-13  0.000567774       45062.484       0         -21         -30       0
      9.19355      2.75000     0.624089  3.29876e-13   0.00227511     0.598464      2.18750   0.00221347     0.808446      1.57264   0.00220614     0.574696     0.633225  3.78471e-13  3.21982e-13     0.507232     0.396762  4.66034e-13  0.000647102       44112.680       0         -21         -30       0
      9.19355      2.83333     0.697267  2.74219e-13   0.00233491     0.474113     0.194391   0.00210564      2.26658      1.29805   0.00210836     0.657889     0.665908  3.02116e-13  2.96078e-13     0.467979     0.372237  5.32989e-13  0.000925453       44126.024       0         -21         -30       0
      9.19355      2.91667     0.826433  2.06577e-13   0.00153746     0.434932    0.0813145  0.000865889      11.4455      1.04099  0.000877861     0.785996     0.801531  2.24592e-13  2.17384e-13     0.490475     0.386246  4.92872e-13  0.000628418       46298.036       0         -21         -30       0
      9.19355      3.00000     0.792092  2.21719e-13   0.00182714     0.572927     0.246144   0.00163960      2.92747      1.27716   0.00163798     0.737291     0.771185  2.49860e-13  2.31827e-13     0.522947     0.407672  4.42928e-13  0.000736347       46576.190       0         -21         -30       0
      9.19355      3.08333     0.396181  7.03513e-13    0.0131949     0.325010      4.10059    0.0124305     0.326182      1.67854    0.0123718     0.324863     0.465664  9.79328e-13  5.37413e-13     0.780433     0.569107  2.27267e-13  0.000428596       46063.166       0         -21         -30       0
      9.19355      3.16667    0.0594398  1.66073e-11     0.418967    0.0438880      2.99329     0.384073    0.0455433      1.66575     0.382627    0.0492725    0.0749782  2.27032e-11  1.12773e-11      1.76276      1.54964  5.84488e-14   0.00400660       38083.610       0         -21         -30       1
      9.19355      3.25000    0.0680231  1.32638e-11     0.677417    0.0448395      2.33057     0.645829    0.0480231      1.67417     0.644096    0.0494174    0.0966734  2.25924e-11  7.38330e-12     0.106191     0.277490  6.31371e-12     0.425772       36461.078       0         -21         -30       1
      9.19355      3.33333    0.0313711  4.81814e-11      1.64390    0.0216787      6.58118      1.53375    0.0219961      1.67651      1.53095    0.0391368    0.0503379  3.33263e-11  2.19081e-11    0.0413343     0.156616  3.04259e-11      1.13473       27263.368       0         -21         -30       1
      9.19355      3.41667    0.0550638  1.88648e-11     0.482998    0.0408936      3.51846     0.438038    0.0419143      1.66651     0.435238    0.0454344    0.0684697  2.59889e-11  1.31199e-11      1.54582      1.30643  7.27493e-14   0.00432933       34219.550       0          20         -47       0
      9.19355      3.50000     0.156395  3.31174e-12    0.0886443     0.114598      3.15820    0.0807012     0.117645      1.67261    0.0802390     0.123836     0.192660  4.88674e-12  2.33944e-12      2.50239      1.80960  3.25966e-14   0.00100788       42838.372       0         -21         -30       0
      9.19355      3.58333     0.335242  9.29320e-13    0.0283488     0.245243      5.18750    0.0260441     0.243837      1.67753    0.0259431     0.263754     0.387591  1.38600e-12  7.29693e-13      1.45738     0.961077  8.02552e-14  0.000366892       33645.232       0         -21         -30       0
      9.19355      3.66667     0.256616  1.45085e-12    0.0532323     0.173003      4.69556    0.0479880     0.174273      1.67458    0.0478337     0.185438     0.307237  2.49325e-12  1.07475e-12      1.37362     0.913062  8.85762e-14  0.000580900       35519.392       0         -21         -30       0
      9.19355      3.75000     0.297695  1.13277e-12    0.0268449     0.227694      4.31250    0.0247747     0.233319      1.67800    0.0247500     0.242135     0.344599  1.59833e-12  8.87646e-13      1.36742     0.914048  8.92471e-14  0.000412789       35915.084       0         -21         -30       0
      9.19355      3.83333     0.419833  6.38708e-13    0.0138283     0.334833      5.06250    0.0128106     0.331864      1.67732    0.0127342     0.342127     0.477556  8.98358e-13  5.15294e-13      1.26593     0.852495  1.01488e-13  0.000304972       34762.192       0          20         -47       0
      9.19355      3.91667     0.482503  5.06519e-13    0.0106026     0.387503      5.31250   0.00984373     0.384846      1.67775   0.00979502     0.380947     0.545212  7.51024e-13  4.13193e-13      1.48739     0.980109  7.75747e-14  0.000270153       36533.666       0          20         -47       0
      9.19355      4.00000     0.386334  7.33652e-13    0.0151220     0.308522      5.12891    0.0139495     0.308210      1.67534    0.0138755     0.319021     0.448120  1.00940e-12  5.72934e-13      1.27403     0.856309  1.00414e-13  0.000286408       34151.888       0          20         -47       0
      9.19355      4.08333     0.636142  3.19526e-13   0.00892740     0.483636      8.03125   0.00833261     0.473637      1.68511   0.00832187     0.472663     0.758700  5.24216e-13  2.38220e-13      1.16275     0.796420  1.16936e-13  0.000244041       34416.052       0          20         -47       0
      9.19355      4.16667     0.439943  5.90794e-13    0.0147637     0.334942      5.31250    0.0136941     0.342442      1.67980    0.0137026     0.335000     0.493876  9.30439e-13  4.87229e-13      1.09074     0.753441  1.30085e-13  0.000337458       35494.212       0          20         -47       0
      9.19355      4.25000     0.639347  3.16860e-13    0.0103944     0.458560      9.21289   0.00961138     0.454419      1.68048   0.00960666     0.443111     0.731727  5.83770e-13  2.53035e-13      1.18942     0.812882  1.12600e-13  0.000248013       35132.798       0          13          -3       0
      9.19355      4.33333    0.0355388  3.91373e-11      1.58338    0.0248340      16.2988      1.46898    0.0249138      1.67682      1.46762    0.0384549    0.0467628  3.43170e-11  2.47701e-11    0.0363201    0.0503045  3.77443e-11      1.41509       26999.252       0         -22         -29       1
      9.19355      4.41667    0.0458077  2.56368e-11      1.64291    0.0313008      2.23340      1.60401    0.0327022      1.66623      1.60138    0.0372624    0.0537370  3.61669e-11  1.96475e-11    0.0451826    0.0645577  2.62307e-11      1.25902       29416.642       0          20         -46       1
      9.19355      4.50000    0.0339371  4.22640e-11      2.22456    0.0214371      2.31250      2.13209    0.0226871      1.67198      2.12858    0.0473936    0.0553119  2.42231e-11  1.87240e-11    0.0413499     0.152979  3.04069e-11      1.55489       26773.874       0         -21         -30       1
      9.19355      4.58333    0.0441923  2.72177e-11     0.743979    0.0313798      1.86719     0.695822    0.0341923      1.66667     0.695337    0.0335155    0.0500380  4.31538e-11  2.21274e-11      1.40456      1.26112  8.53485e-14    0.0235745       28009.510       0         -63         -13       1
      9.19355      4.66667    0.0439000  2.75204e-11      1.44381    0.0304650      2.72021      1.40719    0.0326500      1.66698      1.40684    0.0356707    0.0552692  3.88963e-11  1.87481e-11    0.0627906     0.133613  1.51567e-11      1.17255       27773.680       0         -22         -29       1
      9.19355      4.75000    0.0347387  4.06512e-11     0.808741    0.0259106      1.80664     0.760514    0.0278637      1.67089     0.759855    0.0315569    0.0494210  4.77094e-11  2.25896e-11     0.219769     0.227435  1.87854e-12    0.0382383       24945.724       0         -63         -13       1
      9.19355      4.83333    0.0343292  4.14625e-11     0.848273    0.0235956     0.651058     0.831181    0.0279229      1.67030     0.845312    0.0359719    0.0568249  3.83552e-11  1.79005e-11     0.927216     0.834399  1.70527e-13   0.00707237       24389.290       0         -57         -57       1
      9.19355      4.91667    0.0368926  3.67731e-11      1.00745    0.0283909      6.60660     0.942761    0.0287676      1.67370     0.940630    0.0316387    0.0482992  4.75041e-11  2.34709e-11     0.162616     0.176682  3.10328e-12    0.0162039       24632.112       0         -22         -29       1
      9.19355      5.00000     0.505723  4.68354e-13   0.00857840     0.420725      5.06250   0.00808762     0.423029      1.67483   0.00805735     0.431102     0.564018  6.11123e-13  3.90488e-13      1.22363     0.833551  1.07402e-13  0.000262748       31537.870       0          13          -3       0
      9.19355      5.08333     0.661536  2.99346e-13   0.00378656     0.589038      4.18750   0.00371459     0.597006      1.67759   0.00370993     0.574427     0.708642  3.78766e-13  2.66922e-13     0.758286     0.556481  2.38437e-13  0.000443348       32411.368       0          13          -3       0
      9.19355      5.16667     0.116096  5.44165e-12     0.298935    0.0660964      3.12500     0.265272    0.0673464      1.67511     0.264235    0.0712851     0.130596  1.22677e-11  4.47245e-12      2.12467      1.60084  4.28162e-14   0.00117537       32479.746       0         -21         -30       0
      9.19355      5.25000     0.145880  3.71907e-12     0.146945    0.0944935      3.49194     0.132927    0.0983803      1.67229     0.132758     0.106438     0.180525  6.28928e-12  2.60736e-12      2.80026      2.02653  2.70250e-14  0.000679633       33851.144       0         -21         -30       0
      9.19355      5.33333     0.190066  2.39289e-12    0.0653722     0.139245      3.48291    0.0602570     0.144245      1.67134    0.0601194     0.152795     0.245982  3.44280e-12  1.55689e-12      3.31467      2.35236  2.04031e-14  0.000412579       30539.760       0         -21         -30       0
      9.19355      5.41667     0.107362  6.19937e-12     0.162209    0.0786897      2.75684     0.149428    0.0823616      1.67292     0.148929    0.0878082     0.134153  8.66704e-12  4.27658e-12      1.11961     0.775531  1.24543e-13  0.000822623       31162.180       0         -21         -30       0
      9.19355      5.50000     0.100814  6.88482e-12     0.262036    0.0668492      3.56323     0.237657    0.0694128      1.66917     0.237194    0.0731728     0.126020  1.17448e-11  4.74639e-12      2.84256      2.25129  2.63580e-14   0.00107725       26627.576       0         -21         -30       0
      9.19355      5.58333     0.793057  2.21269e-13   0.00202273     0.738368      3.77734   0.00201795     0.763057      1.66792   0.00201895     0.717336     0.825817  2.61552e-13  2.06834e-13     0.819614     0.596117  2.09450e-13  0.000405803       32531.876       0         -21         -30       0
      9.19355      5.66667     0.170162  2.87734e-12    0.0802902     0.127662      3.18750    0.0764757     0.132975      1.67018    0.0762747     0.119454     0.204704  5.18916e-12  2.11456e-12     0.186695     0.167135  2.46532e-12    0.0362071       33207.396       0         -21         -30       0
      9.19355      5.75000     0.931765  1.69142e-13   0.00189443     0.889264      2.87500   0.00188866     0.941765      1.66167   0.00189471     0.825674      1.00017  2.06894e-13  1.50304e-13     0.771575     0.564857  2.31632e-13  0.000346112       33389.096       0         -21         -30       0
      9.19355      5.83333     0.801720  2.17299e-13   0.00170251     0.684311     0.644054   0.00161029      1.60818      1.43136   0.00161111     0.730782     0.790834  2.53580e-13  2.22307e-13     0.600896     0.458053  3.51370e-13  0.000471864       35866.238       0          20         -47       0
      9.19355      5.91667     0.657544  3.02381e-13   0.00320100     0.614888      3.08789   0.00320090     0.642544      1.67042   0.00320467     0.585294     0.720773  3.67118e-13  2.59477e-13     0.590117     0.450497  3.62131e-13  0.000507708       34236.340       0         -21         -30       0
      9.19355      6.00000     0.629559  3.25113e-13   0.00391054     0.291823    0.0722642   0.00342544      5.13485      1.08397   0.00346888     0.590974     0.554516  3.61256e-13  4.01703e-13     0.334498     0.281458  9.32767e-13   0.00186759       36576.152       0         -21         -30       0
      9.19355      6.08333      1.29812  9.73284e-14  0.000734586      1.25812      2.87500  0.000721259      1.30812      1.67167  0.000724907      1.15915      1.25627  1.17543e-13  1.02792e-13      1.07705     0.747039  1.32852e-13  0.000231392       37054.668       0         -21         -30       0
      9.19355      6.16667     0.397773  6.98828e-13    0.0166290     0.308945      4.89941    0.0155176     0.312773      1.67355    0.0154829     0.312810     0.475769  1.04303e-12  5.18525e-13      1.13917     0.784209  1.20999e-13  0.000293078       35801.980       0         -21         -30       0
      9.19355      6.25000      1.85911  5.34877e-14  0.000515905      1.78411      3.93750  0.000515135      1.86911      1.66167  0.000517289      1.56863      1.84917  7.09949e-14  5.39678e-14      1.43986     0.953050  8.18897e-14  0.000210903       35176.788       0         -21         -30       0
      9.19355      6.33333      1.42115  8.36946e-14  0.000871559      1.34006      4.31055  0.000872578      1.43365      1.65542  0.000872726      1.19744      1.49645  1.11346e-13  7.67938e-14      1.27865     0.862420  9.98109e-14  0.000198600       36649.350       0         -21         -30       0
      9.19355      6.41667      1.31442  9.53250e-14  0.000492171      1.15204     0.754789  0.000450776      2.57381      1.46156  0.000451507      1.24112      1.32488  1.04891e-13  9.40742e-14      1.11617     0.769601  1.25183e-13  0.000216451       36309.914       0         -21         -30       0
      9.19355      6.50000      2.03180  4.61275e-14  0.000546233      1.95680      3.93750  0.000544186      2.04180      1.66167  0.000547786      1.68011      2.21898  6.33186e-14  3.98265e-14      1.45451     0.956981  8.05199e-14  0.000181382       37825.692       0         -21         -30       0
      9.19355      6.58333      1.81150  5.58509e-14  0.000497331      1.34967     0.301959  0.000459041      1.82650      1.67917  0.000478877      1.58202      1.75381  6.99963e-14  5.89463e-14      1.19075     0.813173  1.12390e-13  0.000285194       37014.926       0         -21         -30       0
      9.19355      6.66667      1.91666  5.08378e-14  0.000408041      1.35389     0.242008  0.000373759      1.92916      1.67792  0.000392960      1.66339      1.89870  6.43834e-14  5.16418e-14      1.32039     0.886148  9.46069e-14  0.000226261       36567.030       0         -21         -30       0
      9.19355      6.75000      2.65695  2.94979e-14  0.000261702      2.60695      3.12500  0.000255376      2.66695      1.67167  0.000258374      2.26005      2.61746  3.86278e-14  3.02433e-14      3.20032      2.00603  2.16325e-14  0.000146993       41609.328       0         -21         -30       0
      9.19355      6.83333      2.43044  3.42207e-14  0.000208677      2.05911     0.512627  0.000165398      2.44391      1.68673  0.000180900      2.39769      2.42512  3.50032e-14  3.43458e-14      2.91263      1.86386  2.53097e-14  0.000167430       38207.792       0         -21         -30       0
      9.19355      6.91667      1.15346  1.18510e-13   0.00229065     0.957949      9.95667   0.00216647      1.17542      1.59746   0.00217441     0.915057      1.23934  1.74321e-13  1.05142e-13      2.40642      1.47035  3.47918e-14  0.000115945       39865.210       0         -21         -30       0
      9.19355      7.00000      3.14737  2.22424e-14  0.000331757      2.91862      10.2344  0.000331549      3.15518      1.64729  0.000331445      2.51952      3.16582  3.22280e-14  2.20268e-14      3.87634      2.29057  1.57179e-14  0.000101973       45145.924       0         -21         -30       0
      9.19355      7.08333      3.19534  2.16887e-14  0.000272894      3.05283      7.03125  0.000273687      3.20034      1.65667  0.000274056      2.67090      3.31858  2.92415e-14  2.03630e-14      3.91412      2.33193  1.54658e-14  0.000112847       41643.844       0         -21         -30       0
      9.19355      7.16667      3.23173  2.12832e-14  0.000295741      2.98469      11.6660  0.000294530      3.24673      1.64417  0.000294517      2.66654      3.15429  2.93212e-14  2.21611e-14      3.99624      2.31551  1.49397e-14  9.67784e-05       41145.466       0         -21         -30       0
      9.19355      7.25000      3.84019  1.59652e-14  0.000171926      3.79019      3.12500  0.000167064      3.85019      1.67167  0.000169669      3.28015      3.41694  2.07622e-14  1.93955e-14      4.63351      2.89022  1.16747e-14  0.000123569       44019.674       0         -21         -30       0
      9.19355      7.33333      3.14378  2.22849e-14  0.000302324      2.98127      7.78125  0.000303792      3.15628      1.65417  0.000303915      2.51497      3.17206  3.23252e-14  2.19547e-14      3.83838      2.31060  1.59777e-14  0.000109426       47360.926       0         -21         -30       0
      9.19355      7.41667      3.46938  1.89093e-14  0.000231862      3.31314      8.07812  0.000233248      3.47688      1.65917  0.000232921      2.87552      3.21740  2.58564e-14  2.14414e-14      4.24464      2.55733  1.35112e-14  0.000108710       44801.616       0         -21         -30       0
      9.19355      7.50000      3.29394  2.06175e-14  0.000246370      3.18645      5.59375  0.000246513      3.30394      1.66167  0.000247220      2.72572      3.25754  2.82679e-14  2.10029e-14      3.97507      2.48459  1.50726e-14  0.000121465       44412.562       0         -21         -30       0
      9.19355      7.58333      3.97790  1.50547e-14  0.000133552      3.92790      3.12500  0.000129300      3.99290      1.67417  0.000130488      3.53948      3.66893  1.82893e-14  1.72265e-14      4.89063      2.91930  1.06698e-14  9.85185e-05       45673.146       0         -21         -30       0
      9.19355      7.66667      3.27272  2.08408e-14  0.000209529      3.15521      6.71875  0.000210074      3.27272      1.66167  0.000210055      2.86261      3.16847  2.60510e-14  2.19961e-14      4.03900      2.34302  1.46771e-14  8.98694e-05       47581.146       0         -21         -30       0
      9.19355      7.75000      3.29690  2.05867e-14  0.000191430      3.26690      2.37500  0.000181340      3.30190      1.67917  0.000184820      2.86778      3.20983  2.59729e-14  2.15257e-14      3.98835      2.47733  1.49890e-14  0.000128790       45388.432       0         -21         -30       0
      9.19355      7.83333      2.63855  2.98414e-14  0.000409754      2.40981      10.2344  0.000406846      2.64715      1.64011  0.000406878      2.06573      2.78911  4.48716e-14  2.72052e-14      3.24096      1.92572  2.11823e-14  9.71130e-05       45722.112       0         -21         -30       0
      9.19355      7.91667      3.19235  2.17226e-14  0.000291150      3.00562      9.13086  0.000291224      3.19485      1.65167  0.000291277      2.72315      3.01361  2.83124e-14  2.39121e-14      3.93293      2.30671  1.53427e-14  0.000100819       47256.310       0         -21         -30       0
      9.19355      8.00000      3.14444  2.22770e-14  0.000190859      3.03538      5.51953  0.000191271      3.14756      1.66448  0.000191099      2.80537      3.02253  2.69429e-14  2.37945e-14      3.88724      2.25740  1.56444e-14  8.56913e-05       45922.398       0         -21         -30       0
      9.19355      8.08333      3.51580  1.84950e-14  0.000306934      3.17389      15.6975  0.000304581      3.52081      1.63667  0.000304626      2.75097      3.50388  2.78367e-14  1.86000e-14      4.35315      2.50855  1.29545e-14  8.91990e-05       46906.376       0         -21         -30       0
      9.19355      8.16667      2.55271  3.15327e-14  0.000378455      2.37057      8.77295  0.000376386      2.55771      1.64917  0.000376265      2.15464      2.55821  4.18285e-14  3.14197e-14      3.13180      1.84891  2.24271e-14  8.50742e-05       46399.824       0         -21         -30       0
      9.19355      8.25000      4.35149  1.29628e-14  0.000178222      4.23399      6.71875  0.000178329      4.35399      1.66417  0.000178594      3.70166      3.95857  1.69733e-14  1.51774e-14      5.37001      3.15098  9.13001e-15  0.000114688       48463.468       0         -21         -30       0
      9.19355      8.33333      3.66772  1.72359e-14  0.000125350      3.61772      3.12500  0.000120746      3.68272      1.67417  0.000121959      3.38946      3.41926  1.96583e-14  1.93736e-14      4.50508      2.66066  1.22346e-14  9.90292e-05       46479.374       0         -21         -30       0
      9.19355      8.41667      3.12810  2.24713e-14  0.000316824      2.89933      10.2344  0.000316989      3.13591      1.64729  0.000316871      2.56166      3.40030  3.13493e-14  1.95539e-14      3.84226      2.27162  1.59509e-14  9.62389e-05       47436.526       0         -21         -30       0
      9.19355      8.50000      3.68180  1.71262e-14  0.000261825      3.38555      13.8281  0.000261386      3.69930      1.64167  0.000261451      2.87476      4.06601  2.58677e-14  1.45149e-14      4.58295      2.63718  1.18902e-14  8.61986e-05       46149.984       0         -21         -30       0
      9.19355      8.58333      2.21881  3.98318e-14  0.000651764      1.92755      13.2656  0.000627258      2.23256      1.62417  0.000628650      1.73932      2.42061  5.97672e-14  3.44526e-14      2.73150      1.60127  2.81683e-14  8.75921e-05       47068.290       0         -21         -30       0
      9.19355      8.66667      2.18535  4.08533e-14  0.000508468      1.98387      9.72949  0.000494675      2.19034      1.63667  0.000494541      1.83869      2.47642  5.44816e-14  3.31681e-14      2.69117      1.58837  2.88754e-14  9.47030e-05       44803.988       0         -21         -30       0
      9.19355      8.75000      2.37805  3.54863e-14  0.000356582      2.19312      9.36621  0.000347381      2.39305      1.64542  0.000347953      2.08655      2.57580  4.41282e-14  3.10630e-14      2.93479      1.70163  2.49920e-14  7.90888e-05       44489.688       0         -21         -30       0
      9.19355      8.83333      2.41741  3.45285e-14  0.000385496      2.21367      9.92188  0.000376653      2.43491      1.64167  0.000376975      2.09578      2.65200  4.38047e-14  2.95896e-14      2.98773      1.73091  2.42582e-14  8.80895e-05       43656.946       0         -21         -30       0
      9.19355      8.91667      3.04004  2.35666e-14  0.000261370      2.87890      8.22119  0.000260773      3.05090      1.65401  0.000260605      2.67405      2.85960  2.91842e-14  2.60967e-14      3.76908      2.18318  1.64704e-14  9.10458e-05       43585.420       0         -21         -30       0
      9.19355      9.00000      2.03381  4.60518e-14  0.000367183      1.95881      3.93750  0.000365776      2.04381      1.66667  0.000366454      1.86246      2.16026  5.33276e-14  4.16472e-14      1.80681      1.14843  5.60929e-14  0.000129104       43456.972       0         -21         -30       0
      9.19355      9.08333      1.77697  5.76719e-14  0.000657268      1.61584      8.22119  0.000633918      1.79790      1.63355  0.000633388      1.55039      1.83388  7.23927e-14  5.47197e-14      3.31685      1.92850  2.03807e-14  8.69665e-05       43936.560       0         -21         -30       0
      9.19355      9.16667      2.10109  4.36201e-14  0.000603924      1.91617      9.36621  0.000602060      2.11453      1.63605  0.000602476      1.69691      2.30673  6.22775e-14  3.73336e-14      2.52445      1.58756  3.21232e-14  0.000164734       44479.472       0         -21         -30       0
      9.19355      9.25000      2.07193  4.46480e-14  0.000288870      1.97693      5.31250  0.000288436      2.08693      1.65667  0.000287925      1.90791      2.10607  5.12269e-14  4.34484e-14      2.52684      1.53190  3.20724e-14  0.000100438       42827.970       0         -21         -30       0
      9.19355      9.33333      2.41165  3.46660e-14  0.000334189      2.30885      5.81641  0.000334559      2.41915      1.65792  0.000334698      2.10853      2.35034  4.33639e-14  3.61864e-14      2.93853      1.77251  2.49391e-14  0.000100466       43848.806       0         -21         -30       0
      9.19355      9.41667      2.29660  3.76086e-14  0.000776388      1.95468      15.6975  0.000751035      2.30991      1.61775  0.000752410      1.77331      2.46097  5.78702e-14  3.35159e-14      2.83097      1.67026  2.65381e-14  8.68634e-05       44095.326       0         -21         -30       0
      9.19355      9.50000      1.26579  1.01506e-13   0.00112463      1.13580      7.12500   0.00107015      1.28314      1.62761   0.00107038      1.11939      1.37667  1.24583e-13  8.82491e-14      2.59448      1.56438  3.06910e-14  0.000113051       45326.916       0         -21         -30       0
      9.19355      9.58333      1.47276  7.88635e-14   0.00121733      1.28038      9.83224   0.00115798      1.48924      1.61527   0.00115893      1.23542      1.72033  1.05699e-13  6.08708e-14      3.46796      2.01400  1.89222e-14  9.33469e-05       44247.360       0         -21         -30       0
      9.19355      9.66667      1.28910  9.84660e-14   0.00133751      1.13411      7.93750   0.00127085      1.30285      1.62417   0.00127517      1.10091      1.39603  1.28089e-13  8.62189e-14      2.96727      1.74477  2.45377e-14  0.000124170       44096.412       0         -21         -30       0
      9.19355      9.75000      1.59467  6.90732e-14   0.00102267      1.40931      9.57080  0.000981053      1.60842      1.62417  0.000981988      1.34736      1.78994  9.14726e-14  5.69770e-14      3.36012      1.95299  1.99452e-14  9.05308e-05       44147.510       0         -21         -30       0
      9.19355      9.83361     0.915196  1.74277e-13   0.00238717     0.790197      6.96875   0.00223793     0.930194      1.61667   0.00225616     0.799915      1.05783  2.18117e-13  1.36899e-13      2.43237      1.48541  3.41754e-14  0.000101443       45846.758       0         -56         -57       0
      9.19355      9.91667      1.77602  5.77228e-14  0.000617949      1.64853      6.96875  0.000610090      1.78353      1.64667  0.000609853      1.56211      1.84790  7.14893e-14  5.40297e-14      2.15502      1.33446  4.18160e-14  0.000114163       46904.600       0         -21         -30       0
      9.19355      10.0000      1.81729  5.55548e-14  0.000415268      1.72229      5.31250  0.000413697      1.82229      1.65667  0.000413153      1.64475      1.86997  6.56039e-14  5.29709e-14      2.19986      1.36368  4.04051e-14  0.000109873       45739.466       0          21         -46       0
      9.19355      10.0833      1.51785  7.49974e-14  0.000870046      1.39035      6.96875  0.000854591      1.52699      1.63933  0.000854254      1.35357      1.71390  9.07742e-14  6.12519e-14      1.83215      1.16198  5.48058e-14  0.000118009       44694.302       0          21         -46       0
      9.19355      10.1667      2.15017  4.19734e-14  0.000250797      2.10017      3.12500  0.000244725      2.16017      1.67167  0.000246627      1.99949      2.05155  4.73766e-14  4.53897e-14      2.59813      1.61024  3.06192e-14  0.000135046       46285.440       0          21         -46       0
      9.19355      10.2500      1.52483  7.44265e-14  0.000513672      1.44983      3.93750  0.000513260      1.53295      1.65948  0.000513457      1.41925      1.51691  8.38809e-14  7.50751e-14      1.83157      1.17600  5.48350e-14  0.000160414       46233.320       0          21         -46       0
      9.19355      10.3333      1.50917  7.57181e-14   0.00146008      1.27093      10.8402   0.00138704      1.52479      1.60418   0.00138886      1.20196      1.73975  1.10648e-13  5.97429e-14      3.24189      1.88764  2.11722e-14  9.55068e-05       48868.250       0          21         -46       0
      9.19355      10.4167      1.25839  1.02504e-13   0.00197045      1.04635      10.2285   0.00185834      1.27425      1.59902   0.00186344     0.994038      1.41847  1.51853e-13  8.39581e-14      3.01896      1.77576  2.38415e-14  8.28678e-05       49614.260       0          21         -46       0
      9.19355      10.5000      1.53695  7.34506e-14   0.00111334      1.33225      9.77734   0.00105220      1.56562      1.61214   0.00105339      1.25708      1.70670  1.02681e-13  6.16832e-14      4.03034      2.27214  1.47296e-14  8.40023e-05       48539.094       0          21         -46       0
      9.19355      10.5833     0.938039  1.67261e-13   0.00249899     0.808038      7.12500   0.00234583     0.948660      1.61167   0.00235364     0.802939      1.02102  2.16750e-13  1.45225e-13      3.17024      1.85034  2.19757e-14  8.95759e-05       47219.528       0          21         -46       0
      9.19355      10.6667      1.07950  1.32350e-13   0.00155571     0.957004      6.84375   0.00146611     0.656788      1.83997   0.00144472     0.963450      1.14121  1.59973e-13  1.20638e-13      2.97135      1.75149  2.44816e-14  8.52058e-05       48195.514       0          21         -46       0
      9.19355      10.7500     0.702319  2.70939e-13   0.00805012     0.514440      9.58862   0.00738066     0.500553      1.68964   0.00737639     0.486347     0.817297  4.99864e-13  2.10440e-13      3.28505      1.90850  2.07106e-14  9.75091e-05       48783.140       0          21         -46       0
      9.19355      10.8333      1.91100  5.10889e-14  0.000285695      1.81601      5.06250  0.000284217      1.92600      1.65667  0.000283513      1.81291      1.87428  5.57785e-14  5.27679e-14      2.32426      1.41612  3.68656e-14  9.25185e-05       51230.724       0          21         -46       0
      9.19355      10.9167      2.46595  3.34032e-14  0.000521252      2.19470      13.0156  0.000507035      2.49221      1.62917  0.000507520      2.01356      2.58388  4.68262e-14  3.09012e-14      3.04707      1.76598  2.34761e-14  7.16225e-05       50726.704       0          21         -46       0
      9.19355      11.0000      1.66501  6.42785e-14   0.00153347      1.32673      15.9545   0.00143847      1.69299      1.58387   0.00144219      1.16713      1.83644  1.16206e-13  5.45929e-14      3.62264      2.06757  1.75949e-14  7.76679e-05       50206.618       0          21         -46       0
      9.19355      11.0833      1.90844  5.12033e-14  0.000569907      1.72587      8.97754  0.000545139      1.92938      1.63355  0.000545561      1.66538      2.00558  6.42553e-14  4.71371e-14      4.20637      2.35528  1.37167e-14  7.86003e-05       49356.184       0          21         -46       0
      9.19355      11.1667      1.50410  7.61438e-14  0.000484780      1.42301      4.31055  0.000483432      1.50910      1.65667  0.000484863      1.43394      1.39900  8.24540e-14  8.59149e-14      1.79627      1.16181  5.66427e-14  0.000190286       49924.704       0          21         -46       0
      9.19355      11.2500      1.64795  6.53919e-14  0.000655570      1.54622      5.06836  0.000652411      1.65678      1.65208  0.000651989      1.47308      1.66443  7.88353e-14  6.43159e-14      1.99828      1.25198  4.74246e-14  0.000127329       51008.172       0          21         -46       0
      9.19355      11.3333      1.69063  6.26633e-14  0.000416992      1.63778      3.55518  0.000414436      1.70063      1.66667  0.000416053      1.59836      1.66684  6.88080e-14  6.41615e-14      2.03966      1.29698  4.58315e-14  0.000150174       52997.058       0          21         -46       0
      9.19355      11.4167      2.32293  3.69009e-14  0.000280906      2.29167      2.32812  0.000263925      2.33761      1.67995  0.000268006      2.14733      2.27833  4.20659e-14  3.81126e-14      2.79695      1.77475  2.70782e-14  0.000176233       52139.026       0          21         -46       0
      9.19355      11.5000      2.39662  3.50292e-14  0.000383669      2.23411      7.78125  0.000379947      2.40162      1.64917  0.000379831      2.07872      2.41861  4.44053e-14  3.45000e-14      2.94153      1.73447  2.48966e-14  7.79053e-05       52046.186       0          21         -46       0
      9.19355      11.5833      1.90118  5.15296e-14  0.000574006      1.78368      6.71875  0.000571685      1.90368      1.65167  0.000571602      1.66077      1.90070  6.45526e-14  5.15512e-14      2.30259      1.42053  3.74458e-14  0.000113567       50121.602       0          21         -46       0
      9.19355      11.6667      1.60421  6.83902e-14  0.000627396      1.46166      7.39166  0.000597994      1.61204      1.63905  0.000598231      1.45167      1.67270  8.07821e-14  6.37868e-14      3.29283      1.90119  2.06291e-14  8.36124e-05       51345.268       0          21         -46       0
      9.19355      11.7500      1.98853  4.78126e-14  0.000429669      1.87102      6.71875  0.000426611      1.99103      1.65167  0.000426391      1.77896      2.05998  5.75641e-14  4.50806e-14      2.42608      1.48072  3.43231e-14  9.45941e-05       51454.110       0          21         -46       0
      9.19355      11.8333      1.37934  8.79651e-14  0.000481633      1.31184      3.68750  0.000479798      1.39434      1.65667  0.000482489      1.34939      1.29643  9.12432e-14  9.75398e-14      1.35630     0.906648  9.04699e-14  0.000216675       52636.338       0          21         -46       0
      9.19355      11.9167      1.11155  1.26051e-13  0.000743264      1.03655      3.93750  0.000731675      1.11655      1.65417  0.000730521      1.04820      1.13722  1.39003e-13  1.21345e-13      1.40628     0.929722  8.51743e-14  0.000189986       53801.174       0          21         -46       0
      9.19355      12.0000      1.00832  1.48285e-13   0.00129291     0.918323      5.43750   0.00124284      1.02138      1.63714   0.00124421     0.931112      1.07687  1.69340e-13  1.32889e-13      1.75351      1.12084  5.89636e-14  0.000121273       53148.566       0         -20         -29       0
      9.19355      12.0833      1.95213  4.93076e-14  0.000439714      1.85588      5.14062  0.000440193      1.96713      1.65667  0.000440446      1.73833      1.87929  5.98241e-14  5.25337e-14      1.77109      1.12827  5.79909e-14  0.000137878       52813.800       0         -20         -29       0
      9.19355      12.1667      2.32442  3.68615e-14  0.000441382      2.24942      3.93750  0.000438763      2.32442      1.66667  0.000441382      2.06282      2.53571  4.49774e-14  3.18857e-14      2.77028      1.79878  2.75142e-14  0.000206552       52979.832       0         -20         -29       0
      9.19355      12.2500      1.63336  6.63682e-14  0.000525481      1.56586      3.68750  0.000522919      1.64336      1.66167  0.000526874      1.55320      1.47194  7.21741e-14  7.89370e-14      1.94840      1.27857  4.94653e-14  0.000229965       51652.734       0         -20         -29       0
      9.19355      12.3333      1.53876  7.33070e-14  0.000685839      1.45688      4.46094  0.000686328      1.54376      1.65667  0.000687072      1.24256      1.67965  1.04688e-13  6.33477e-14      1.83296      1.20513  5.47656e-14  0.000181610       51886.592       0          21         -46       0
      9.19355      12.4167      1.94707  4.95216e-14  0.000229868      1.87088      4.46997  0.000230536      1.95707      1.66167  0.000229891      1.78792      1.98579  5.70842e-14  4.79225e-14      2.35839      1.45275  3.59806e-14  9.30630e-05       53520.008       0         -20         -29       0
      9.19355      12.5000      1.11948  1.24567e-13   0.00175129     0.973696      7.77539   0.00165991      1.13596      1.61527   0.00166370     0.962941      1.24627  1.60114e-13  1.04169e-13      2.49928      1.51360  3.26640e-14  0.000102155       54495.034       0         -20         -29       0
      9.19355      12.5833      1.10817  1.26693e-13  0.000803254     0.970111     0.836678  0.000762420      2.22575      1.44332  0.000763458      1.03600      1.13669  1.41740e-13  1.21440e-13     0.898770     0.638878  1.79617e-13  0.000246149       54939.154       0         -20         -29       0
      9.19355      12.6667      1.20346  1.10419e-13   0.00101148      1.10846      5.06250  0.000995222      1.22096      1.64167  0.000994776      1.05043      1.31852  1.38510e-13  9.48311e-14      1.43474     0.944843  8.23771e-14  0.000134062       54852.362       0         -20         -29       0
      9.19355      12.7500      1.34338  9.19249e-14  0.000562075     0.811982     0.129045  0.000369430      10.6474      1.16247  0.000374823      1.26416      1.36371  1.01724e-13  8.96517e-14     0.868454     0.622420  1.90188e-13  0.000306756       54929.398       0         -20         -29       0
      9.19355      12.8333      3.28031  2.07605e-14  0.000195620      3.08511      9.80322  0.000193832      3.28280      1.65167  0.000193728      2.76390      3.26174  2.76202e-14  2.09578e-14      4.11795      2.30751  1.42111e-14  6.78077e-05       55552.490       0         -20         -29       0
      9.19355      12.9167      1.20549  1.10109e-13   0.00144217      1.07799      6.96875   0.00139071      1.21752      1.62948   0.00139254      1.01039      1.29063  1.47779e-13  9.82713e-14      2.14630      1.32541  4.20996e-14  0.000120404       54968.004       0         -20         -29       0
      9.19355      13.0000      1.41281  8.45197e-14  0.000650050      1.33640      4.53320  0.000647758      1.41781      1.65667  0.000647582      1.31083      1.44119  9.57599e-14  8.17641e-14      1.56130      1.01662  7.15513e-14  0.000180690       54212.676       0         -20         -29       0
      9.19355      13.0833      1.25774  1.02592e-13   0.00157279      1.09523      7.78125   0.00151821      1.27149      1.62417   0.00152304      1.03589      1.37299  1.41766e-13  8.86437e-14      1.96402      1.22677  4.88110e-14  0.000128061       54501.994       0         -20         -29       0
      9.19355      13.1667      1.85043  5.39065e-14  0.000374218      1.79566      3.50488  0.000367630      1.86043      1.66667  0.000372814      1.79048      1.67546  5.69483e-14  6.36120e-14      1.57814      1.02707  7.02833e-14  0.000161461       55981.558       0         -20         -29       0
      9.19355      13.2500      1.31509  9.52435e-14   0.00220414      1.05332      12.4098   0.00211182      1.34425      1.58103   0.00211104      1.00829      1.32864  1.48293e-13  9.36309e-14      1.55603      1.02915  7.19555e-14  0.000213091       56141.590       0         -20         -29       0
      9.19355      13.3333      1.98043  4.81389e-14  0.000594313      1.80320      9.15674  0.000583216      1.99434      1.63823  0.000583337      1.71073      2.17402  6.14413e-14  4.12089e-14      2.41802      1.47264  3.45140e-14  9.95405e-05       55933.090       0         -20         -29       0
      9.19355      13.4167      2.91079  2.53364e-14  0.000266836      2.74828      7.78125  0.000266036      2.92219      1.65323  0.000265934      2.41735      2.89569  3.45299e-14  2.55569e-14      3.61221      2.08065  1.76797e-14  7.89400e-05       56613.804       0         -20         -29       0
      9.19355      13.5000      1.41242  8.45579e-14  0.000873082      1.28492      6.96875  0.000839154      1.42461      1.63605  0.000839070      1.22838      1.50492  1.06711e-13  7.60742e-14      2.59279      1.55328  3.07244e-14  8.75604e-05       56746.632       0         -20         -29       0
      9.19355      13.5833      2.40724  3.47720e-14  0.000329172      2.24475      7.78125  0.000324499      2.41224      1.64792  0.000324263      2.07801      2.43854  4.44306e-14  3.40313e-14      2.96287      1.74386  2.45984e-14  7.71908e-05       56471.638       0         -20         -29       0
      9.19355      13.6667      1.26853  1.01141e-13   0.00188848      1.06384      9.77734   0.00178317      1.27388      1.60582   0.00178789     0.995615      1.44222  1.51453e-13  8.16666e-14      2.92042      1.71649  2.51973e-14  7.71932e-05       56182.850       0         -20         -29       0
      9.19355      13.7500      2.35535  3.60581e-14  0.000328171      2.27035      5.06250  0.000328324      2.36535      1.66167  0.000328658      2.07726      2.40209  4.44576e-14  3.48963e-14      2.29086      1.39430  3.77656e-14  0.000102599       56770.420       0         -20         -29       0
      9.19355      13.8333      2.00070  4.73290e-14  0.000467597      1.83508      8.38281  0.000453905      2.01066      1.64315  0.000454446      1.77311      2.07452  5.78813e-14  4.45554e-14      2.45959      1.46947  3.35474e-14  8.02095e-05       56622.776       0         -20         -29       0
      9.19355      13.9167      1.44106  8.17755e-14   0.00105935      1.26030      9.21289  0.000998475      1.45481      1.62417   0.00100343      1.22768      1.60230  1.06812e-13  6.85263e-14      3.85338      2.16440  1.58743e-14  7.73498e-05       56776.424       0         -20         -29       0
      9.19355      14.0000      1.43388  8.24598e-14   0.00131677      1.23530      9.16772   0.00124747      1.44587      1.61538   0.00125008      1.18635      1.58864  1.13085e-13  6.95110e-14      3.29409      1.90124  2.06160e-14  8.24679e-05       56762.452       0         -20         -29       0
      9.19355      14.0833      1.97752  4.82570e-14  0.000659929      1.74878      10.2344  0.000633930      1.99487      1.62761  0.000634946      1.61814      2.15956  6.74118e-14  4.16698e-14      3.36101      1.93022  1.99364e-14  8.28020e-05       56730.202       0         -20         -29       0
      9.19355      14.1667      1.87598  5.26883e-14  0.000359931      1.38977     0.316816  0.000326153      1.88833      1.67331  0.000349824      1.74386      1.71229  5.95082e-14  6.13479e-14      1.32534     0.886227  9.40189e-14  0.000209583       57097.124       0         -20         -29       0
      9.19355      14.2500      2.05665  4.52022e-14  0.000401485      1.96166      5.06250  0.000401678      2.06478      1.65948  0.000401786      1.84946      2.03465  5.39536e-14  4.60200e-14      2.50583      1.53450  3.25220e-14  0.000123234       57528.658       0         -20         -29       0
      9.19355      14.3333     0.385577  7.36055e-13    0.0188842     0.293078      5.25000    0.0173848     0.296203      1.67511    0.0173459     0.295451     0.455180  1.14715e-12  5.58201e-13      4.86194      2.98824  1.07749e-14  0.000169101       56642.504       0         -20         -29       0
      9.19355      14.4167      1.00569  1.48931e-13   0.00505180     0.724432      13.2656   0.00464371      1.04663      1.53106   0.00467348     0.681284      1.11670  2.85024e-13  1.25084e-13      3.22339      1.88009  2.13751e-14  9.44840e-05       56850.724       0         -20         -29       0
      9.19355      14.5000      1.86978  5.29802e-14  0.000984492      1.57579      13.1357  0.000934562      1.88204      1.61321  0.000938022      1.41321      2.09581  8.44790e-14  4.38034e-14      3.95975      2.21681  1.51699e-14  7.85368e-05       57543.454       0         -20         -29       0
      9.19355      14.5833     0.763492  2.35734e-13   0.00395187     0.635994      6.71875   0.00367970     0.640994      1.67761   0.00368000     0.628117     0.875345  3.26359e-13  1.87700e-13      3.13378      1.84251  2.24034e-14  8.79926e-05       58035.260       0         -20         -29       0
      9.19355      14.6667      2.73676  2.80782e-14  0.000160865      2.58425      8.03125  0.000156840      2.74269      1.65401  0.000156523      2.42936      2.78274  3.42459e-14  2.73091e-14      3.42186      1.93810  1.93490e-14  7.27418e-05       58399.036       0         -20         -29       0
      9.19355      14.7500      1.70142  6.20025e-14  0.000856306      1.48940      10.2285  0.000809701      1.71517      1.62417  0.000812561      1.35148      1.83411  9.10077e-14  5.47082e-14      4.64441      2.57134  1.16290e-14  6.92535e-05       58740.488       0         -20         -29       0
      9.19355      14.8333      1.09907  1.28445e-13   0.00233434     0.921850      9.15674   0.00219161      1.11493      1.59902   0.00219752     0.902491      1.30608  1.78385e-13  9.63416e-14      3.51005      2.01491  1.85455e-14  8.05143e-05       58754.856       0         -20         -29       0
      9.19355      14.9167     0.442382  5.85374e-13   0.00414995     0.405885      40.6709   0.00359765     0.266445      1.90831   0.00343296     0.430413     0.489259  6.12756e-13  4.94916e-13      1.89853      1.20517  5.16498e-14  0.000145041       58398.860       0         -20         -29       0
      9.19355      15.0000     0.363263  8.12943e-13    0.0206843     0.274748      5.23926    0.0190252     0.279084      1.67672    0.0190042     0.281898     0.432033  1.24054e-12  6.08930e-13      2.52176      1.53870  3.21802e-14  0.000182412       57178.122       0         -20         -29       0
      9.19355      15.0833      1.15428  1.18370e-13   0.00213751      1.00660      7.78540   0.00209393      1.18295      1.61214   0.00209452     0.923685      1.26668  1.71615e-13  1.01388e-13      1.36105     0.906248  8.99444e-14  0.000203044       57402.790       0         -20         -29       0
      9.19355      15.1667      1.12228  1.24050e-13   0.00303727     0.884719      11.0602   0.00284766      1.14811      1.57326   0.00285701     0.807517      1.26279  2.14705e-13  1.01908e-13      2.46570      1.49273  3.34089e-14  0.000101536       57654.038       0         -20         -29       0
      9.19355      15.2500      1.42326  8.34877e-14   0.00159515      1.19450      10.2344   0.00151238      1.44607      1.60230   0.00151576      1.11426      1.60632  1.25540e-13  6.82407e-14      3.16743      1.84594  2.20082e-14  8.18980e-05       57702.156       0         -20         -29       0
      9.19355      15.3333      1.68337  6.31145e-14   0.00106186      1.43635      11.6660   0.00100435      1.69537      1.61538   0.00100800      1.32493      1.89273  9.40674e-14  5.19136e-14      4.03936      2.26185  1.46749e-14  6.93274e-05       58183.264       0         -20         -29       0
      9.19355      15.4167     0.710354  2.65850e-13   0.00810068     0.520082      9.18701   0.00744489     0.501850      1.69066   0.00743390     0.513367     0.834414  4.56790e-13  2.03295e-13      3.31779      1.90899  2.03711e-14  9.58818e-05       58366.260       0         -20         -29       0
      9.19355      15.5000      1.70277  6.19210e-14  0.000765756      1.55026      7.78125  0.000748751      1.70913      1.63972  0.000749049      1.43733      1.78220  8.21297e-14  5.73897e-14      2.30157      1.40758  3.74733e-14  9.03676e-05       58759.874       0         -20         -29       0
      9.19355      15.5833      1.22648  1.06987e-13   0.00146114      1.06398      8.28125   0.00137087      1.24464      1.61894   0.00137941      1.05763      1.34860  1.36944e-13  9.13322e-14      3.84715      2.16853  1.59171e-14  7.52238e-05       59262.524       0         -20         -29       0
      9.19355      15.6667      1.55121  7.23288e-14   0.00103417      1.36053      9.52332  0.000987003      1.56496      1.62417  0.000989768      1.32023      1.67332  9.46264e-14  6.37479e-14      3.02767      1.77162  2.37273e-14  7.50799e-05       60015.688       0         -20         -29       0
      9.19355      15.7503      2.68996  2.88970e-14  0.000412622      2.39869      13.7656  0.000399776      2.70621      1.63417  0.000400631      2.18902      2.85711  4.07391e-14  2.61347e-14      3.35902      1.90796  1.99561e-14  7.15015e-05       60051.052       0         -20         -29       0
      9.19355      15.8333      4.24120  1.35295e-14  0.000146070      4.12367      6.71875  0.000146297      4.25120      1.66167  0.000146524      3.63278      4.10992  1.75132e-14  1.42574e-14      5.31149      2.98699  9.29827e-15  6.81907e-05       60074.598       0         -20         -29       0
      9.19355      15.9167     0.911424  1.75480e-13   0.00632504     0.640179      13.0156   0.00577464     0.964571      1.51082   0.00581484     0.609100      1.01053  3.43517e-13  1.47746e-13      3.75571      2.10940  1.65682e-14  9.10518e-05       59465.138       0         -20         -29       0
      9.19355      16.0000      3.49102  1.87143e-14  0.000230820      3.21977      13.0156  0.000228475      3.50602      1.64417  0.000228487      2.87050      3.59649  2.59319e-14  1.78086e-14      4.38178      2.43482  1.28138e-14  7.58102e-05       59011.886       0         -20         -29       0
      9.19355      16.0833      3.03276  2.36610e-14  0.000302492      2.76149      13.0156  0.000295239      3.03347      1.63995  0.000295342      2.46675      3.25251  3.33851e-14  2.10570e-14      3.79616      2.11994  1.62751e-14  6.58791e-05       59233.350       0         -20         -29       0
      9.19355      16.1667      2.04233  4.57320e-14  0.000457391      1.92346      6.27881  0.000457060      2.05483      1.65542  0.000456612      1.71518      2.20396  6.11760e-14  4.02799e-14      2.47944      1.51852  3.31010e-14  8.81086e-05       58993.816       0         -20         -29       0
      9.19355      16.2500    0.0297053  5.27681e-11      1.82770    0.0215536      27.9628      1.69199    0.0222053      1.67354      1.69894    0.0281267    0.0301954  5.77959e-11  5.13485e-11    0.0430349     0.184553  2.84486e-11      1.16354       41695.572       0         -21         -32       1
      9.19355      16.3333    0.0206859  9.64509e-11     0.928625    0.0147914     0.377046     0.912637    0.0181859      1.66479     0.928526    0.0351605    0.0426999  3.98416e-11  2.88215e-11     0.109081     0.105888  6.03734e-12   0.00613552       29073.222       0         -21         -31       1
      9.19355      16.4167    0.0383942  3.44075e-11      1.88137    0.0273005      1.98047      1.85531    0.0283942      1.67167      1.85527    0.0455172    0.0553350  2.59101e-11  1.87109e-11    0.0595409     0.130277  1.65604e-11      1.39729       39061.116       0         -21         -32       1
      9.19355      16.5000    0.0287548  5.57073e-11      1.04152    0.0228879      52.1941     0.951713    0.0192125      2.45926     0.904621    0.0419635    0.0390631  2.96694e-11  3.34311e-11    0.0566827     0.205401  1.79754e-11     0.542108       33319.792       0         -21         -31       1
      9.19355      16.5833    0.0189759  1.11367e-10      2.17671    0.0118412      1.92405      2.04815    0.0123866      1.66631      2.04733    0.0324112    0.0526813  4.56320e-11  2.03080e-11    0.0270863    0.0506288  6.15433e-11     0.946362       22968.268       0         -21         -30       1
      9.19355      16.6667    0.0157224  1.52370e-10      2.03185   0.00937474      1.89111      1.81012   0.00717146      7.27718      1.20672    0.0427780    0.0511823  2.87340e-11  2.13090e-11    0.0191273     0.224536  1.09902e-10     0.741654       15424.086       0         -56         -57       1
      9.19355      16.7500    0.0170045  1.33707e-10      2.53323   0.00997450      2.16946      2.26032    0.0104152      1.66631      2.25882    0.0490739    0.0443297  2.28566e-11  2.70773e-11    0.0196655    0.0566359  1.04935e-10     0.860010       17704.922       0         -21         -30       1
      9.19355      16.8333    0.0137698  1.90057e-10      3.71081   0.00674262      2.36340      2.96027   0.00682155      1.66401      2.92303    0.0474572    0.0457788  2.41690e-11  2.56638e-11   0.00962823    0.0802129  3.45026e-10      2.00343       15398.896       0         -21         -30       1
      9.19355      16.9167    0.0182991  1.18317e-10      1.93053      0.00000      0.00000          NaN    0.0110310      1.66621      1.62633    0.0414271    0.0466750  3.03125e-11  2.48478e-11    0.0238278     0.100047  7.61999e-11     0.930215       20070.148       0         -21         -29       1
      9.19355      17.0000    0.0141966  1.80629e-10      1.04833    0.0106615      1.69775     0.989553    0.0110741      1.66750     0.989182    0.0392378    0.0555159  3.31834e-11  1.86094e-11    0.0851635    0.0769391  9.12024e-12   0.00901880       14719.738       0         -21         -29       1
      9.19355      17.0833    0.0186915  1.14206e-10      3.35729       0       0          NaN       0       0      3.80983    0.0317190    0.0502433  4.73038e-11  2.19768e-11    0.0175369    0.0835171  1.27011e-10      1.80332       20344.402       0         -56         -55       1
      9.19355      17.1667    0.0224154  8.43694e-11      3.70766    0.0124154      2.00000      3.46100    0.0130404      1.67151      3.45935    0.0299168    0.0395525  5.21479e-11  3.27446e-11    0.0189193    0.0369857  1.11923e-10      1.55496       23554.910       0         -21         -29       1
      9.19355      17.2500    0.0246123  7.21955e-11      1.81511    0.0155644      7.69299      1.60900    0.0158623      1.67135      1.60956    0.0534424    0.0435744  1.98283e-11  2.78640e-11    0.0250224    0.0333330  7.02339e-11      1.29178       24533.630       0         -21         -29       1
      9.19355      17.3333    0.0159448  1.48844e-10      3.69714       0       0          NaN       0       0      4.04918    0.0350579    0.0551722  4.00361e-11  1.88030e-11    0.0116732     0.129506  2.50291e-10      2.71191       16435.592       0         -56         -55       1
      9.19355      17.4167      1.31172  9.56524e-14  0.000900228      1.26172      3.12500  0.000896954      1.32172      1.66667  0.000897441      1.12199      1.32643  1.24102e-13  9.38902e-14      1.08889     0.751635  1.30454e-13  0.000385577       36404.676       0         -21         -29       0
      9.19355      17.5000      1.07714  1.32833e-13   0.00200162     0.949650      7.21875   0.00194529      1.09089      1.62417   0.00194877     0.862173      1.19378  1.92503e-13  1.11916e-13      1.58824      1.03686  6.95405e-14  0.000187406       35997.756       0         -21         -29       0
      9.19355      17.5833      1.23696  1.05479e-13   0.00163392      1.10946      6.96875   0.00160955      1.25071      1.62417   0.00160935     0.999518      1.40808  1.50468e-13  8.49932e-14      1.37212     0.907763  8.87384e-14  0.000206845       34331.848       0          21         -46       0
      9.19355      17.6667      1.03811  1.41260e-13   0.00273721     0.857336      9.21289   0.00260251      1.06007      1.59746   0.00261336     0.819550      1.14623  2.09477e-13  1.19759e-13      1.81054      1.15250  5.59003e-14  0.000124780       35722.856       0          21         -46       0
      9.19355      17.7500      1.22193  1.07651e-13   0.00157080      1.06944      7.53125   0.00151099      1.23568      1.62417   0.00151579      1.01931      1.35864  1.45631e-13  9.02105e-14      2.12510      1.31373  4.28018e-14  0.000100332       39782.144       0          21         -46       0
      9.19355      17.8333     0.210482  2.01869e-12    0.0152760     0.190287      73.4215    0.0128078     0.126981      1.97486    0.0121689     0.209459     0.242387  2.03515e-12  1.59556e-12      3.84316      2.63666  1.59446e-14  0.000223909       40165.628       0          21         -46       0
      9.19355      17.9167     0.575946  3.77103e-13   0.00528493     0.500946      3.93750   0.00509042     0.500946      1.67979   0.00506741     0.502179     0.650365  4.73876e-13  3.07964e-13     0.985114     0.692011  1.54153e-13  0.000240388       38552.646       0          21         -46       0
      9.19355      18.0000     0.656287  3.03347e-13   0.00524552     0.550896      6.04395   0.00497122     0.547225      1.68101   0.00496190     0.551356     0.776722  4.05548e-13  2.29080e-13      1.51138     0.990058  7.55333e-14  0.000128245       39789.720       0          21         -46       0
      9.19355      18.0833     0.721374  2.59116e-13   0.00377283     0.620750      5.25000   0.00358843     0.626629      1.67605   0.00358158     0.623933     0.798907  3.30014e-13  2.18576e-13      1.52242     0.994434  7.46228e-14  0.000126026       40155.506       0          21         -46       0
      9.19355      18.1667     0.726118  2.56301e-13   0.00395115     0.623525      6.02997   0.00374721     0.617071      1.68106   0.00373628     0.622009     0.809969  3.31717e-13  2.13623e-13      1.63216      1.05510  6.64496e-14  0.000117481       42511.560       0         -21         -30       0
      9.19355      18.2500     0.856055  1.94802e-13   0.00291957     0.738556      6.71875   0.00278103     0.878085      1.60949   0.00279297     0.727827     0.924834  2.55299e-13  1.71260e-13      1.73908      1.11101  5.97808e-14  0.000107670       43188.228       0         -21         -30       0
      9.19355      18.3333      1.57003  7.08896e-14   0.00100068      1.42752      7.53125  0.000984948      1.59003      1.63667  0.000985488      1.30758      1.78337  9.61568e-14  5.73269e-14      1.89730      1.19673  5.17056e-14  9.24201e-05       42978.102       0         -21         -30       0
      9.19355      18.4167      1.29188  9.81131e-14   0.00221377      1.05363      10.8402   0.00210488      1.32875      1.58543   0.00210917     0.951647      1.46770  1.63294e-13  7.93174e-14      2.05868      1.27817  4.51281e-14  9.10069e-05       42784.608       0         -56         -57       0
      9.19355      18.5000      1.90130  5.15242e-14  0.000534394      1.79958      5.06836  0.000533896      1.90630      1.65667  0.000533756      1.64283      2.09527  6.57315e-14  4.38222e-14      1.95404      1.22388  4.92273e-14  8.60178e-05       44203.978       0         -21         -30       0
      9.19355      18.5833      1.46638  7.94358e-14  0.000990276      1.32384      7.39166  0.000964557      1.47419      1.63730  0.000965846      1.26569      1.66150  1.01520e-13  6.45049e-14      2.21616      1.35979  3.99112e-14  8.43418e-05       44063.540       0         -21         -30       0
      9.19355      18.6667      1.41962  8.38445e-14   0.00135498      1.24240      9.15674   0.00130685      1.43869      1.61980   0.00130887      1.17157      1.65907  1.15474e-13  6.46631e-14      2.26761      1.38721  3.84132e-14  8.23301e-05       43760.322       0         -21         -30       0
      9.19355      18.7500      1.61576  6.75770e-14  0.000800388      1.47322      7.39166  0.000783979      1.62360      1.63905  0.000784000      1.37301      1.74959  8.86418e-14  5.91839e-14      2.28703      1.40004  3.78712e-14  8.67902e-05       42244.434       0         -21         -30       0
      9.19355      18.8333      1.29548  9.76586e-14   0.00174603      1.11012      9.57080   0.00166499      1.30861      1.60792   0.00166577      1.04855      1.42794  1.38926e-13  8.30322e-14      2.45927      1.48389  3.35545e-14  9.62034e-05       42224.042       0         -21         -30       0
      9.19355      18.9167      1.09712  1.28827e-13   0.00199133     0.954612      7.53125   0.00190290      1.11163      1.61398   0.00190455     0.924115      1.22785  1.71482e-13  1.06787e-13      2.14341      1.32296  4.21943e-14  9.22488e-05       42528.202       0         -21         -30       0
      9.19355      19.0000     0.692285  2.77516e-13   0.00715781     0.529791      7.78125   0.00665457     0.519167      1.68597   0.00664766     0.529248     0.812691  4.34174e-13  2.12432e-13      2.38228      1.44837  3.53813e-14  9.55109e-05       42385.748       0         -21         -30       0
      9.19355      19.0833     0.857612  1.94213e-13   0.00417646     0.695106      7.78125   0.00394187     0.868977      1.58223   0.00395027     0.684187     0.982621  2.83012e-13  1.54805e-13      1.87640      1.18429  5.26689e-14  0.000106602       40626.078       0         -21         -30       0
      9.19355      19.1667      1.53188  7.38560e-14  0.000662103      1.43689      5.06250  0.000658922      1.53575      1.65471  0.000658528      1.36839      1.59339  8.91415e-14  6.91660e-14      1.84783      1.17437  5.40330e-14  0.000113604       39721.522       0         -21         -30       0
      9.19355      19.2500      1.31920  9.47502e-14   0.00154117      1.13842      9.21289   0.00147490      1.33568      1.61527   0.00147843      1.10530      1.49765  1.27242e-13  7.66911e-14      2.42499      1.46570  3.43488e-14  8.87803e-05       39517.666       0         -21         -30       0
      9.19355      19.3333     0.192676  2.33910e-12    0.0633643     0.143379      3.38965    0.0583593     0.145176      1.67479    0.0580149     0.199029     0.251997  2.21599e-12  1.49544e-12      4.08096      2.97975  1.44264e-14  0.000318571       38845.518       0         -21         -30       0
      9.19355      19.4167      1.58208  6.99919e-14  0.000555019      1.50240      4.58984  0.000554671      1.59708      1.65667  0.000554355      1.43451      1.61424  8.23996e-14  6.76833e-14      1.91054      1.20992  5.11097e-14  0.000107361       39474.824       0         -21         -30       0
      9.19355      19.5000     0.915759  1.74098e-13   0.00172549     0.843727      4.16602   0.00170370     0.923257      1.64167   0.00170088     0.820521      1.00348  2.09064e-13  1.49479e-13      1.07486     0.739739  1.33303e-13  0.000178979       40338.134       0          21         -46       0
      9.19355      19.5833      1.44928  8.10045e-14  0.000380715      1.39928      3.12500  0.000376261      1.45928      1.66667  0.000379018      1.38319      1.48553  8.75568e-14  7.77371e-14      1.42934     0.941831  8.28970e-14  0.000135603       41713.836       0          21         -46       0
      9.19355      19.6667     0.944706  1.65298e-13   0.00158953     0.879708      3.93750   0.00158165     0.956895      1.64604   0.00158131     0.847030      1.02190  1.98273e-13  1.45016e-13      1.05729     0.733452  1.37017e-13  0.000189591       43396.464       0          21         -46       0
      9.19355      19.7500      1.11794  1.24852e-13  0.000887881      1.06794      3.12500  0.000886367      1.12107      1.66229  0.000888888      1.02593      1.17751  1.44068e-13  1.14505e-13      1.12979     0.775065  1.22677e-13  0.000176984       43364.404       0          21         -46       0
      9.19355      19.8333      1.14992  1.19119e-13  0.000983711      1.08492      3.93750  0.000981458      1.16461      1.65104  0.000981907      1.04812      1.21382  1.39020e-13  1.08852e-13      1.35161     0.905271  9.09935e-14  0.000155288       40710.696       0          21         -46       0
      9.19355      19.9167      1.17304  1.15233e-13   0.00117886      1.09273      4.41016   0.00117250      1.18523      1.64604   0.00117219      1.03233      1.24898  1.42582e-13  1.03793e-13      1.38426     0.926153  8.74446e-14  0.000153312       40584.820       0          21         -46       0
      9.19355      20.0000     0.767414  2.33729e-13   0.00178931     0.721789      3.06250   0.00178764     0.747414      1.67417   0.00179050     0.706529     0.813172  2.68254e-13  2.12223e-13     0.765664     0.559489  2.34620e-13  0.000322699       40776.120       0          21         -46       0
      9.19355      20.0833      1.20659  1.09941e-13  0.000759813      1.15050      3.49805  0.000758664      1.21659      1.66167  0.000760404      1.11671      1.22683  1.25082e-13  1.06935e-13      1.18608     0.806067  1.13128e-13  0.000151089       41632.574       0          21         -46       0
      9.19355      20.1667     0.875674  1.87582e-13  0.000943370     0.836299      2.77344  0.000933209      1.17646      1.55555  0.000932749     0.838871     0.886015  2.01498e-13  1.83948e-13     0.861171     0.617339  1.92877e-13  0.000265991       43490.134       0          21         -46       0
      9.19355      20.2500     0.983587  1.54552e-13   0.00154481     0.908587      3.93750   0.00153501      1.00109      1.64167   0.00153463     0.874243      1.04938  1.88094e-13  1.38742e-13      1.07249     0.741450  1.33794e-13  0.000189892       44635.258       0          21         -46       0
      9.19355      20.3333     0.745760  2.45149e-13   0.00154752     0.708964      2.83594   0.00153670     0.985701      1.55546   0.00153501     0.697698     0.787129  2.73936e-13  2.24054e-13     0.701957     0.520469  2.71172e-13  0.000360997       47220.306       0          21         -46       0
      9.19355      20.4167     0.830182  2.05025e-13   0.00136630     0.784557      3.06250   0.00136393     0.845182      1.65667   0.00136648     0.785266     0.882896  2.24941e-13  1.85032e-13     0.854286     0.614041  1.95475e-13  0.000284262       44538.350       0          21         -46       0
      9.19355      20.5000      1.57077  7.08339e-14  0.000482916      1.50577      3.68750  0.000481716      1.57077      1.66667  0.000482916      1.41548      1.64193  8.42534e-14  6.57916e-14      1.88412      1.21427  5.23098e-14  0.000130229       44509.092       0          21         -46       0
      9.19355      20.5833     0.752869  2.41303e-13   0.00270694     0.680370      4.18750   0.00267030     0.688338      1.67759   0.00266952     0.665255     0.826390  2.96562e-13  2.06595e-13     0.871852     0.624379  1.88955e-13  0.000282364       43482.250       0         -20         -30       0
      9.19355      20.6667     0.779215  2.27859e-13  0.000876917     0.684985     0.853951  0.000795434      1.23269      1.50357  0.000800582     0.771278     0.822676  2.31781e-13  2.08152e-13     0.711243     0.526865  2.65297e-13  0.000363538       42947.632       0         -20         -30       0
      9.19355      20.7500     0.966161  1.59226e-13  0.000788933     0.933661      2.62500  0.000765945      1.37382      1.54421  0.000764442     0.920389     0.990375  1.72641e-13  1.52791e-13     0.900254     0.640421  1.79124e-13  0.000245048       42612.810       0          21         -46       0
      9.19355      20.8333     0.910061  1.75919e-13   0.00194233     0.840061      3.81250   0.00193739     0.927562      1.64167   0.00193987     0.795539      1.03423  2.20120e-13  1.42145e-13     0.855490     0.614407  1.95016e-13  0.000275600       42678.068       0          21         -46       0
      9.19355      20.9167     0.975817  1.56608e-13   0.00112088     0.937067      3.04688   0.00111281     0.997379      1.66057   0.00111771     0.899258      1.02621  1.79455e-13  1.44002e-13     0.878227     0.627655  1.86674e-13  0.000250852       43626.350       0          21         -46       0
      9.19355      21.0000     0.981353  1.55139e-13  0.000746075     0.941354      3.12500  0.000742207     0.987603      1.66479  0.000745466     0.954885      1.01968  1.62372e-13  1.45543e-13      1.14612     0.796730  1.19779e-13  0.000257251       43977.126       0          21         -46       0
      9.19355      21.0833     0.869227  1.89907e-13   0.00175455     0.818406      3.48291   0.00175292     0.874227      1.65667   0.00175729     0.770054     0.923727  2.32395e-13  1.71602e-13     0.792063     0.575843  2.21733e-13  0.000312759       44349.576       0          21         -46       0
      9.19355      21.1667      1.10263  1.27756e-13   0.00160912      1.00888      5.23438   0.00159439      1.12446      1.63440   0.00159442     0.951913      1.20246  1.63217e-13  1.10572e-13      1.13951     0.779010  1.20938e-13  0.000166592       45186.480       0          21         -46       0
      9.19355      21.2500      1.26980  1.00972e-13  0.000861684      1.20480      3.68750  0.000861230      1.28480      1.65667  0.000862863      1.14636      1.38154  1.19737e-13  8.77320e-14      1.22210     0.827453  1.07627e-13  0.000158325       45399.028       0          21         -46       0
      9.19355      21.3333     0.734143  2.51649e-13   0.00184566     0.694768      2.77344   0.00184190     0.726643      1.66792   0.00184864     0.679750     0.773988  2.86097e-13  2.30430e-13     0.685427     0.510553  2.82159e-13  0.000360823       45870.466       0         -20         -30       0
      9.19355      21.4167      1.28955  9.84078e-14  0.000357178      1.13436     0.821390  0.000309293      2.24258      1.49321  0.000311099      1.24504      1.27246  1.04342e-13  1.00621e-13      1.12757     0.774186  1.23081e-13  0.000182775       45731.532       0         -20         -29       0
      9.19355      21.5000      1.38241  8.76397e-14  0.000625527      1.33538      3.35352  0.000623042      1.38241      1.66667  0.000625527      1.26695      1.41998  1.01351e-13  8.38092e-14      1.32231     0.883833  9.43787e-14  0.000127590       45323.116       0         -20         -30       0
      9.19355      21.5833     0.778957  2.27985e-13   0.00158285     0.748957      2.87500   0.00156007      1.22107      1.50268   0.00155020     0.723970     0.805350  2.57570e-13  2.15669e-13     0.677944     0.505889  2.87368e-13  0.000380861       45665.706       0         -20         -30       0
      9.19355      21.6667      1.20830  1.09683e-13  0.000924851      1.14970      3.65430  0.000924052      1.22330      1.65667  0.000926253      1.09570      1.32434  1.29104e-13  9.41377e-14      1.42066     0.957628  8.37426e-14  0.000184237       47465.994       0         -20         -29       0
      9.19355      21.7500      1.19488  1.11743e-13   0.00134741      1.10863      4.70312   0.00134828      1.20738      1.64667   0.00134877     0.995861      1.27969  1.51390e-13  9.96754e-14      1.04827     0.727477  1.38987e-13  0.000184475       47931.926       0         -20         -29       0
      9.19355      21.8333      1.09101  1.30031e-13   0.00114992      1.03632      3.77734   0.00114918      1.10601      1.65667   0.00115134     0.976339      1.14237  1.56469e-13  1.20434e-13      1.01099     0.706056  1.47634e-13  0.000199480       45634.736       0         -20         -29       0
      9.19355      21.9167      1.08243  1.31754e-13   0.00128506      1.02977      3.36133   0.00128101      1.09743      1.65667   0.00128786     0.963868      1.13679  1.59858e-13  1.21421e-13     0.840862     0.605658  2.00703e-13  0.000325184       44847.842       0         -20         -29       0
      9.19355      22.0000      1.05792  1.36880e-13   0.00104424      1.00710      3.48291   0.00104265      1.07292      1.65667   0.00104588     0.973073      1.13525  1.57345e-13  1.21696e-13     0.999464     0.698625  1.50482e-13  0.000213773       45037.696       0         -20         -29       0
      9.19355      22.0833     0.763254  2.35856e-13  0.000801817     0.675410     0.929651  0.000706744      1.26867      1.48481  0.000711105     0.757602     0.760172  2.38796e-13  2.37452e-13     0.664484     0.496680  2.97136e-13  0.000432074       44731.544       0         -20         -30       0
      9.19355      22.1667      1.10140  1.27994e-13  0.000893153      1.05140      3.12500  0.000890056      1.11140      1.66167  0.000893619      1.01761      1.13107  1.46037e-13  1.22446e-13      1.04852     0.726391  1.38932e-13  0.000186108       44993.056       0         -20         -29       0
      9.19355      22.2500     0.795405  2.20182e-13   0.00146640     0.755249      3.02539   0.00145977      1.04680      1.55697   0.00145793     0.746223     0.815132  2.44896e-13  2.11373e-13     0.751202     0.550620  2.42197e-13  0.000321410       44854.762       0         -20         -29       0
      9.19355      22.3333     0.988524  1.53268e-13  0.000706395     0.961961      2.61328  0.000663132      1.49836      1.52752  0.000656505     0.934171      1.00155  1.68417e-13  1.49960e-13     0.868038     0.621543  1.90340e-13  0.000263690       45264.124       0         -20         -29       0
      9.19355      22.4167      1.07761  1.32737e-13  0.000638195     0.961272     0.933099  0.000587528      2.04429      1.46031  0.000588064      1.01371      1.08703  1.46974e-13  1.30826e-13     0.896775     0.638431  1.80284e-13  0.000240803       46886.960       0         -20         -29       0
      9.19355      22.5000     0.780926  2.27028e-13   0.00116976     0.662273     0.636326   0.00107701      1.40265      1.46197   0.00108135     0.735568     0.808482  2.50837e-13  2.14278e-13     0.643028     0.483272  3.13843e-13  0.000434817       46028.558       0         -20         -29       0
      9.19355      22.5833      1.11582  1.25247e-13  0.000755891      1.08028      2.71094  0.000738856      1.30820      1.61011  0.000744801      1.05444      1.11137  1.37634e-13  1.26085e-13     0.964892     0.679948  1.59575e-13  0.000233334       47503.454       0         -20         -29       0
      9.19355      22.6667     0.839450  2.01266e-13   0.00126660     0.803825      2.81250   0.00125041      1.26188      1.51849   0.00124507     0.796548     0.883983  2.19656e-13  1.84653e-13     0.763209     0.558109  2.35879e-13  0.000303750       48101.816       0         -20         -29       0
      9.19355      22.7500      1.33642  9.27241e-14  0.000361279      1.14429     0.637475  0.000299576      2.62146      1.46352  0.000301119      1.30818      1.33603  9.60838e-14  9.27686e-14      1.12821     0.774189  1.22964e-13  0.000162038       48462.870       0         -20         -29       0
      9.19355      22.8333     0.862242  1.92478e-13   0.00104724     0.797735      1.46570   0.00101952      1.26085      1.52972   0.00102033     0.814141     0.904963  2.11802e-13  1.77573e-13     0.781758     0.569967  2.26625e-13  0.000311183       47884.456       0         -20         -29       0
      9.19355      22.9167      1.02303  1.44748e-13  0.000405642     0.862952     0.591726  0.000254109      2.09113      1.43973  0.000261469     0.968107      1.02694  1.58693e-13  1.43831e-13     0.886461     0.633054  1.83793e-13  0.000268850       47335.988       0         -20         -29       0
      9.19355      23.0000      1.11171  1.26021e-13  0.000728806      1.01429      1.27216  0.000709567      1.51624      1.56007  0.000712439      1.05379      1.13267  1.37776e-13  1.22158e-13      1.29676     0.889886  9.74982e-14  0.000229415       47204.340       0         -20         -29       0
      9.19355      23.0833     0.764891  2.35016e-13  0.000964163     0.694101      1.08621  0.000875326      1.25080      1.49353  0.000875772     0.739161     0.783157  2.48808e-13  2.25951e-13     0.668292     0.499387  2.94319e-13  0.000399139       47242.656       0         -20         -29       0
      9.19355      23.1667      1.09969  1.28325e-13  0.000706961     0.858444     0.342502  0.000578002      3.23440      1.35303  0.000579968      1.04316      1.09975  1.40123e-13  1.28313e-13     0.838911     0.603349  2.01482e-13  0.000252895       46788.046       0         -20         -29       0
      9.19355      23.2500      1.18003  1.14097e-13   0.00104996      1.11628      3.85938   0.00104863      1.18503      1.65667   0.00105131      1.04280      1.30928  1.40205e-13  9.59496e-14      1.38583     0.935458  8.72798e-14  0.000184733       47461.566       0         -20         -29       0
      9.19355      23.3333      1.25879  1.02449e-13  0.000665805      1.20348      3.59766  0.000664896      1.26879      1.66167  0.000666127      1.18011      1.32953  1.14085e-13  9.35265e-14      1.26623     0.851696  1.01448e-13  0.000142268       48186.426       0         -20         -29       0
      9.19355      23.4167      1.11839  1.24768e-13   0.00102157      1.07152      2.93750   0.00101341      1.12839      1.66167   0.00102262      1.01640      1.19335  1.46325e-13  1.11982e-13     0.946034     0.667731  1.64912e-13  0.000231238       48559.128       0         -20         -29       0
      9.19355      23.5000     0.615473  3.37609e-13   0.00110253     0.566114      1.59169   0.00106406     0.802332      1.55836   0.00106929     0.602744     0.647542  3.49575e-13  3.10205e-13     0.604922     0.460246  3.47480e-13  0.000495736       48427.504       0         -20         -29       0
      9.19355      23.5833      1.13448  1.21833e-13  0.000586246     0.950292     0.551565  0.000511495      2.42578      1.43217  0.000513510      1.06402      1.16090  1.35575e-13  1.17248e-13     0.926113     0.655573  1.70866e-13  0.000217738       48604.584       0         -20         -29       0
      9.19355      23.6667      1.38336  8.75395e-14  0.000683922      1.33336      3.12500  0.000676627      1.39336      1.66667  0.000681541      1.24844      1.45918  1.03868e-13  8.00906e-14      1.14573     0.783722  1.19847e-13  0.000208207       49161.876       0         -20         -29       0
      9.19355      23.7500      1.17380  1.15109e-13  0.000531338      1.13380      2.87500  0.000512726      1.95255      1.49977  0.000507360      1.13344      1.15394  1.22020e-13  1.18428e-13      1.05581     0.732628  1.37338e-13  0.000210040       49213.208       0         -20         -29       0
      9.19355      23.8333      1.13343  1.22022e-13  0.000315875      1.02218      1.06205  0.000259983      1.87348      1.50270  0.000262041      1.06029      1.14941  1.36372e-13  1.19208e-13      1.02917     0.714867  1.43312e-13  0.000218871       48259.392       0         -20         -29       0
      9.19355      23.9167      1.43132  8.27055e-14  0.000708835      1.38132      3.12500  0.000701485      1.44132      1.66667  0.000706694      1.27740      1.54558  9.99732e-14  7.27683e-14      1.19249     0.809572  1.12117e-13  0.000153745       46659.752       0         -20         -29       0
