        2022      8.58065       0.0000000      5.38011  9.10144e-15  0.000107965      5.15142      10.2344  0.000108444      5.39511      1.65667  0.000108485      4.64918      5.67917  1.16092e-14  8.31676e-15      6.81496      3.66651  6.13748e-15  6.01846e-05       65527.698       0         -12         -25       0
        2022      8.58065       0.0000000      5.77946  8.07761e-15  0.000157197      5.05816      30.9686  0.000155676      5.80571      1.62917  0.000155708      4.36799      5.91808  1.28813e-14  7.76476e-15      7.33918      3.91117  5.42437e-15  5.67658e-05       65523.152       0         -12         -25       0
        2022      8.58065       0.0000000      5.73053  8.19290e-15  0.000108168      5.50181      10.2344  0.000108702      5.74553      1.65667  0.000108842      4.83813      5.50370  1.08634e-14  8.76336e-15      7.20281      3.98580  5.59662e-15  6.28046e-05       65360.542       0         -12         -25       0
        2022      8.58065       0.0000000      4.61128  1.17687e-14  9.74604e-05      4.46970      7.17578  9.78285e-05      4.61377      1.66417  9.76781e-05      4.19421      4.68615  1.37831e-14  1.14570e-14      5.79798      3.21018  8.03466e-15  6.17622e-05       65248.562       0         -12         -25       0
        2022      8.58065       0.0000000      3.34947  2.00510e-14  0.000214971      3.12696      10.5312  0.000213132      3.35197      1.65167  0.000213099      2.95181      3.36741  2.47523e-14  1.98732e-14      4.19487      2.35463  1.37794e-14  6.09788e-05       65236.822       0         -12         -25       0
        2022      8.58065       0.0000000      6.20330  7.17889e-15  0.000113476      5.77991      19.4404  0.000113728      6.21579      1.64667  0.000113831      5.00665      6.42037  1.02609e-14  6.77894e-15      7.86654      4.22977  4.83195e-15  5.99050e-05       64888.562       0         -12         -25       0
        2022      8.58065       0.0000000      3.43030  1.92698e-14  0.000365780      3.00364      19.1846  0.000362374      3.44819      1.62683  0.000362265      2.89659      3.28488  2.55438e-14  2.07124e-14      4.18170      2.53495  1.38518e-14  0.000123283       65390.862       0         -12         -25       0
        2022      8.58065       0.0000000      6.62137  6.43946e-15  0.000103725      6.14066      21.0703  0.000104332      6.63387      1.64667  0.000104358      5.33724      6.85559  9.22361e-15  6.07697e-15      8.39190      4.52774  4.33839e-15  5.67920e-05       65528.000      1.00000         -12         -25       0
        2022      8.58065       0.0000000      4.62522  1.17096e-14  0.000176608      4.25585      17.5547  0.000175545      4.64272      1.64167  0.000175637      3.75257      4.98359  1.65913e-14  1.03401e-14      5.85876      3.16984  7.89623e-15  5.77684e-05       65528.000      1.00000         -12         -25       0
        2022      8.58065       0.0000000      1.30146  9.69126e-14   0.00120436      1.19344      6.11292   0.00120023      1.31005      1.64011   0.00120077      1.14513      1.53393  1.19951e-13  7.36921e-14      1.16391     0.794509  1.16743e-13  0.000170630       65523.496       0         -12         -25       0
        2022      8.58065       0.0000000      4.85249  1.08099e-14  0.000159052      4.52401      14.6455  0.000161096      4.85499      1.65167  0.000160599      4.01319      5.08418  1.48347e-14  1.00014e-14      5.96825      3.52073  7.65628e-15  7.15839e-05       65528.000      1.00000         -12         -25       0
        2022      8.58065       0.0000000      4.77624  1.10990e-14  0.000155579      4.50490      13.0156  0.000156582      4.77874      1.65167  0.000156694      3.96137      4.59816  1.51596e-14  1.18247e-14      5.96313      3.37477  7.66722e-15  6.69401e-05       65528.000      1.00000         -12         -25       0
        2022      8.58065       0.0000000      5.14285  9.81198e-15  0.000138353      4.91409      10.2344  0.000139089      5.14784      1.65667  0.000139201      4.41967      5.10817  1.26312e-14  9.92325e-15      6.42335      3.62762  6.77371e-15  8.42651e-05       65528.000      2.00000         -11         -25       0
        2022      8.58065       0.0000000      2.43860  3.40299e-14   0.00119999      1.74229      30.3241   0.00111256      2.48266      1.55731   0.00111720      1.60076      2.59110  6.86361e-14  3.07578e-14      3.03119      1.73818  2.36813e-14  0.000127228       65528.000      2.00000         -11         -25       0
        2022      8.58065       0.0000000      2.10700  4.34165e-14  0.000377255      1.33405     0.182997  0.000349158      2.11700      1.66667  0.000375665      1.72833      2.17118  6.04020e-14  4.12988e-14      1.29493     0.868630  9.77282e-14  0.000218524       65528.000      2.00000         -11         -25       0
        2022      8.58065       0.0000000      4.62209  1.17228e-14  0.000160478      4.25889      16.5990  0.000159995      4.62990      1.64729  0.000159865      3.75006      4.70275  1.66098e-14  1.13896e-14      5.84482      3.17585  7.92764e-15  6.75870e-05       65528.000      2.00000         -11         -25       0
        2022      8.58065       0.0000000      5.49510  8.78624e-15  0.000140371      5.06840      19.1846  0.000140613      5.49759      1.65167  0.000140301      4.34548      6.03015  1.29927e-14  7.52574e-15      6.94486      3.75676  5.94734e-15  5.85122e-05       65528.000      2.00000         -11         -25       0
        2022      8.58065       0.0000000      1.25562  1.02881e-13  0.000919877      1.00338     0.466490  0.000862012      4.11630      1.32507  0.000860769      1.11867      1.13254  1.24718e-13  1.22182e-13      1.43695      1.03406  8.21660e-14  0.000469135       65526.806       0         -12         -25       0
        2022      8.58065       0.0000000      3.82454  1.60743e-14  0.000187838      3.55327      13.0156  0.000186449      3.83179      1.64585  0.000186506      3.21119      4.06490  2.15105e-14  1.45215e-14      4.81127      2.66388  1.09647e-14  6.31224e-05       65528.000      2.00000         -11         -25       0
        2022      8.58065       0.0000000      1.94131  4.97666e-14  0.000473735      1.84132      5.50000  0.000474308      1.94631      1.65667  0.000474899      1.73244      2.10055  6.01634e-14  4.36389e-14      2.32469      1.47540  3.68543e-14  0.000146051       65527.874       0         -12         -25       0
        2022      8.58065       0.0000000     0.716544  2.62034e-13   0.00244686     0.596192     0.797842   0.00241292      1.42181      1.40759   0.00241403     0.571923     0.775218  3.81534e-13  2.29821e-13     0.534022     0.416307  4.27724e-13   0.00100234       65527.594       0         -12         -25       0
        2022      8.58065       0.0000000      2.96003  2.46378e-14  0.000317686      2.75221      9.62891  0.000319988      2.97222      1.64604  0.000320324      2.29520      3.16514  3.76467e-14  2.20347e-14      3.57155      2.23392  1.80164e-14  0.000126580       65528.000      1.00000         -12         -25       0
        2022      8.58065       0.0000000      3.22817  2.13224e-14  0.000417932      2.85878      17.5547  0.000415553      3.25441      1.62917  0.000415299      2.46777      3.25864  3.33622e-14  2.09911e-14      2.42862      1.47109  3.42634e-14  8.27673e-05       65528.000      1.00000         -12         -25       0
        2022      8.58065       0.0000000      1.61374  6.77183e-14  0.000907753      1.49625      6.71875  0.000909038      1.63124      1.64167  0.000910323      1.30297      1.83052  9.67255e-14  5.48873e-14      1.90261      1.29049  5.14652e-14  0.000281282       65528.000      1.00000         -12         -25       0
        2022      8.58065       0.0000000     0.750932  2.42342e-13   0.00164869     0.637648     0.956316   0.00161960     0.730932      1.66917   0.00165127     0.743094     0.789814  2.46617e-13  2.22786e-13     0.680662     0.508788  2.85459e-13  0.000489783       65528.000      1.00000         -12         -25       0
        2022      8.58065       0.0000000     0.666349  2.95751e-13   0.00272018     0.619473      2.93750   0.00271246     0.644472      1.66831   0.00272687     0.614460     0.698899  3.38537e-13  2.73153e-13     0.579002     0.445534  3.73791e-13  0.000750856       65528.000      1.00000         -12         -25       0
        2022      8.58065       0.0000000      2.32065  3.69612e-14  0.000297114      2.22690      5.23438  0.000296961      2.33315      1.66042  0.000297721      2.08064      2.44426  4.43371e-14  3.38988e-14      2.81659      1.73113  2.67644e-14  0.000100434       65528.000      1.00000         -12         -25       0
        2022      8.58065       0.0000000      1.45705  8.02861e-14   0.00127147      1.33205      6.56250   0.00127105      1.46619      1.63933   0.00127131      1.20907      1.56964  1.09566e-13  7.09191e-14      1.14277     0.787537  1.20365e-13  0.000311266       65528.000      1.00000         -12         -25       0
        2022      8.58065       0.0000000      3.07364  2.31388e-14  0.000286383      2.84488      10.2344  0.000282732      3.08177      1.64480  0.000282692      2.63453      3.43890  2.99174e-14  1.91895e-14      3.82057      2.18094  1.61021e-14  6.50039e-05       65528.000      1.00000         -12         -25       0
        2022      8.58065       0.0000000      4.47585  1.23681e-14  0.000195669      4.10648      17.5547  0.000195128      4.49335      1.64167  0.000195189      3.54121      4.78180  1.82744e-14  1.10776e-14      5.63404      3.10996  8.42808e-15  6.46021e-05       65518.036       0         -12         -25       0
        2022      8.58065       0.0000000      1.02146  1.45119e-13   0.00109683     0.868627     0.799561   0.00107818      1.53625      1.51857   0.00108263     0.924200      1.02871  1.71456e-13  1.43419e-13     0.782216     0.570238  2.26404e-13  0.000343723       65335.682       0         -12         -25       0
        2022      8.58065       0.0000000      3.75568  1.65684e-14  0.000211106      3.52693      10.2344  0.000210755      3.75818      1.65167  0.000210734      3.19329      3.88468  2.17119e-14  1.56616e-14      4.70342      2.63549  1.13869e-14  6.38791e-05       65527.240       0         -12         -25       0
        2022      8.58065       0.0000000      3.56106  1.81049e-14  0.000185277      3.28982      13.0156  0.000184675      3.57544      1.64386  0.000184709      2.85100      3.43406  2.62281e-14  1.92346e-14      4.39844      2.55387  1.27330e-14  7.30355e-05       65527.178       0         -12         -25       0
        2022      8.58065       0.0000000     0.778469  2.28223e-13   0.00137325     0.695173      1.09406   0.00134275      1.23883      1.49340   0.00134376     0.731852     0.842616  2.52963e-13  2.00008e-13     0.643142     0.486586  3.13750e-13  0.000543149       65479.080       0         -12         -25       0
        2022      8.58065       0.0000000      4.41624  1.26476e-14  0.000206394      3.98062      20.0078  0.000205282      4.43748      1.63417  0.000205410      3.39602      4.58466  1.95950e-14  1.18828e-14      5.51092      3.12812  8.74423e-15  6.49610e-05       65528.000      1.00000         -12         -25       0
        2022      8.58065       0.0000000      4.17560  1.38856e-14  0.000293025      3.58768      25.9435  0.000287259      4.18935      1.62417  0.000287332      3.08789      4.67807  2.29611e-14  1.14899e-14      5.25541      2.89787  9.46422e-15  6.66045e-05       65528.000      1.00000         -12         -25       0
        2022      8.58065       0.0000000      4.14879  1.40355e-14  0.000302847      3.54058      26.3604  0.000298680      4.17254      1.61917  0.000298549      3.03117      4.47767  2.36817e-14  1.23597e-14      5.18157      2.93002  9.69005e-15  7.01960e-05       65528.000      1.00000         -12         -25       0
        2022      8.58065       0.0000000      2.79516  2.71072e-14  0.000414902      2.52394      13.0156  0.000412330      2.80016      1.63667  0.000412202      2.24530      3.21427  3.90516e-14  2.14762e-14      3.40733      2.05831  1.94867e-14  9.65476e-05       65528.000      1.00000         -12         -25       0
        2022      8.58065       0.0000000      3.56988  1.80305e-14  0.000282439      3.20048      17.5547  0.000277895      3.59113      1.63417  0.000277958      2.85343      4.02933  2.61909e-14  1.47358e-14      4.48178      2.50475  1.23408e-14  6.94558e-05       65528.000      1.00000         -12         -25       0
        2022      8.58065       0.0000000      2.63053  2.99932e-14  0.000225215      2.52428      5.95312  0.000225020      2.64491      1.65854  0.000225485      2.36620      2.65536  3.57831e-14  2.95272e-14      3.21126      1.93185  2.15098e-14  8.83334e-05       65528.000      1.00000         -12         -25       0
        2022      8.58065       0.0000000      4.68103  1.14778e-14  0.000225983      4.07291      26.3604  0.000222777      4.70728      1.62917  0.000222729      3.58118      5.11173  1.79358e-14  9.91171e-15      5.87605      3.26086  7.85753e-15  6.51762e-05       65528.000      1.00000         -12         -25       0
        2022      8.58065       0.0000000      3.71203  1.68944e-14  0.000492162      2.85192      37.1963  0.000471600      3.74891      1.58543  0.000471610      2.48222      3.92737  3.30392e-14  1.53789e-14      4.62156      2.64375  1.17251e-14  9.48173e-05       65528.000      1.00000         -12         -25       0
        2022      8.58065       0.0000000      2.27259  3.82730e-14  0.000470678      2.07708      9.95667  0.000467368      2.28173      1.63933  0.000467424      1.87688      2.46149  5.26464e-14  3.35042e-14      2.75276      1.71221  2.78067e-14  0.000139384       65528.000      1.00000         -12         -25       0
        2022      8.58065       0.0000000      2.88035  2.57842e-14  0.000411814      2.57034      14.3750  0.000408650      2.89660      1.63417  0.000408233      2.29441      3.47732  3.76683e-14  1.88375e-14      3.53356      2.11511  1.83404e-14  0.000103239       65528.000      1.00000         -12         -25       0
        2022      8.58065       0.0000000      2.93410  2.50017e-14  0.000351581      2.66753      12.2383  0.000349728      2.94270      1.64011  0.000349548      2.29717      3.30619  3.75930e-14  2.04903e-14      3.61056      2.13464  1.76931e-14  9.88141e-05       65528.000      1.00000         -12         -25       0
        2022      8.58065       0.0000000      2.63874  2.98380e-14  0.000357778      2.40997      10.2344  0.000353408      2.64733      1.64011  0.000353429      2.22678      2.82352  3.95943e-14  2.66549e-14      3.25179      1.90792  2.10648e-14  7.49407e-05       65528.000      1.00000         -12         -25       0
        2022      8.58065       0.0000000      3.33474  2.01988e-14  0.000254597      3.17223      7.78125  0.000255454      3.34724      1.65417  0.000255853      2.71971      3.62598  2.83721e-14  1.75679e-14      4.10006      2.42119  1.43146e-14  8.76569e-05       65528.000      1.00000         -12         -25       0
        2022      8.58065       0.0000000      1.27069  1.00854e-13   0.00153450      1.10820      7.78125   0.00150476      1.30104      1.61581   0.00150408      1.00389      1.35812  1.49378e-13  9.02682e-14      1.11958     0.771563  1.24547e-13  0.000298940       65528.000      1.00000         -12         -25       0
        2022      8.58065       0.0000000     0.501828  4.74428e-13   0.00368489     0.366136     0.304980   0.00344453      1.13760      1.35838   0.00346807     0.480341     0.510604  5.10325e-13  4.60916e-13     0.363481     0.301051  8.12132e-13   0.00130812       65401.108       0         -12         -25       0
        2022      8.58065       0.0000000      2.99711  2.41319e-14  0.000322560      2.81495      8.77295  0.000322742      2.99961      1.65167  0.000322733      2.46637      3.35289  3.33938e-14  2.00169e-14      3.69187      2.18549  1.70485e-14  7.82651e-05       65528.000      1.00000         -12         -25       0
        2022      8.58065       0.0000000      3.39599  1.95953e-14  0.000495222      2.79105      26.6162  0.000482649      3.41911      1.60293  0.000482596      2.40057      4.11695  3.49331e-14  1.42169e-14      4.17122      2.48388  1.39099e-14  9.87966e-05       65528.000      1.00000         -12         -25       0
        2022      8.58065       0.0000000      2.62406  3.01166e-14  0.000610156      2.22115      17.9858  0.000585941      2.63982      1.61266  0.000586577      2.03094      2.96661  4.61601e-14  2.45468e-14      3.26189      1.88073  2.09562e-14  6.56534e-05       65527.726       0         -12         -25       0
        2022      8.58065       0.0000000      3.00433  2.40353e-14  0.000637873      2.37569      27.8149  0.000615236      3.02629      1.59284  0.000615101      2.10454      3.14449  4.35010e-14  2.22764e-14      3.68561      2.20151  1.70967e-14  9.60521e-05       65528.000      1.00000         -12         -25       0
        2022      8.58065       0.0000000      2.97066  2.44910e-14  0.000590933      2.41459      24.7124  0.000564185      2.98879      1.60293  0.000565229      2.14826      3.22415  4.20355e-14  2.13667e-14      3.69390      2.11035  1.70328e-14  6.80280e-05       65528.000      1.00000         -12         -25       0
        2022      8.58065       0.0000000      4.92304  1.05529e-14  0.000179150      4.61279      14.8322  0.000180238      4.93554      1.64667  0.000180600      3.70317      5.30910  1.69618e-14  9.30523e-15      6.05258      3.56080  7.47931e-15  7.73502e-05       65524.888       0         -12         -25       0
        2022      8.58065       0.0000000      3.18518  2.18041e-14  0.000573228      2.52305      28.2461  0.000549286      3.21706      1.59043  0.000549229      2.26164      3.41102  3.85826e-14  1.94516e-14      3.94284      2.29337  1.52785e-14  7.77510e-05       65490.804       0         -12         -25       0
        2022      8.58065       0.0000000      3.63405  1.75030e-14  0.000299024      3.24469      17.8047  0.000297141      3.65061      1.63480  0.000296931      2.82142      3.93112  2.66880e-14  1.53545e-14      4.50887      2.61733  1.22175e-14  7.88797e-05       65450.370       0         -12         -25       0
        2022      8.58065       0.0000000      4.87181  1.07385e-14  0.000164037      4.52996      15.6975  0.000164235      4.87431      1.65167  0.000164012      3.88050      5.41646  1.56898e-14  8.99989e-15      6.11933      3.39936  7.34382e-15  6.81247e-05       65521.504       0         -12         -25       0
        2022      8.58065       0.0000000      2.97645  2.44117e-14  0.000845943      2.17363      35.5664  0.000800702      3.02168      1.56277  0.000800690      1.95251      2.89200  4.92919e-14  2.56114e-14      3.65238      2.18900  1.73568e-14  9.48623e-05       65528.000      1.00000         -12         -25       0
        2022      8.58065       0.0000000      4.10512  1.42852e-14  0.000241545      3.77650      14.6455  0.000244585      4.11262      1.64667  0.000243905      3.06209      3.73027  2.32844e-14  1.67569e-14      4.95980      3.09324  1.04229e-14  0.000122185       65528.000      1.00000         -12         -25       0
        2022      8.58065       0.0000000      3.99526  1.49458e-14  0.000328354      3.39029      26.6162  0.000323341      4.01402      1.61917  0.000323152      2.83505      3.90290  2.64745e-14  1.55400e-14      4.94501      2.88560  1.04749e-14  8.45075e-05       65528.000      1.00000         -12         -25       0
        2022      8.58065       0.0000000      3.33978  2.01480e-14  0.000265869      3.11104      10.2344  0.000265777      3.35228      1.64667  0.000265925      2.79911      3.19978  2.70435e-14  2.16386e-14      4.11656      2.42323  1.42191e-14  8.74562e-05       65528.000      1.00000         -12         -25       0
        2022      8.58065       0.0000000      4.22623  1.36095e-14  0.000154856      4.08466      7.17578  0.000155418      4.23623      1.66167  0.000155594      3.42953      4.46277  1.92769e-14  1.24286e-14      5.24503      3.02567  9.49546e-15  8.88077e-05       65528.000      1.00000         -12         -25       0
        2022      8.58065       0.0000000      3.45257  1.90630e-14  0.000361271      3.02920      19.4404  0.000357208      3.47468      1.62652  0.000357106      2.56542      4.01211  3.12728e-14  1.48414e-14      4.23189      2.52081  1.35791e-14  0.000107976       65528.000      1.00000         -12         -25       0
        2022      8.58065       0.0000000      3.88513  1.56586e-14  0.000347936      3.29725      25.9435  0.000344565      3.91388      1.61417  0.000344472      2.72230      3.77675  2.83272e-14  1.64147e-14      4.77449      2.84166  1.11058e-14  9.33727e-05       65528.000      1.00000         -12         -25       0
        2022      8.58065       0.0000000      4.30097  1.32176e-14  0.000179966      4.07228      10.2344  0.000181609      4.31598      1.65167  0.000182017      3.45845      4.33072  1.90090e-14  1.30666e-14      5.30597      3.11904  9.31440e-15  0.000109329       65528.000      1.00000         -12         -25       0
        2022      8.58065       0.0000000      3.87502  1.57268e-14  0.000288777      3.54654      14.6455  0.000290051      3.89252      1.64167  0.000289915      2.96664      4.10229  2.45464e-14  1.43016e-14      4.73975      2.85118  1.12418e-14  9.32768e-05       65528.000      1.00000         -12         -25       0
        2022      8.58065       0.0000000      3.45652  1.90267e-14  0.000340169      3.12799      14.6455  0.000340740      3.46988      1.63901  0.000340401      2.62116      3.77024  3.01721e-14  1.64619e-14      4.22187      2.54295  1.36329e-14  9.82693e-05       65527.778       0         -12         -25       0
        2022      8.58065       0.0000000      5.25514  9.46503e-15  0.000204157      4.51614      32.3728  0.000202847      5.26888      1.62417  0.000202766      3.73404      5.17831  1.67288e-14  9.70024e-15      6.55671      3.73415  6.54564e-15  7.14358e-05       65528.000      1.00000         -12         -25       0
        2022      8.58065       0.0000000      4.21754  1.36562e-14  0.000229349      3.88902      14.6455  0.000231075      4.23254      1.64417  0.000231017      3.19832      4.19252  2.16551e-14  1.37923e-14      5.18444      3.06382  9.68113e-15  8.33645e-05       65528.000      1.00000         -12         -25       0
        2022      8.58065       0.0000000      1.24398  1.04489e-13   0.00152466      1.18398      4.25000   0.00152530      1.25898      1.65667   0.00152989     0.947693      1.18349  1.64431e-13  1.13541e-13     0.723266     0.535634  2.57988e-13  0.000514654       65513.666       0         -12         -26       0
        2022      8.58065       0.0000000     0.771631  2.31604e-13   0.00227099     0.726631      3.00000   0.00226982     0.754131      1.67042   0.00227598     0.678745     0.842334  2.86804e-13  2.00119e-13     0.665216     0.499086  2.96591e-13  0.000375811       65527.398       0         -12         -26       0
        2022      8.58065       0.0000000     0.715326  2.62778e-13   0.00218889     0.534278     0.327718   0.00206546      1.61939      1.38797   0.00207128     0.645438     0.686996  3.11893e-13  2.81086e-13     0.482168     0.381445  5.07106e-13  0.000890337       65492.378       0         -12         -26       0
        2022      8.58065       0.0000000     0.542132  4.17113e-13   0.00575450     0.485255      3.64844   0.00568718     0.492131      1.67542   0.00568332     0.467229     0.548667  5.34416e-13  4.08866e-13     0.512712     0.401576  4.57762e-13  0.000774966       65493.136       0         -12         -26       0
        2022      8.58065       0.0000000     0.626994  3.27333e-13   0.00480510     0.547309      4.58984   0.00468895     0.551995      1.67979   0.00468511     0.533233     0.687974  4.28780e-13  2.80420e-13     0.709176     0.528034  2.66587e-13  0.000427375       60940.242       0         -12         -26       0
        2022      8.58065       0.0000000      1.29002  9.83481e-14  0.000732324      1.00886     0.349554  0.000650899      1.30143      1.67940  0.000696107      1.16151      1.28214  1.17145e-13  9.93577e-14     0.903001     0.644719  1.78217e-13  0.000255247       60416.096       0         -13         -26       0
        2022      8.58065       0.0000000     0.814480  2.11655e-13   0.00219236     0.396385    0.0765588   0.00183573      7.82718      1.08500   0.00185476     0.698378     0.788975  2.73492e-13  2.23181e-13     0.457625     0.366910  5.53238e-13   0.00119277       61210.088       0         -13         -26       0
        2022      8.58065       0.0000000     0.587954  3.64354e-13   0.00395374     0.287612    0.0782420   0.00341560      5.24469      1.06555   0.00343653     0.531381     0.543660  4.31273e-13  4.15161e-13     0.322284     0.272367  9.92427e-13   0.00183548       57230.260       0         -13         -26       0
        2022      8.58065       0.0000000     0.859070  1.93664e-13   0.00188648     0.591204     0.215881   0.00175100      2.94299      1.29533   0.00175465     0.782596     0.792587  2.26221e-13  2.21488e-13     0.521842     0.408313  4.44491e-13  0.000747988       59898.846       0         -13         -26       0
        2022      8.58065       0.0000000      1.33737  9.26144e-14  0.000868697      1.06473     0.497544  0.000846994      1.34487      1.66417  0.000868898      1.15395      1.31737  1.18426e-13  9.49689e-14     0.989907     0.696122  1.52911e-13  0.000252575       58329.186       0         -13         -26       0
        2022      8.58065       0.0000000     0.486203  5.00111e-13   0.00886952     0.421203      3.93750   0.00877763     0.429641      1.67007   0.00879106     0.417599     0.431254  6.44411e-13  6.10765e-13     0.369223     0.306190  7.91190e-13   0.00202272       54957.822       0         -13         -26       0
        2022      8.58065       0.0000000     0.612419  3.40419e-13   0.00336666     0.579919      2.62500   0.00335818     0.607419      1.66792   0.00337040     0.545647     0.689734  4.12644e-13  2.79228e-13     0.492553     0.389331  4.89411e-13  0.000796541       56141.490       0         -13         -26       0
        2022      8.58065       0.0000000     0.849370  1.97364e-13   0.00135940     0.512653     0.131251   0.00101132      5.22855      1.17185   0.00101580     0.735971     0.840532  2.50608e-13  2.00835e-13     0.529066     0.412665  4.34422e-13  0.000622125       58376.780       0         -13         -26       0
        2022      8.58065       0.0000000     0.583107  3.69416e-13   0.00573892     0.518106      3.93750   0.00568905     0.533106      1.67542   0.00568919     0.505376     0.558356  4.68891e-13  3.97109e-13     0.497566     0.391694  4.81220e-13  0.000877838       53157.568       0         -13         -26       0
        2022      8.58065       0.0000000      1.26098  1.02153e-13   0.00105607     0.562351    0.0598316  0.000766858      45.8630     0.947653  0.000770370      1.10871      1.26249  1.26589e-13  1.01949e-13     0.623512     0.472154  3.30385e-13  0.000476312       53810.242       0         -13         -26       0
        2022      8.58065       0.0000000     0.536642  4.24250e-13   0.00261904     0.317013     0.116076   0.00155363     0.582892      1.67104   0.00203772     0.514421     0.536002  4.55231e-13  4.25094e-13     0.341966     0.286950  8.99064e-13   0.00124534       52363.754       0         -13         -26       0
        2022      8.58065       0.0000000      1.09221  1.29792e-13   0.00112637     0.518682    0.0661900  0.000685632      29.5570     0.971304  0.000692608      1.02248      1.07220  1.44879e-13  1.33855e-13     0.562665     0.433786  3.92054e-13  0.000514755       50411.232       0         -13         -27       0
        2022      8.58065       0.0000000      2.00217  4.72711e-14  0.000309398      1.24206     0.129890  0.000198046      2.02282      1.69218  0.000249672      1.82286      1.92067  5.52722e-14  5.06609e-14      1.29671     0.871833  9.75048e-14  0.000144995       50982.116       0         -13         -26       0
        2022      8.58065       0.0000000      1.25878  1.02451e-13   0.00112944      1.20878      3.12500   0.00112204      1.26628      1.66417   0.00112947      1.08024      1.31683  1.32199e-13  9.50339e-14     0.941855     0.669148  1.66133e-13  0.000267116       54295.502       0         -13         -26       0
        2022      8.58065       0.0000000     0.462283  5.43979e-13   0.00973305     0.197986    0.0717844   0.00938352      2.95423      1.07322   0.00943049     0.564782     0.420904  3.89608e-13  6.36001e-13     0.234834     0.209839  1.68201e-12   0.00437345       50952.864       0         -13         -26       0
        2022      8.58065       0.0000000     0.575441  3.77654e-13   0.00540944     0.222560    0.0526609   0.00469958      7.78822     0.987317   0.00478651     0.613427     0.539613  3.39487e-13  4.20363e-13     0.272758     0.237162  1.31059e-12   0.00286419       52668.998       0         -13         -26       0
        2022      8.58065       0.0000000     0.786940  2.24144e-13   0.00170357     0.593623     0.320529   0.00155730      2.29298      1.32872   0.00155633     0.764504     0.776432  2.35214e-13  2.29222e-13     0.536100     0.417978  4.24965e-13  0.000853312       54514.598       0         -13         -26       0
        2022      8.58065       0.0000000     0.643022  3.13848e-13   0.00472220     0.433075     0.254998   0.00459556      2.75808      1.19788   0.00458471     0.525576     0.681969  4.39241e-13  2.84548e-13     0.365735     0.304048  8.03805e-13   0.00196481       51795.384       0         -13         -26       0
        2022      8.58065       0.0000000     0.566283  3.87888e-13   0.00521431     0.287894    0.0976854   0.00493849      1.99069      1.24264   0.00498438     0.441355     0.618950  5.87646e-13  3.34454e-13     0.308310     0.262463  1.06852e-12   0.00213582       51242.528       0         -13         -26       0
        2022      8.58065       0.0000000     0.625142  3.28951e-13   0.00263665     0.457592     0.268485   0.00239290      1.60321      1.34968   0.00239850     0.571888     0.646370  3.81572e-13  3.11143e-13     0.427069     0.345746  6.20773e-13  0.000937294       51164.380       0         -13         -26       0
        2022      8.58065       0.0000000     0.697679  2.73949e-13   0.00396402     0.612680      5.06250   0.00386254     0.622680      1.67979   0.00386354     0.593075     0.768516  3.59125e-13  2.33171e-13     0.800802     0.583737  2.17714e-13  0.000392590       51849.352       0         -13         -26       0
        2022      8.58065       0.0000000     0.781721  2.26643e-13   0.00285614     0.353937    0.0672707   0.00251521      8.46269      1.05897   0.00253223     0.734638     0.710521  2.51366e-13  2.65747e-13     0.412431     0.335507  6.57925e-13   0.00140261       50392.492       0         -13         -26       0
        2022      8.58065       0.0000000     0.644220  3.12876e-13   0.00264738     0.599845      3.18750   0.00264009     0.612970      1.67401   0.00264152     0.598572     0.699333  3.53645e-13  2.72870e-13     0.656615     0.496167  3.03094e-13  0.000522656       49910.334       0         -13         -26       0
        2022      8.58065       0.0000000     0.944051  1.65489e-13   0.00161879     0.465648    0.0760604   0.00129601      11.7606      1.06129   0.00130520     0.826676     0.911345  2.06476e-13  1.75506e-13     0.526035     0.412111  4.38603e-13  0.000857056       50390.670       0         -13         -26       0
        2022      8.58065       0.0000000     0.664832  2.96877e-13   0.00467632     0.444358     0.284165   0.00460191      1.75410      1.31804   0.00460520     0.520388     0.622126  4.46564e-13  3.31613e-13     0.394768     0.323202  7.07716e-13   0.00174741       51367.150       0         -13         -27       0
        2022      8.58065       0.0000000     0.391229  7.18418e-13    0.0126890     0.356854      2.93750    0.0127362     0.371229      1.66917    0.0128169     0.300058     0.422887  1.11795e-12  6.31037e-13     0.230636     0.208441  1.73334e-12   0.00476000       50174.162       0         -13         -26       0
        2022      8.58065       0.0000000     0.548664  4.08870e-13   0.00560908     0.255134    0.0752736   0.00519072      2.93113      1.14966   0.00523694     0.447546     0.469976  5.74161e-13  5.29220e-13     0.292483     0.252102  1.16662e-12   0.00258213       51929.304       0         -13         -26       0
        2022      8.58065       0.0000000     0.617032  3.36189e-13   0.00397911     0.411201     0.239378   0.00381458      1.89367      1.27984   0.00382428     0.496003     0.606186  4.83751e-13  3.46273e-13     0.377626     0.311005  7.62067e-13   0.00135074       48957.528       0         -13         -26       0
        2022      8.58065       0.0000000      1.44492  8.14123e-14  0.000696298      1.34089      1.36300  0.000677030      1.45242      1.66917  0.000691267      1.29563      1.47852  9.76394e-14  7.83523e-14      1.07764     0.747723  1.32731e-13  0.000233388       49485.646       0         -13         -26       0
        2022      8.58065       0.0000000      1.70322  6.18936e-14  0.000623389      1.60322      5.50000  0.000624154      1.71822      1.65167  0.000624679      1.46186      1.76258  7.98461e-14  5.84582e-14      1.44300     0.952983  8.15924e-14  0.000138545       52499.522       0         -13         -26       0
        2022      8.58065       0.0000000      1.51325  7.53776e-14   0.00120125      1.42075      4.90625   0.00120694      1.52575      1.65167   0.00121005      1.15621      1.49790  1.18042e-13  7.66696e-14     0.872506     0.626815  1.88719e-13  0.000467680       51664.134       0         -13         -26       0
        2022      8.58065       0.0000000      1.12148  1.24196e-13  0.000823715     0.885284     0.412734  0.000747923      2.41296      1.42981  0.000751402      1.02205      1.11254  1.44980e-13  1.25865e-13     0.786449     0.574146  2.24377e-13  0.000399540       51980.662       0         -13         -26       0
        2022      8.58065       0.0000000      1.37099  8.88596e-14  0.000417919      1.31572      3.14014  0.000412716      1.37849      1.66542  0.000417298      1.27775      1.45394  9.99278e-14  8.05723e-14      1.62050      1.07665  6.72480e-14  0.000181273       54546.066       0         -13         -26       0
