  2022      8.00000     18.00000      8.58065     15.50000      1.67320   6.3755E-14      0.00360      0.96740     30.16853      0.00320      1.71811      1.47467      0.00323      0.85275      1.50271   1.9606E-13   7.6261E-14      3.38554      1.98830   1.9696E-14      0.00007  58041.94800            0           10           -2            0
  2022      8.00000     18.00000      8.58065     15.58333      0.26691   1.3588E-12      0.21664      0.08955      8.74243      0.17936      0.08725      1.68165      0.17882      0.08706      0.17419   8.7920E-12   2.7674E-12      6.44189      4.29221   6.7412E-15      0.00013  53216.14000            0          -25           15            1
  2022      8.00000     18.00000      8.58065     15.66667      3.78546   1.6352E-14      0.00019      3.49420     13.76562      0.00019      3.79296      1.64667      0.00019      2.88907      3.71289   2.5655E-14   1.6888E-14      4.71801      2.70506   1.1328E-14      0.00006  56842.90000            0          -22           11            0
  2022      8.00000     18.00000      8.58065     15.75000      3.06308   2.3272E-14      0.00018      2.92465      7.32422      0.00018      3.06808      1.65667      0.00018      2.54226      3.21805   3.1749E-14   2.1434E-14      3.78652      2.19297   1.6344E-14      0.00006  57781.88000            0          -20          -32            0
  2022      8.00000     18.00000      8.58065     15.83333      3.42646   1.9306E-14      0.00041      2.91472     22.67050      0.00040      3.45521      1.61417      0.00040      2.19761      3.45404   4.0474E-14   1.9049E-14      4.21983      2.47666   1.3644E-14      0.00009  59628.15200            0           16          -10            0
  2022      8.00000     18.00000      8.58065     15.91667      3.12728   2.2481E-14      0.00028      2.83602     13.26562      0.00027      3.14071      1.63605      0.00027      2.70648      3.28337   2.8604E-14   2.0728E-14      3.90179      2.21457   1.5547E-14      0.00007  63684.26000            0          -21            9            0
  2022      8.00000     18.00000      8.58065     16.00000      1.45908   8.0100E-14      0.00276      1.03242     19.18457      0.00252      1.50139      1.53712      0.00253      1.10493      1.83149   1.2731E-13   5.4839E-14      5.01587      2.79750   1.0229E-14      0.00005  59972.34200            0          -21            9            0
  2022      8.00000     18.00000      8.58065     16.08333      3.31015   2.0450E-14      0.00038      2.81121     22.50195      0.00036      3.33639      1.61667      0.00037      2.35806      3.53706   3.5989E-14   1.8310E-14      4.14852      2.33728   1.4037E-14      0.00005  59877.98600            0          -30           19            0
  2022      8.00000     18.00000      8.58065     16.16667      4.13467   1.4115E-14      0.00048      3.04519     48.23242      0.00046      4.16230      1.57422      0.00046      2.28606      3.92182   3.7898E-14   1.5415E-14      5.16337      2.92455   9.7471E-15      0.00005  63416.01600            0          -38           22            0
  2022      8.00000     18.00000      8.58065     16.25000      3.83536   1.5999E-14      0.00043      2.98752     36.62891      0.00041      3.85563      1.59379      0.00041      2.47198      3.86267   3.3268E-14   1.5811E-14      4.82757      2.68802   1.0903E-14      0.00005  61977.76800            0           14           -9            0
  2022      8.00000     18.00000      8.58065     16.33333      4.13795   1.4097E-14      0.00020      3.76862     17.55469      0.00020      4.15545      1.64167      0.00020      3.13925      4.28917   2.2338E-14   1.3278E-14      5.19882      2.89436   9.6365E-15      0.00005  60110.50200            0          -23           11            0
  2022      8.00000     18.00000      8.58065     16.41667      6.54842   6.5595E-15      0.00010      6.27719     13.01562      0.00010      6.56343      1.65667      0.00010      5.01443      5.97519   1.0234E-14   7.6414E-15      8.08010      4.71974   4.6210E-15      0.00006  58349.21000            0          -23           11            0
  2022      8.00000     18.00000      8.58065     16.50000      5.72721   8.2008E-15      0.00013      5.35769     17.55469      0.00013      5.73971      1.64667      0.00013      4.25186      5.65934   1.3473E-14   8.3654E-15      7.08705      4.12017   5.7498E-15      0.00005  58149.02400            0           13           33            0
  2022      8.00000     18.00000      8.58065     16.58333      5.72012   8.2178E-15      0.00014      5.28444     20.00781      0.00014      5.72761      1.64667      0.00014      3.92107      5.68779   1.5420E-14   8.2958E-15      7.07435      4.12860   5.7670E-15      0.00006  57893.45000            0          -22          -32            0
  2022      8.00000     18.00000      8.58065     16.66667      4.64700   1.1618E-14      0.00012      4.48448      7.78125      0.00012      4.64699      1.66167      0.00012      3.66026      4.64487   1.7295E-14   1.1627E-14      5.77600      3.28462   8.0857E-15      0.00006  56825.05800            0          -22          -32            0
  2022      8.00000     18.00000      8.58065     16.75000      8.53116   4.2210E-15      0.00009      8.05057     21.07031      0.00009      8.53366      1.65167      0.00009      6.61473      7.27302   6.4502E-15   5.5069E-15     10.10334      6.64198   3.1841E-15      0.00006  57773.67400            0          -22          -32            0
  2022      8.00000     18.00000      8.58065     16.83333      8.32856   4.3935E-15      0.00009      7.52541     35.56641      0.00009      8.33771      1.63933      0.00009      6.32289      7.42454   6.9540E-15   5.3208E-15     10.20323      6.10276   3.1323E-15      0.00005  57114.78400            0          -22          -32            0
  2022      8.00000     18.00000      8.58065     16.91667      8.63471   4.1370E-15      0.00009      7.90702     31.92432      0.00009      8.64221      1.64667      0.00009      5.87405      7.67472   7.8620E-15   5.0349E-15     10.29451      6.65040   3.0862E-15      0.00005  57161.71600            0          -23           10            0
  2022      8.00000     18.00000      8.58065     17.00000      9.69797   3.4090E-15      0.00008      8.89511     35.56641      0.00008      9.71548      1.64167      0.00008      6.32758      8.21258   6.9454E-15   4.4974E-15     11.27040      7.80857   2.6538E-15      0.00005  58723.33600            0          -23           10            0
  2022      8.00000     18.00000      8.58065     17.08333      8.47476   4.2679E-15      0.00009      7.67161     35.56641      0.00009      8.49226      1.64167      0.00009      5.36310      7.51722   9.1496E-15   5.2119E-15     10.24862      6.36086   3.1092E-15      0.00005  59975.12400            0          -23           10            0
  2022      8.00000     18.00000      8.58065     17.16667     10.09805   3.1869E-15      0.00008      8.82731     55.40820      0.00008     10.12431      1.62917      0.00008      6.27590      8.58541   7.0410E-15   4.1766E-15     11.87222      7.98617   2.4334E-15      0.00005  59932.60000            0          -23           10            0
  2022      8.00000     18.00000      8.58065     17.25000      7.11498   5.7122E-15      0.00011      6.45956     28.75781      0.00011      7.13248      1.64167      0.00011      4.88327      6.49435   1.0697E-14   6.6507E-15      8.83560      5.07835   3.9814E-15      0.00004  59880.61200            0          -23           10            0
  2022      8.00000     18.00000      8.58065     17.33333      9.27610   3.6713E-15      0.00010      7.89352     58.92383      0.00010      9.28985      1.62417      0.00010      5.57252      7.91312   8.5837E-15   4.7846E-15     11.24800      6.95928   2.6626E-15      0.00004  59841.71800            0          -23           10            0
  2022      8.00000     18.00000      8.58065     17.41667      7.99574   4.7025E-15      0.00011      6.82999     50.04138      0.00011      8.00948      1.62417      0.00011      4.82468      7.28106   1.0914E-14   5.4967E-15      9.86980      5.77147   3.3107E-15      0.00005  59889.46400            0          -23           10            0
  2022      8.00000     18.00000      8.58065     17.50000      9.26181   3.6807E-15      0.00009      8.34780     39.08203      0.00009      9.27931      1.64167      0.00009      5.79382      8.07392   8.0443E-15   4.6269E-15     11.13291      7.05683   2.7086E-15      0.00005  60234.61000            0          -23           10            0
  2022      8.00000     18.00000      8.58065     17.58333      8.48555   4.2589E-15      0.00008      8.25682     10.23438      0.00008      8.48555      1.66167      0.00008      5.80534      7.40357   8.0177E-15   5.3460E-15     10.05773      6.59637   3.2082E-15      0.00006  59133.95800            0          -23           10            0
  2022      8.00000     18.00000      8.58065     17.66667      6.89839   6.0143E-15      0.00013      6.09537     35.56641      0.00013      6.91463      1.63417      0.00013      4.13812      6.18324   1.4096E-14   7.2178E-15      8.40445      5.08002   4.3276E-15      0.00005  59212.75600            0          -23           10            0
  2022      8.00000     18.00000      8.58065     17.75000      2.62213   3.0154E-14      0.00030      2.42167      9.17773      0.00030      2.63213      1.64292      0.00030      2.13517      2.81639   4.2466E-14   2.6767E-14      3.22256      1.89864   2.1384E-14      0.00006  60235.74800            0          -23           10            0
  2022      8.00000     18.00000      8.58065     17.83333      3.64023   1.7453E-14      0.00017      3.43647      9.42188      0.00017      3.65323      1.65237      0.00017      2.96141      3.70497   2.4619E-14   1.6948E-14      4.53389      2.60517   1.2105E-14      0.00005  60259.91400            0          -23           10            0
  2022      8.00000     18.00000      8.58065     17.91667      3.71504   1.6872E-14      0.00015      3.53246      8.97754      0.00015      3.72066      1.65479      0.00015      3.08212      3.48013   2.3033E-14   1.8812E-14      4.62326      2.66287   1.1718E-14      0.00006  60658.67200            0          -23           10            0
  2022      8.00000     18.00000      8.58065     18.00000      2.04354   4.5687E-14      0.00059      1.83885      9.77734      0.00058      2.05978      1.63417      0.00058      1.62804      2.12413   6.6730E-14   4.2834E-14      2.50363      1.51897   3.2569E-14      0.00007  60880.21600            0          -23           10            0
  2022      8.00000     18.00000      8.58065     18.08333      5.65329   8.3803E-15      0.00008      5.44959      9.42188      0.00008      5.65330      1.66167      0.00008      5.29832      5.35375   9.3368E-15   9.1762E-15      6.96354      4.10335   5.9208E-15      0.00005  60814.29000            0          -23           10            0
  2022      8.00000     18.00000      8.58065     18.16667      2.87012   2.5938E-14      0.00036      2.59887     13.01562      0.00036      2.88403      1.63823      0.00036      2.17786      3.14109   4.1088E-14   2.2317E-14      3.49406      2.12546   1.8687E-14      0.00008  60092.04600            0          -23           10            0
  2022      8.00000     18.00000      8.58065     18.25000      6.42384   6.7728E-15      0.00008      6.34883      3.93750      0.00008      6.42384      1.67167      0.00008      5.07657      6.00355   1.0026E-14   7.5814E-15      7.91633      4.64878   4.7814E-15      0.00006  59771.51000            0          -23           10            0
  2022      8.00000     18.00000      8.58065     18.33333      2.69610   2.8787E-14      0.00042      2.44312     11.58398      0.00041      2.70985      1.63667      0.00041      2.23049      2.78980   3.9485E-14   2.7194E-14      3.29579      1.97063   2.0598E-14      0.00007  59547.92200            0          -23           10            0
  2022      8.00000     18.00000      8.58065     18.41667      1.04076   1.4066E-13      0.00157      0.95576      5.06250      0.00155      1.06259      1.63440      0.00156      0.95533      1.23471   1.6225E-13   1.0580E-13      0.95996      0.67839   1.6094E-13      0.00031  59498.68200            0          -23           10            0
  2022      8.00000     18.00000      8.58065     18.50000      3.23126   2.1288E-14      0.00026      3.02250      9.98438      0.00026      3.23626      1.64917      0.00026      2.71457      3.63504   2.8462E-14   1.7495E-14      3.99671      2.32915   1.4937E-14      0.00007  59207.46400            0          -23           10            0
  2022      8.00000     18.00000      8.58065     18.58333      3.41898   1.9376E-14      0.00025      3.23406      9.36621      0.00025      3.43828      1.65339      0.00025      2.57110      3.47250   3.1158E-14   1.8881E-14      4.14717      2.54212   1.4045E-14      0.00012  58907.93800            0          -23           10            0
  2022      8.00000     18.00000      8.58065     18.66667      2.51357   3.2355E-14      0.00031      2.40451      5.51953      0.00031      2.52107      1.65917      0.00031      2.04983      2.45487   4.5453E-14   3.3655E-14      2.14973      1.33685   4.1988E-14      0.00010  58675.16200            0          -23           10            0
  2022      8.00000     18.00000      8.58065     18.75000      1.46739   7.9345E-14      0.00079      1.35936      6.11292      0.00078      1.47520      1.64729      0.00078      1.36464      1.46181   8.9550E-14   7.9850E-14      1.74792      1.13905   5.9278E-14      0.00015  58434.58000            0          -23           10            0
  2022      8.00000     18.00000      8.58065     18.83333      1.47983   7.8236E-14      0.00045      1.38483      5.06250      0.00044      1.48867      1.65208      0.00044      1.40725      1.54545   8.5076E-14   7.2779E-14      1.78602      1.13621   5.7186E-14      0.00011  59689.45600            0          -23           10            0
  2022      8.00000     18.00000      8.58065     18.91667      1.14487   1.2000E-13      0.00106      1.06675      4.53906      0.00105      1.14737      1.65167      0.00105      1.08739      1.23508   1.3075E-13   1.0575E-13      1.20676      0.82052   1.0992E-13      0.00018  61713.70800            0          -23           10            0
  2022      8.00000     18.00000      8.58065     19.00000      6.61121   6.4560E-15      0.00018      5.33366     54.89648      0.00018      6.63499      1.60417      0.00018      3.77005      5.87656   1.6463E-14   7.8564E-15      8.13609      4.76994   4.5681E-15      0.00005  61586.05000            0          -23           10            0
  2022      8.00000     18.00000      8.58065     19.08333      3.45126   1.9075E-14      0.00027      3.18000     13.01562      0.00027      3.46127      1.64417      0.00027      2.62801      3.60626   3.0041E-14   1.7728E-14      4.27372      2.49398   1.3358E-14      0.00007  61357.72400            0          -23           10            0
  2022      8.00000     18.00000      8.58065     19.16667      0.80708   2.1490E-13      0.00324      0.69432      6.41583      0.00314      0.69630      1.67431      0.00315      0.71318      0.93293   2.6410E-13   1.6879E-13      0.92408      0.66346   1.7149E-13      0.00039  61067.22000            0          -23           10            0
  2022      8.00000     18.00000      8.58065     19.25000      0.94716   1.6458E-13      0.00131      0.89486      3.36865      0.00130      0.96091      1.65417      0.00131      0.84565      1.04401   1.9881E-13   1.3993E-13      0.78851      0.57453   2.2340E-13      0.00043  61169.44800            0          -23           10            0
  2022      8.00000     18.00000      8.58065     19.33333      1.11150   1.2606E-13      0.00195      0.97307      7.32422      0.00189      1.14018      1.61214      0.00189      1.01281      1.31678   1.4719E-13   9.5040E-14      1.17723      0.80350   1.1455E-13      0.00019  61201.89600            0          -23           10            0
  2022      8.00000     18.00000      8.58065     19.41694      2.42704   3.4301E-14      0.00036      2.27203      7.93750      0.00036      2.43704      1.65042      0.00036      1.94732      2.59535   4.9511E-14   3.0674E-14      2.96694      1.77489   2.4542E-14      0.00007  61013.82600            0          -23           10            0
  2022      8.00000     18.00000      8.58065     19.50000      0.85964   1.9345E-13      0.00234      0.79026      4.00000      0.00233      0.88088      1.63404      0.00233      0.70813      0.96238   2.6725E-13   1.6027E-13      0.76111      0.55783   2.3697E-13      0.00041  61247.27400            0          -23           10            0
  2022      8.00000     18.00000      8.58065     19.58333      0.97769   1.5611E-13      0.00207      0.85519      6.84375      0.00199      0.97704      1.61992      0.00199      0.80172      1.13232   2.1730E-13   1.2222E-13      1.14688      0.78695   1.1965E-13      0.00019  59900.91800            0          -23           10            0
  2022      8.00000     18.00000      8.58065     19.66667      2.79338   2.7136E-14      0.00019      2.68432      5.51953      0.00019      2.80338      1.66167      0.00019      2.47711      2.74728   3.3153E-14   2.7899E-14      3.41696      2.05938   1.9395E-14      0.00009  59442.30800            0          -23           10            0
  2022      8.00000     18.00000      8.58065     19.75000      2.70950   2.8550E-14      0.00033      2.51660      9.88770      0.00033      2.72169      1.64604      0.00033      2.20366      2.90401   4.0289E-14   2.5435E-14      3.31716      1.98436   2.0378E-14      0.00007  62417.19800            0          -23           10            0
  2022      8.00000     18.00000      8.58065     19.83333      0.81700   2.1057E-13      0.00269      0.73200      5.06250      0.00266      0.84075      1.62417      0.00266      0.69569      0.97318   2.7525E-13   1.5732E-13      0.74615      0.54914   2.4493E-13      0.00043  61113.76600            0          -23           10            0
  2022      8.00000     18.00000      8.58065     19.91667      1.05144   1.3829E-13      0.00146      0.97644      3.93750      0.00146      1.06362      1.64604      0.00147      0.99882      1.12705   1.5064E-13   1.2317E-13      1.21560      0.86683   1.0859E-13      0.00044  61266.52600            0          -23           10            0
  2022      8.00000     18.00000      8.58065     20.00000      0.60335   3.4899E-13      0.00359      0.54476      3.65430      0.00355      0.56960      1.66620      0.00356      0.52161      0.70026   4.4482E-13   2.7227E-13      0.60213      0.45873   3.5017E-13      0.00067  60823.41200            0          -23           10            0
  2022      8.00000     18.00000      8.58065     20.08333      0.71272   2.6438E-13      0.00366      0.63116      4.05078      0.00361      0.64179      1.67358      0.00362      0.58219      0.79908   3.7038E-13   2.1850E-13      0.62505      0.47297   3.2903E-13      0.00059  60707.27200            0          -23           10            0
  2022      8.00000     18.00000      8.58065     20.16667      0.97812   1.5599E-13      0.00222      0.85562      6.84375      0.00215      0.99263      1.61398      0.00215      0.80005      1.10171   2.1806E-13   1.2793E-13      1.14644      0.79083   1.1972E-13      0.00024  61509.80800            0          -23           10            0
  2022      8.00000     18.00000      8.58065     20.25000      0.55736   3.9829E-13      0.00485      0.49236      3.68750      0.00476      0.50506      1.67414      0.00477      0.52904      0.64095   4.3445E-13   3.1554E-13      0.56405      0.43414   3.9045E-13      0.00070  60654.37600            0          -23           10            0
  2022      8.00000     18.00000      8.58065     20.33333      6.93782   5.9574E-15      0.00014      5.84161     47.72070      0.00014      6.95660      1.61917      0.00014      4.14795      6.46238   1.4040E-14   6.7057E-15      8.56479      4.98974   4.1934E-15      0.00005  60539.87000            0          -23           10            0
  2022      8.00000     18.00000      8.58065     20.41667      1.29902   9.7216E-14      0.00224      1.04251     11.64014      0.00214      1.33175      1.58277      0.00214      0.92077      1.49236   1.7252E-13   7.7145E-14      1.54388      1.01759   7.2902E-14      0.00018  61492.91200            0          -23           10            0
  2022      8.00000     18.00000      8.58065     20.50000      0.85969   1.9343E-13      0.00150      0.78719      4.18750      0.00147      0.87469      1.64042      0.00148      0.84743      0.91413   1.9812E-13   1.7462E-13      0.99313      0.70141   1.5208E-13      0.00030  61113.67800            0          -23           10            0
  2022      8.00000     18.00000      8.58065     20.58333      2.01945   4.6599E-14      0.00055      1.84222      9.15674      0.00055      2.03704      1.63796      0.00055      1.74161      2.15966   5.9637E-14   4.1666E-14      2.44872      1.51896   3.3796E-14      0.00009  61545.39200            0          -23           10            0
  2022      8.00000     18.00000      8.58065     20.66667      1.40354   8.5452E-14      0.00102      1.27605      6.46875      0.00101      1.42011      1.63480      0.00101      1.33926      1.38795   9.2397E-14   8.7057E-14      1.23255      0.83690   1.0611E-13      0.00025  61164.06000            0          -23           10            0
  2022      8.00000     18.00000      8.58065     20.75000      0.97750   1.5616E-13      0.00318      0.81500      7.78125      0.00309      1.01438      1.58543      0.00309      0.74460      1.16551   2.4578E-13   1.1648E-13      0.97646      0.68767   1.5644E-13      0.00029  60429.15200            0          -23           10            0
  2022      8.00000     18.00000      8.58065     20.83333      0.15999   3.1885E-12      0.24167      0.07864      4.54724      0.20946      0.07953      1.67575      0.20896      0.07148      0.13752   1.2212E-11   4.1037E-12      0.45657      0.36544   5.5537E-13      0.00107  53347.53600            0           10           -4            0
  2022      8.00000     18.00000      8.58065     20.91667      0.28577   1.2126E-12      0.03193      0.21827      4.00000      0.03016      0.22077      1.67729      0.03010      0.19808      0.33608   2.2337E-12   9.2547E-13      0.38484      0.31646   7.3839E-13      0.00106  56329.03400            0          -31           17            0
  2022      8.00000     18.00000      8.58065     21.00000      1.04822   1.3900E-13      0.00206      0.94283      6.04395      0.00205      1.07619      1.62386      0.00205      0.86506      1.03799   1.9143E-13   1.4129E-13      0.76435      0.55957   2.3529E-13      0.00042  62646.73000            0          -27           12            0
  2022      8.00000     18.00000      8.58065     21.08333      0.59565   3.5654E-13      0.00321      0.36731      0.15558      0.00295      1.58202      1.32417      0.00299      0.57070      0.62040   3.8290E-13   3.3316E-13      0.37613      0.31004   7.6712E-13      0.00142  60553.82200            0          -27           12            0
  2022      8.00000     18.00000      8.58065     21.16667      1.02908   1.4333E-13      0.00071      0.79054      0.32875      0.00052      3.64764      1.30248      0.00052      1.01422      1.05672   1.4685E-13   1.3714E-13      0.74442      0.54856   2.4589E-13      0.00035  56727.86800            0          -27           13            0
  2022      8.00000     18.00000      8.58065     21.25000      0.71943   2.6029E-13      0.00156      0.49738      0.21789      0.00128      2.00233      1.33429      0.00130      0.66221      0.75585   2.9884E-13   2.3972E-13      0.49454      0.38959   4.8614E-13      0.00078  55613.65600            0           10           -7            0
  2022      8.00000     18.00000      8.58065     21.33333      0.48966   4.9425E-13      0.00248      0.33163      0.20691      0.00180      1.51193      1.27735      0.00183      0.51194      0.50561   4.5892E-13   4.6854E-13      0.33939      0.28446   9.1048E-13      0.00126  59009.41800            0          -28           13            0
  2022      8.00000     18.00000      8.58065     21.41667      0.51469   4.5484E-13      0.00415      0.27435      0.10022      0.00361      2.05959      1.21455      0.00366      0.50675      0.51302   4.6677E-13   4.5731E-13      0.30252      0.25864   1.1028E-12      0.00210  61362.52800            0          -28           13            0
  2022      8.00000     18.00000      8.58065     21.50000      0.53492   4.2653E-13      0.00353      0.38935      0.33222      0.00337      1.34243      1.32893      0.00339      0.52060      0.53341   4.4626E-13   4.2855E-13      0.37106      0.30536   7.8466E-13      0.00140  58676.48200            0          -28           13            0
  2022      8.00000     18.00000      8.58065     21.58333      1.16924   1.1586E-13      0.00090      1.09424      3.93750      0.00091      1.19478      1.64589      0.00091      1.11545      1.13032   1.2532E-13   1.2258E-13      0.86031      0.61772   1.9320E-13      0.00030  55722.92000            0            9           -6            0
  2022      8.00000     18.00000      8.58065     21.66667      0.50844   4.6420E-13      0.00256      0.34974      0.22199      0.00205      1.47688      1.29692      0.00208      0.51555      0.52351   4.5357E-13   4.4213E-13      0.35914      0.29818   8.2855E-13      0.00141  56925.88800            0          -29           14            0
  2022      8.00000     18.00000      8.58065     21.75000      0.94028   1.6660E-13      0.00090      0.70674      0.31808      0.00075      2.54547      1.35808      0.00075      0.87969      0.97963   1.8616E-13   1.5559E-13      0.66026      0.49616   3.0031E-13      0.00046  59809.73200            0          -29           14            0
  2022      8.00000     18.00000      8.58065     21.83333      0.93528   1.6808E-13      0.00215      0.86778      3.68750      0.00215      0.95278      1.64167      0.00216      0.81296      0.98548   2.1232E-13   1.5406E-13      0.65023      0.48888   3.0807E-13      0.00058  59094.71800            0          -29           14            0
  2022      8.00000     18.00000      8.58065     21.91667      0.32559   9.7571E-13      0.04442      0.20510      6.73016      0.03994      0.20667      1.67651      0.03990      0.19934      0.35030   2.2102E-12   8.6370E-13      0.71881      0.53180   2.6066E-13      0.00050  56303.12800            0            6           -3            0
  2022      8.00000     18.00000      8.58065     22.00000      0.84307   1.9983E-13      0.00217      0.61289      0.35122      0.00212      1.60018      1.43219      0.00213      0.76362      0.92024   2.3567E-13   1.7269E-13      0.57756      0.44329   3.7534E-13      0.00073  55173.06200            0          -32           17            0
  2022      8.00000     18.00000      8.58065     22.08333      1.93006   5.0251E-14      0.00037      1.60168      0.54948      0.00035      1.94506      1.67417      0.00036      1.64425      2.03268   6.5637E-14   4.6094E-14      1.54572      1.01048   7.2758E-14      0.00010  55079.73800            0            4           40            0
  2022      8.00000     18.00000      8.58065     22.16667      1.09678   1.2889E-13      0.00136      0.78418      0.31159      0.00132      2.67738      1.38071      0.00132      0.90075      1.17420   1.7896E-13   1.1504E-13      0.80162      0.58532   2.1735E-13      0.00044  53598.39200            0          -33           18            0
  2022      8.00000     18.00000      8.58065     22.25000      0.76129   2.3687E-13      0.00272      0.54256      0.28444      0.00263      1.90959      1.35346      0.00264      0.71217      0.82035   2.6472E-13   2.0914E-13      0.51538      0.40513   4.5383E-13      0.00093  58860.40400            0          -33           18            0
  2022      8.00000     18.00000      8.58065     22.33333      0.62309   3.3076E-13      0.00232      0.43683      0.22599      0.00202      1.88011      1.30626      0.00202      0.59792      0.65802   3.5429E-13   3.0202E-13      0.42152      0.34122   6.3445E-13      0.00100  57551.14600            0          -33           18            0
  2022      8.00000     18.00000      8.58065     22.41667      0.67774   2.8751E-13      0.00300      0.62774      3.12500      0.00300      0.65149      1.66964      0.00302      0.59700      0.74300   3.5520E-13   2.4667E-13      0.53033      0.41353   4.3269E-13      0.00076  51368.87000            0          -34           18            0
  2022      8.00000     18.00000      8.58065     22.50000      0.46466   5.3935E-13      0.00774      0.23753      0.10070      0.00740      1.71658      1.20518      0.00745      0.41240      0.48431   6.5801E-13   5.0336E-13      0.23581      0.21002   1.6704E-12      0.00341  53197.02000            0          -34           18            0
  2022      8.00000     18.00000      8.58065     22.58333      1.11584   1.2524E-13      0.00100      0.62962      0.10538      0.00078      9.76986      1.13059      0.00078      1.03486      1.14775   1.4200E-13   1.1949E-13      0.67903      0.50755   2.8661E-13      0.00055  56412.90200            0          -34           19            0
  2022      8.00000     18.00000      8.58065     22.66667      0.45022   5.6849E-13      0.00539      0.30547      0.22975      0.00510      1.32321      1.27259      0.00511      0.43070      0.48027   6.1207E-13   5.1044E-13      0.30413      0.25908   1.0931E-12      0.00189  55747.08000            0            3           -1            0
  2022      8.00000     18.00000      8.58065     22.75000      0.64811   3.0975E-13      0.00165      0.45096      0.22150      0.00123      2.27757      1.27078      0.00124      0.63279      0.65717   3.2235E-13   3.0266E-13      0.44635      0.35782   5.7672E-13      0.00086  56601.35400            0          -35           19            0
  2022      8.00000     18.00000      8.58065     22.83333      0.88067   1.8581E-13      0.00173      0.52122      0.12898      0.00155      3.47505      1.26485      0.00155      0.84019      0.92495   2.0097E-13   1.7123E-13      0.54417      0.42165   4.1451E-13      0.00079  59199.72800            0          -35           19            0
  2022      8.00000     18.00000      8.58065     22.91667      0.60413   3.4824E-13      0.00193      0.43625      0.26581      0.00159      1.75921      1.31140      0.00160      0.60295      0.59583   3.4937E-13   3.5636E-13      0.43510      0.35099   6.0180E-13      0.00105  57307.06400            0          -35           19            0
  2022      8.00000     18.00000      8.58065     23.00000      0.48248   5.0656E-13      0.00258      0.31810      0.17276      0.00160      1.58327      1.26889      0.00164      0.48853      0.49421   4.9615E-13   4.8667E-13      0.32368      0.27349   9.8531E-13      0.00144  54982.50000            0          -36           19            0
  2022      8.00000     18.00000      8.58065     23.08333      0.58069   3.7198E-13      0.00272      0.39651      0.23079      0.00245      1.76789      1.28782      0.00247      0.58429      0.60894   3.6817E-13   3.4367E-13      0.40650      0.33117   6.7400E-13      0.00129  58202.63800            0          -36           19            0
  2022      8.00000     18.00000      8.58065     23.16667      0.63962   3.1663E-13      0.00753      0.50212      6.96875      0.00717      0.51337      1.67589      0.00717      0.45003      0.71174   5.6889E-13   2.6499E-13      0.80069      0.58275   2.1777E-13      0.00031  55297.24600            0          -36           19            0
  2022      8.00000     18.00000      8.58065     23.25000      0.73158   2.5312E-13      0.00220      0.68158      3.12500      0.00219      0.71158      1.66917      0.00220      0.63116      0.79414   3.2374E-13   2.2077E-13      0.65259      0.49166   3.0622E-13      0.00047  52954.14000            0            1            0            0
  2022      8.00000     18.00000      8.58065     23.33361      1.33103   9.3351E-14      0.00059      0.93612      0.21376      0.00046      6.36093      1.25823      0.00047      1.23328      1.38775   1.0601E-13   8.7079E-14      0.89954      0.64333   1.7936E-13      0.00028  53941.94600            0           -1           42            0
  2022      8.00000     18.00000      8.58065     23.41667      0.77085   2.3199E-13      0.00306      0.71617      3.77734      0.00307      0.74085      1.66792      0.00308      0.61412      0.84460   3.3885E-13   1.9923E-13      0.56641      0.43574   3.8775E-13      0.00051  56786.67400            0            0            0            0
  2022      8.00000     18.00000      8.58065     23.50000      0.29335   1.1609E-12      0.09509      0.14085      7.78125      0.08201      0.13835      1.68324      0.08183      0.12981      0.26981   4.5175E-12   1.3345E-12      0.93900      0.66584   1.6698E-13      0.00029  55529.66400            0          -33           16            0
  2022      8.00000     18.00000      8.58065     23.58333      1.09142   1.2995E-13      0.00129      1.06142      2.37500      0.00125      1.10142      1.66667      0.00128      0.93203      1.07174   1.6906E-13   1.3395E-13      0.70709      0.52549   2.6790E-13      0.00047  55055.42600            0          -33           15            0
  2022      8.00000     18.00000      8.58065     23.66667      1.32694   9.3830E-14      0.00098      1.24507      4.46094      0.00098      1.33694      1.65042      0.00098      1.17316      1.46838   1.1521E-13   7.9256E-14      1.13742      0.78238   1.2131E-13      0.00020  54537.40800            0          -33           15            0
  2022      8.00000     18.00000      8.58065     23.75000      1.92598   5.0428E-14      0.00047      1.36257      0.26934      0.00045      1.93348      1.67042      0.00046      1.62295      2.02709   6.7079E-14   4.6306E-14      1.29585      0.87162   9.7612E-14      0.00017  55411.00200            0          -33           15            0
  2022      8.00000     18.00000      8.58065     23.83333      1.71601   6.1127E-14      0.00065      1.00187      0.13685      0.00062      1.73351      1.66542      0.00065      1.45093      1.81904   8.0851E-14   5.5466E-14      1.09424      0.75542   1.2939E-13      0.00029  56354.05200            0          -33           15            0
  2022      8.00000     18.00000      8.58065     23.91667      2.69406   2.8824E-14      0.00042      2.46533     10.23438      0.00042      2.70320      1.63933      0.00042      2.00498      2.87649   4.7161E-14   2.5842E-14      3.24505      2.02716   2.1138E-14      0.00012  57859.14200            0          -33           15            0
  2022     8    18      8.58065     15.50000      1.67320   6.3755E-14      0.00360      0.96740     30.16853      0.00320      1.71811      1.47467      0.00323      0.85275      1.50271   1.9606E-13   7.6261E-14      3.38554      1.98830   1.9696E-14      0.00007  58041.94800            0           10           -2            0
  2022     8    18      8.58065     15.58333      0.26691   1.3588E-12      0.21664      0.08955      8.74243      0.17936      0.08725      1.68165      0.17882      0.08706      0.17419   8.7920E-12   2.7674E-12      6.44189      4.29221   6.7412E-15      0.00013  53216.14000            0          -25           15            1
  2022     8    18      8.58065     15.66667      3.78546   1.6352E-14      0.00019      3.49420     13.76562      0.00019      3.79296      1.64667      0.00019      2.88907      3.71289   2.5655E-14   1.6888E-14      4.71801      2.70506   1.1328E-14      0.00006  56842.90000            0          -22           11            0
  2022     8    18      8.58065     15.75000      3.06308   2.3272E-14      0.00018      2.92465      7.32422      0.00018      3.06808      1.65667      0.00018      2.54226      3.21805   3.1749E-14   2.1434E-14      3.78652      2.19297   1.6344E-14      0.00006  57781.88000            0          -20          -32            0
  2022     8    18      8.58065     15.83333      3.42646   1.9306E-14      0.00041      2.91472     22.67050      0.00040      3.45521      1.61417      0.00040      2.19761      3.45404   4.0474E-14   1.9049E-14      4.21983      2.47666   1.3644E-14      0.00009  59628.15200            0           16          -10            0
  2022     8    18      8.58065     15.91667      3.12728   2.2481E-14      0.00028      2.83602     13.26562      0.00027      3.14071      1.63605      0.00027      2.70648      3.28337   2.8604E-14   2.0728E-14      3.90179      2.21457   1.5547E-14      0.00007  63684.26000            0          -21            9            0
  2022     8    18      8.58065     16.00000      1.45908   8.0100E-14      0.00276      1.03242     19.18457      0.00252      1.50139      1.53712      0.00253      1.10493      1.83149   1.2731E-13   5.4839E-14      5.01587      2.79750   1.0229E-14      0.00005  59972.34200            0          -21            9            0
  2022     8    18      8.58065     16.08333      3.31015   2.0450E-14      0.00038      2.81121     22.50195      0.00036      3.33639      1.61667      0.00037      2.35806      3.53706   3.5989E-14   1.8310E-14      4.14852      2.33728   1.4037E-14      0.00005  59877.98600            0          -30           19            0
  2022     8    18      8.58065     16.16667      4.13467   1.4115E-14      0.00048      3.04519     48.23242      0.00046      4.16230      1.57422      0.00046      2.28606      3.92182   3.7898E-14   1.5415E-14      5.16337      2.92455   9.7471E-15      0.00005  63416.01600            0          -38           22            0
  2022     8    18      8.58065     16.25000      3.83536   1.5999E-14      0.00043      2.98752     36.62891      0.00041      3.85563      1.59379      0.00041      2.47198      3.86267   3.3268E-14   1.5811E-14      4.82757      2.68802   1.0903E-14      0.00005  61977.76800            0           14           -9            0
  2022     8    18      8.58065     16.33333      4.13795   1.4097E-14      0.00020      3.76862     17.55469      0.00020      4.15545      1.64167      0.00020      3.13925      4.28917   2.2338E-14   1.3278E-14      5.19882      2.89436   9.6365E-15      0.00005  60110.50200            0          -23           11            0
  2022     8    18      8.58065     16.41667      6.54842   6.5595E-15      0.00010      6.27719     13.01562      0.00010      6.56343      1.65667      0.00010      5.01443      5.97519   1.0234E-14   7.6414E-15      8.08010      4.71974   4.6210E-15      0.00006  58349.21000            0          -23           11            0
  2022     8    18      8.58065     16.50000      5.72721   8.2008E-15      0.00013      5.35769     17.55469      0.00013      5.73971      1.64667      0.00013      4.25186      5.65934   1.3473E-14   8.3654E-15      7.08705      4.12017   5.7498E-15      0.00005  58149.02400            0           13           33            0
  2022     8    18      8.58065     16.58333      5.72012   8.2178E-15      0.00014      5.28444     20.00781      0.00014      5.72761      1.64667      0.00014      3.92107      5.68779   1.5420E-14   8.2958E-15      7.07435      4.12860   5.7670E-15      0.00006  57893.45000            0          -22          -32            0
  2022     8    18      8.58065     16.66667      4.64700   1.1618E-14      0.00012      4.48448      7.78125      0.00012      4.64699      1.66167      0.00012      3.66026      4.64487   1.7295E-14   1.1627E-14      5.77600      3.28462   8.0857E-15      0.00006  56825.05800            0          -22          -32            0
  2022     8    18      8.58065     16.75000      8.53116   4.2210E-15      0.00009      8.05057     21.07031      0.00009      8.53366      1.65167      0.00009      6.61473      7.27302   6.4502E-15   5.5069E-15     10.10334      6.64198   3.1841E-15      0.00006  57773.67400            0          -22          -32            0
  2022     8    18      8.58065     16.83333      8.32856   4.3935E-15      0.00009      7.52541     35.56641      0.00009      8.33771      1.63933      0.00009      6.32289      7.42454   6.9540E-15   5.3208E-15     10.20323      6.10276   3.1323E-15      0.00005  57114.78400            0          -22          -32            0
  2022     8    18      8.58065     16.91667      8.63471   4.1370E-15      0.00009      7.90702     31.92432      0.00009      8.64221      1.64667      0.00009      5.87405      7.67472   7.8620E-15   5.0349E-15     10.29451      6.65040   3.0862E-15      0.00005  57161.71600            0          -23           10            0
  2022     8    18      8.58065     17.00000      9.69797   3.4090E-15      0.00008      8.89511     35.56641      0.00008      9.71548      1.64167      0.00008      6.32758      8.21258   6.9454E-15   4.4974E-15     11.27040      7.80857   2.6538E-15      0.00005  58723.33600            0          -23           10            0
  2022     8    18      8.58065     17.08333      8.47476   4.2679E-15      0.00009      7.67161     35.56641      0.00009      8.49226      1.64167      0.00009      5.36310      7.51722   9.1496E-15   5.2119E-15     10.24862      6.36086   3.1092E-15      0.00005  59975.12400            0          -23           10            0
  2022     8    18      8.58065     17.16667     10.09805   3.1869E-15      0.00008      8.82731     55.40820      0.00008     10.12431      1.62917      0.00008      6.27590      8.58541   7.0410E-15   4.1766E-15     11.87222      7.98617   2.4334E-15      0.00005  59932.60000            0          -23           10            0
  2022     8    18      8.58065     17.25000      7.11498   5.7122E-15      0.00011      6.45956     28.75781      0.00011      7.13248      1.64167      0.00011      4.88327      6.49435   1.0697E-14   6.6507E-15      8.83560      5.07835   3.9814E-15      0.00004  59880.61200            0          -23           10            0
  2022     8    18      8.58065     17.33333      9.27610   3.6713E-15      0.00010      7.89352     58.92383      0.00010      9.28985      1.62417      0.00010      5.57252      7.91312   8.5837E-15   4.7846E-15     11.24800      6.95928   2.6626E-15      0.00004  59841.71800            0          -23           10            0
  2022     8    18      8.58065     17.41667      7.99574   4.7025E-15      0.00011      6.82999     50.04138      0.00011      8.00948      1.62417      0.00011      4.82468      7.28106   1.0914E-14   5.4967E-15      9.86980      5.77147   3.3107E-15      0.00005  59889.46400            0          -23           10            0
  2022     8    18      8.58065     17.50000      9.26181   3.6807E-15      0.00009      8.34780     39.08203      0.00009      9.27931      1.64167      0.00009      5.79382      8.07392   8.0443E-15   4.6269E-15     11.13291      7.05683   2.7086E-15      0.00005  60234.61000            0          -23           10            0
  2022     8    18      8.58065     17.58333      8.48555   4.2589E-15      0.00008      8.25682     10.23438      0.00008      8.48555      1.66167      0.00008      5.80534      7.40357   8.0177E-15   5.3460E-15     10.05773      6.59637   3.2082E-15      0.00006  59133.95800            0          -23           10            0
  2022     8    18      8.58065     17.66667      6.89839   6.0143E-15      0.00013      6.09537     35.56641      0.00013      6.91463      1.63417      0.00013      4.13812      6.18324   1.4096E-14   7.2178E-15      8.40445      5.08002   4.3276E-15      0.00005  59212.75600            0          -23           10            0
  2022     8    18      8.58065     17.75000      2.62213   3.0154E-14      0.00030      2.42167      9.17773      0.00030      2.63213      1.64292      0.00030      2.13517      2.81639   4.2466E-14   2.6767E-14      3.22256      1.89864   2.1384E-14      0.00006  60235.74800            0          -23           10            0
  2022     8    18      8.58065     17.83333      3.64023   1.7453E-14      0.00017      3.43647      9.42188      0.00017      3.65323      1.65237      0.00017      2.96141      3.70497   2.4619E-14   1.6948E-14      4.53389      2.60517   1.2105E-14      0.00005  60259.91400            0          -23           10            0
  2022     8    18      8.58065     17.91667      3.71504   1.6872E-14      0.00015      3.53246      8.97754      0.00015      3.72066      1.65479      0.00015      3.08212      3.48013   2.3033E-14   1.8812E-14      4.62326      2.66287   1.1718E-14      0.00006  60658.67200            0          -23           10            0
  2022     8    18      8.58065     18.00000      2.04354   4.5687E-14      0.00059      1.83885      9.77734      0.00058      2.05978      1.63417      0.00058      1.62804      2.12413   6.6730E-14   4.2834E-14      2.50363      1.51897   3.2569E-14      0.00007  60880.21600            0          -23           10            0
  2022     8    18      8.58065     18.08333      5.65329   8.3803E-15      0.00008      5.44959      9.42188      0.00008      5.65330      1.66167      0.00008      5.29832      5.35375   9.3368E-15   9.1762E-15      6.96354      4.10335   5.9208E-15      0.00005  60814.29000            0          -23           10            0
  2022     8    18      8.58065     18.16667      2.87012   2.5938E-14      0.00036      2.59887     13.01562      0.00036      2.88403      1.63823      0.00036      2.17786      3.14109   4.1088E-14   2.2317E-14      3.49406      2.12546   1.8687E-14      0.00008  60092.04600            0          -23           10            0
  2022     8    18      8.58065     18.25000      6.42384   6.7728E-15      0.00008      6.34883      3.93750      0.00008      6.42384      1.67167      0.00008      5.07657      6.00355   1.0026E-14   7.5814E-15      7.91633      4.64878   4.7814E-15      0.00006  59771.51000            0          -23           10            0
  2022     8    18      8.58065     18.33333      2.69610   2.8787E-14      0.00042      2.44312     11.58398      0.00041      2.70985      1.63667      0.00041      2.23049      2.78980   3.9485E-14   2.7194E-14      3.29579      1.97063   2.0598E-14      0.00007  59547.92200            0          -23           10            0
  2022     8    18      8.58065     18.41667      1.04076   1.4066E-13      0.00157      0.95576      5.06250      0.00155      1.06259      1.63440      0.00156      0.95533      1.23471   1.6225E-13   1.0580E-13      0.95996      0.67839   1.6094E-13      0.00031  59498.68200            0          -23           10            0
  2022     8    18      8.58065     18.50000      3.23126   2.1288E-14      0.00026      3.02250      9.98438      0.00026      3.23626      1.64917      0.00026      2.71457      3.63504   2.8462E-14   1.7495E-14      3.99671      2.32915   1.4937E-14      0.00007  59207.46400            0          -23           10            0
  2022     8    18      8.58065     18.58333      3.41898   1.9376E-14      0.00025      3.23406      9.36621      0.00025      3.43828      1.65339      0.00025      2.57110      3.47250   3.1158E-14   1.8881E-14      4.14717      2.54212   1.4045E-14      0.00012  58907.93800            0          -23           10            0
  2022     8    18      8.58065     18.66667      2.51357   3.2355E-14      0.00031      2.40451      5.51953      0.00031      2.52107      1.65917      0.00031      2.04983      2.45487   4.5453E-14   3.3655E-14      2.14973      1.33685   4.1988E-14      0.00010  58675.16200            0          -23           10            0
  2022     8    18      8.58065     18.75000      1.46739   7.9345E-14      0.00079      1.35936      6.11292      0.00078      1.47520      1.64729      0.00078      1.36464      1.46181   8.9550E-14   7.9850E-14      1.74792      1.13905   5.9278E-14      0.00015  58434.58000            0          -23           10            0
  2022     8    18      8.58065     18.83333      1.47983   7.8236E-14      0.00045      1.38483      5.06250      0.00044      1.48867      1.65208      0.00044      1.40725      1.54545   8.5076E-14   7.2779E-14      1.78602      1.13621   5.7186E-14      0.00011  59689.45600            0          -23           10            0
  2022     8    18      8.58065     18.91667      1.14487   1.2000E-13      0.00106      1.06675      4.53906      0.00105      1.14737      1.65167      0.00105      1.08739      1.23508   1.3075E-13   1.0575E-13      1.20676      0.82052   1.0992E-13      0.00018  61713.70800            0          -23           10            0
  2022     8    18      8.58065     19.00000      6.61121   6.4560E-15      0.00018      5.33366     54.89648      0.00018      6.63499      1.60417      0.00018      3.77005      5.87656   1.6463E-14   7.8564E-15      8.13609      4.76994   4.5681E-15      0.00005  61586.05000            0          -23           10            0
  2022     8    18      8.58065     19.08333      3.45126   1.9075E-14      0.00027      3.18000     13.01562      0.00027      3.46127      1.64417      0.00027      2.62801      3.60626   3.0041E-14   1.7728E-14      4.27372      2.49398   1.3358E-14      0.00007  61357.72400            0          -23           10            0
  2022     8    18      8.58065     19.16667      0.80708   2.1490E-13      0.00324      0.69432      6.41583      0.00314      0.69630      1.67431      0.00315      0.71318      0.93293   2.6410E-13   1.6879E-13      0.92408      0.66346   1.7149E-13      0.00039  61067.22000            0          -23           10            0
  2022     8    18      8.58065     19.25000      0.94716   1.6458E-13      0.00131      0.89486      3.36865      0.00130      0.96091      1.65417      0.00131      0.84565      1.04401   1.9881E-13   1.3993E-13      0.78851      0.57453   2.2340E-13      0.00043  61169.44800            0          -23           10            0
  2022     8    18      8.58065     19.33333      1.11150   1.2606E-13      0.00195      0.97307      7.32422      0.00189      1.14018      1.61214      0.00189      1.01281      1.31678   1.4719E-13   9.5040E-14      1.17723      0.80350   1.1455E-13      0.00019  61201.89600            0          -23           10            0
  2022     8    18      8.58065     19.41694      2.42704   3.4301E-14      0.00036      2.27203      7.93750      0.00036      2.43704      1.65042      0.00036      1.94732      2.59535   4.9511E-14   3.0674E-14      2.96694      1.77489   2.4542E-14      0.00007  61013.82600            0          -23           10            0
  2022     8    18      8.58065     19.50000      0.85964   1.9345E-13      0.00234      0.79026      4.00000      0.00233      0.88088      1.63404      0.00233      0.70813      0.96238   2.6725E-13   1.6027E-13      0.76111      0.55783   2.3697E-13      0.00041  61247.27400            0          -23           10            0
  2022     8    18      8.58065     19.58333      0.97769   1.5611E-13      0.00207      0.85519      6.84375      0.00199      0.97704      1.61992      0.00199      0.80172      1.13232   2.1730E-13   1.2222E-13      1.14688      0.78695   1.1965E-13      0.00019  59900.91800            0          -23           10            0
  2022     8    18      8.58065     19.66667      2.79338   2.7136E-14      0.00019      2.68432      5.51953      0.00019      2.80338      1.66167      0.00019      2.47711      2.74728   3.3153E-14   2.7899E-14      3.41696      2.05938   1.9395E-14      0.00009  59442.30800            0          -23           10            0
  2022     8    18      8.58065     19.75000      2.70950   2.8550E-14      0.00033      2.51660      9.88770      0.00033      2.72169      1.64604      0.00033      2.20366      2.90401   4.0289E-14   2.5435E-14      3.31716      1.98436   2.0378E-14      0.00007  62417.19800            0          -23           10            0
  2022     8    18      8.58065     19.83333      0.81700   2.1057E-13      0.00269      0.73200      5.06250      0.00266      0.84075      1.62417      0.00266      0.69569      0.97318   2.7525E-13   1.5732E-13      0.74615      0.54914   2.4493E-13      0.00043  61113.76600            0          -23           10            0
  2022     8    18      8.58065     19.91667      1.05144   1.3829E-13      0.00146      0.97644      3.93750      0.00146      1.06362      1.64604      0.00147      0.99882      1.12705   1.5064E-13   1.2317E-13      1.21560      0.86683   1.0859E-13      0.00044  61266.52600            0          -23           10            0
  2022     8    18      8.58065     20.00000      0.60335   3.4899E-13      0.00359      0.54476      3.65430      0.00355      0.56960      1.66620      0.00356      0.52161      0.70026   4.4482E-13   2.7227E-13      0.60213      0.45873   3.5017E-13      0.00067  60823.41200            0          -23           10            0
  2022     8    18      8.58065     20.08333      0.71272   2.6438E-13      0.00366      0.63116      4.05078      0.00361      0.64179      1.67358      0.00362      0.58219      0.79908   3.7038E-13   2.1850E-13      0.62505      0.47297   3.2903E-13      0.00059  60707.27200            0          -23           10            0
  2022     8    18      8.58065     20.16667      0.97812   1.5599E-13      0.00222      0.85562      6.84375      0.00215      0.99263      1.61398      0.00215      0.80005      1.10171   2.1806E-13   1.2793E-13      1.14644      0.79083   1.1972E-13      0.00024  61509.80800            0          -23           10            0
  2022     8    18      8.58065     20.25000      0.55736   3.9829E-13      0.00485      0.49236      3.68750      0.00476      0.50506      1.67414      0.00477      0.52904      0.64095   4.3445E-13   3.1554E-13      0.56405      0.43414   3.9045E-13      0.00070  60654.37600            0          -23           10            0
  2022     8    18      8.58065     20.33333      6.93782   5.9574E-15      0.00014      5.84161     47.72070      0.00014      6.95660      1.61917      0.00014      4.14795      6.46238   1.4040E-14   6.7057E-15      8.56479      4.98974   4.1934E-15      0.00005  60539.87000            0          -23           10            0
  2022     8    18      8.58065     20.41667      1.29902   9.7216E-14      0.00224      1.04251     11.64014      0.00214      1.33175      1.58277      0.00214      0.92077      1.49236   1.7252E-13   7.7145E-14      1.54388      1.01759   7.2902E-14      0.00018  61492.91200            0          -23           10            0
  2022     8    18      8.58065     20.50000      0.85969   1.9343E-13      0.00150      0.78719      4.18750      0.00147      0.87469      1.64042      0.00148      0.84743      0.91413   1.9812E-13   1.7462E-13      0.99313      0.70141   1.5208E-13      0.00030  61113.67800            0          -23           10            0
  2022     8    18      8.58065     20.58333      2.01945   4.6599E-14      0.00055      1.84222      9.15674      0.00055      2.03704      1.63796      0.00055      1.74161      2.15966   5.9637E-14   4.1666E-14      2.44872      1.51896   3.3796E-14      0.00009  61545.39200            0          -23           10            0
  2022     8    18      8.58065     20.66667      1.40354   8.5452E-14      0.00102      1.27605      6.46875      0.00101      1.42011      1.63480      0.00101      1.33926      1.38795   9.2397E-14   8.7057E-14      1.23255      0.83690   1.0611E-13      0.00025  61164.06000            0          -23           10            0
  2022     8    18      8.58065     20.75000      0.97750   1.5616E-13      0.00318      0.81500      7.78125      0.00309      1.01438      1.58543      0.00309      0.74460      1.16551   2.4578E-13   1.1648E-13      0.97646      0.68767   1.5644E-13      0.00029  60429.15200            0          -23           10            0
  2022     8    18      8.58065     20.83333      0.15999   3.1885E-12      0.24167      0.07864      4.54724      0.20946      0.07953      1.67575      0.20896      0.07148      0.13752   1.2212E-11   4.1037E-12      0.45657      0.36544   5.5537E-13      0.00107  53347.53600            0           10           -4            0
  2022     8    18      8.58065     20.91667      0.28577   1.2126E-12      0.03193      0.21827      4.00000      0.03016      0.22077      1.67729      0.03010      0.19808      0.33608   2.2337E-12   9.2547E-13      0.38484      0.31646   7.3839E-13      0.00106  56329.03400            0          -31           17            0
  2022     8    18      8.58065     21.00000      1.04822   1.3900E-13      0.00206      0.94283      6.04395      0.00205      1.07619      1.62386      0.00205      0.86506      1.03799   1.9143E-13   1.4129E-13      0.76435      0.55957   2.3529E-13      0.00042  62646.73000            0          -27           12            0
  2022     8    18      8.58065     21.08333      0.59565   3.5654E-13      0.00321      0.36731      0.15558      0.00295      1.58202      1.32417      0.00299      0.57070      0.62040   3.8290E-13   3.3316E-13      0.37613      0.31004   7.6712E-13      0.00142  60553.82200            0          -27           12            0
  2022     8    18      8.58065     21.16667      1.02908   1.4333E-13      0.00071      0.79054      0.32875      0.00052      3.64764      1.30248      0.00052      1.01422      1.05672   1.4685E-13   1.3714E-13      0.74442      0.54856   2.4589E-13      0.00035  56727.86800            0          -27           13            0
  2022     8    18      8.58065     21.25000      0.71943   2.6029E-13      0.00156      0.49738      0.21789      0.00128      2.00233      1.33429      0.00130      0.66221      0.75585   2.9884E-13   2.3972E-13      0.49454      0.38959   4.8614E-13      0.00078  55613.65600            0           10           -7            0
  2022     8    18      8.58065     21.33333      0.48966   4.9425E-13      0.00248      0.33163      0.20691      0.00180      1.51193      1.27735      0.00183      0.51194      0.50561   4.5892E-13   4.6854E-13      0.33939      0.28446   9.1048E-13      0.00126  59009.41800            0          -28           13            0
  2022     8    18      8.58065     21.41667      0.51469   4.5484E-13      0.00415      0.27435      0.10022      0.00361      2.05959      1.21455      0.00366      0.50675      0.51302   4.6677E-13   4.5731E-13      0.30252      0.25864   1.1028E-12      0.00210  61362.52800            0          -28           13            0
  2022     8    18      8.58065     21.50000      0.53492   4.2653E-13      0.00353      0.38935      0.33222      0.00337      1.34243      1.32893      0.00339      0.52060      0.53341   4.4626E-13   4.2855E-13      0.37106      0.30536   7.8466E-13      0.00140  58676.48200            0          -28           13            0
  2022     8    18      8.58065     21.58333      1.16924   1.1586E-13      0.00090      1.09424      3.93750      0.00091      1.19478      1.64589      0.00091      1.11545      1.13032   1.2532E-13   1.2258E-13      0.86031      0.61772   1.9320E-13      0.00030  55722.92000            0            9           -6            0
  2022     8    18      8.58065     21.66667      0.50844   4.6420E-13      0.00256      0.34974      0.22199      0.00205      1.47688      1.29692      0.00208      0.51555      0.52351   4.5357E-13   4.4213E-13      0.35914      0.29818   8.2855E-13      0.00141  56925.88800            0          -29           14            0
  2022     8    18      8.58065     21.75000      0.94028   1.6660E-13      0.00090      0.70674      0.31808      0.00075      2.54547      1.35808      0.00075      0.87969      0.97963   1.8616E-13   1.5559E-13      0.66026      0.49616   3.0031E-13      0.00046  59809.73200            0          -29           14            0
  2022     8    18      8.58065     21.83333      0.93528   1.6808E-13      0.00215      0.86778      3.68750      0.00215      0.95278      1.64167      0.00216      0.81296      0.98548   2.1232E-13   1.5406E-13      0.65023      0.48888   3.0807E-13      0.00058  59094.71800            0          -29           14            0
  2022     8    18      8.58065     21.91667      0.32559   9.7571E-13      0.04442      0.20510      6.73016      0.03994      0.20667      1.67651      0.03990      0.19934      0.35030   2.2102E-12   8.6370E-13      0.71881      0.53180   2.6066E-13      0.00050  56303.12800            0            6           -3            0
  2022     8    18      8.58065     22.00000      0.84307   1.9983E-13      0.00217      0.61289      0.35122      0.00212      1.60018      1.43219      0.00213      0.76362      0.92024   2.3567E-13   1.7269E-13      0.57756      0.44329   3.7534E-13      0.00073  55173.06200            0          -32           17            0
  2022     8    18      8.58065     22.08333      1.93006   5.0251E-14      0.00037      1.60168      0.54948      0.00035      1.94506      1.67417      0.00036      1.64425      2.03268   6.5637E-14   4.6094E-14      1.54572      1.01048   7.2758E-14      0.00010  55079.73800            0            4           40            0
  2022     8    18      8.58065     22.16667      1.09678   1.2889E-13      0.00136      0.78418      0.31159      0.00132      2.67738      1.38071      0.00132      0.90075      1.17420   1.7896E-13   1.1504E-13      0.80162      0.58532   2.1735E-13      0.00044  53598.39200            0          -33           18            0
  2022     8    18      8.58065     22.25000      0.76129   2.3687E-13      0.00272      0.54256      0.28444      0.00263      1.90959      1.35346      0.00264      0.71217      0.82035   2.6472E-13   2.0914E-13      0.51538      0.40513   4.5383E-13      0.00093  58860.40400            0          -33           18            0
  2022     8    18      8.58065     22.33333      0.62309   3.3076E-13      0.00232      0.43683      0.22599      0.00202      1.88011      1.30626      0.00202      0.59792      0.65802   3.5429E-13   3.0202E-13      0.42152      0.34122   6.3445E-13      0.00100  57551.14600            0          -33           18            0
  2022     8    18      8.58065     22.41667      0.67774   2.8751E-13      0.00300      0.62774      3.12500      0.00300      0.65149      1.66964      0.00302      0.59700      0.74300   3.5520E-13   2.4667E-13      0.53033      0.41353   4.3269E-13      0.00076  51368.87000            0          -34           18            0
  2022     8    18      8.58065     22.50000      0.46466   5.3935E-13      0.00774      0.23753      0.10070      0.00740      1.71658      1.20518      0.00745      0.41240      0.48431   6.5801E-13   5.0336E-13      0.23581      0.21002   1.6704E-12      0.00341  53197.02000            0          -34           18            0
  2022     8    18      8.58065     22.58333      1.11584   1.2524E-13      0.00100      0.62962      0.10538      0.00078      9.76986      1.13059      0.00078      1.03486      1.14775   1.4200E-13   1.1949E-13      0.67903      0.50755   2.8661E-13      0.00055  56412.90200            0          -34           19            0
  2022     8    18      8.58065     22.66667      0.45022   5.6849E-13      0.00539      0.30547      0.22975      0.00510      1.32321      1.27259      0.00511      0.43070      0.48027   6.1207E-13   5.1044E-13      0.30413      0.25908   1.0931E-12      0.00189  55747.08000            0            3           -1            0
  2022     8    18      8.58065     22.75000      0.64811   3.0975E-13      0.00165      0.45096      0.22150      0.00123      2.27757      1.27078      0.00124      0.63279      0.65717   3.2235E-13   3.0266E-13      0.44635      0.35782   5.7672E-13      0.00086  56601.35400            0          -35           19            0
  2022     8    18      8.58065     22.83333      0.88067   1.8581E-13      0.00173      0.52122      0.12898      0.00155      3.47505      1.26485      0.00155      0.84019      0.92495   2.0097E-13   1.7123E-13      0.54417      0.42165   4.1451E-13      0.00079  59199.72800            0          -35           19            0
  2022     8    18      8.58065     22.91667      0.60413   3.4824E-13      0.00193      0.43625      0.26581      0.00159      1.75921      1.31140      0.00160      0.60295      0.59583   3.4937E-13   3.5636E-13      0.43510      0.35099   6.0180E-13      0.00105  57307.06400            0          -35           19            0
  2022     8    18      8.58065     23.00000      0.48248   5.0656E-13      0.00258      0.31810      0.17276      0.00160      1.58327      1.26889      0.00164      0.48853      0.49421   4.9615E-13   4.8667E-13      0.32368      0.27349   9.8531E-13      0.00144  54982.50000            0          -36           19            0
  2022     8    18      8.58065     23.08333      0.58069   3.7198E-13      0.00272      0.39651      0.23079      0.00245      1.76789      1.28782      0.00247      0.58429      0.60894   3.6817E-13   3.4367E-13      0.40650      0.33117   6.7400E-13      0.00129  58202.63800            0          -36           19            0
  2022     8    18      8.58065     23.16667      0.63962   3.1663E-13      0.00753      0.50212      6.96875      0.00717      0.51337      1.67589      0.00717      0.45003      0.71174   5.6889E-13   2.6499E-13      0.80069      0.58275   2.1777E-13      0.00031  55297.24600            0          -36           19            0
  2022     8    18      8.58065     23.25000      0.73158   2.5312E-13      0.00220      0.68158      3.12500      0.00219      0.71158      1.66917      0.00220      0.63116      0.79414   3.2374E-13   2.2077E-13      0.65259      0.49166   3.0622E-13      0.00047  52954.14000            0            1            0            0
  2022     8    18      8.58065     23.33361      1.33103   9.3351E-14      0.00059      0.93612      0.21376      0.00046      6.36093      1.25823      0.00047      1.23328      1.38775   1.0601E-13   8.7079E-14      0.89954      0.64333   1.7936E-13      0.00028  53941.94600            0           -1           42            0
  2022     8    18      8.58065     23.41667      0.77085   2.3199E-13      0.00306      0.71617      3.77734      0.00307      0.74085      1.66792      0.00308      0.61412      0.84460   3.3885E-13   1.9923E-13      0.56641      0.43574   3.8775E-13      0.00051  56786.67400            0            0            0            0
  2022     8    18      8.58065     23.50000      0.29335   1.1609E-12      0.09509      0.14085      7.78125      0.08201      0.13835      1.68324      0.08183      0.12981      0.26981   4.5175E-12   1.3345E-12      0.93900      0.66584   1.6698E-13      0.00029  55529.66400            0          -33           16            0
  2022     8    18      8.58065     23.58333      1.09142   1.2995E-13      0.00129      1.06142      2.37500      0.00125      1.10142      1.66667      0.00128      0.93203      1.07174   1.6906E-13   1.3395E-13      0.70709      0.52549   2.6790E-13      0.00047  55055.42600            0          -33           15            0
  2022     8    18      8.58065     23.66667      1.32694   9.3830E-14      0.00098      1.24507      4.46094      0.00098      1.33694      1.65042      0.00098      1.17316      1.46838   1.1521E-13   7.9256E-14      1.13742      0.78238   1.2131E-13      0.00020  54537.40800            0          -33           15            0
  2022     8    18      8.58065     23.75000      1.92598   5.0428E-14      0.00047      1.36257      0.26934      0.00045      1.93348      1.67042      0.00046      1.62295      2.02709   6.7079E-14   4.6306E-14      1.29585      0.87162   9.7612E-14      0.00017  55411.00200            0          -33           15            0
  2022     8    18      8.58065     23.83333      1.71601   6.1127E-14      0.00065      1.00187      0.13685      0.00062      1.73351      1.66542      0.00065      1.45093      1.81904   8.0851E-14   5.5466E-14      1.09424      0.75542   1.2939E-13      0.00029  56354.05200            0          -33           15            0
  2022     8    18      8.58065     23.91667      2.69406   2.8824E-14      0.00042      2.46533     10.23438      0.00042      2.70320      1.63933      0.00042      2.00498      2.87649   4.7161E-14   2.5842E-14      3.24505      2.02716   2.1138E-14      0.00012  57859.14200            0          -33           15            0
