      9.19355      0.00000     0.981483  1.55105e-13   0.00110872     0.600813     0.128589  0.000835313      6.18608      1.18448  0.000839356     0.896566      1.01270  1.80354e-13  1.47218e-13     0.639625     0.482046  3.16631e-13  0.000382932       46548.552       0          26          42       0
      9.19355    0.0833333      1.09589  1.29067e-13  0.000625147     0.741291     0.173687  0.000250845      5.90781      1.22566  0.000249495      1.07193      1.09425  1.33912e-13  1.29390e-13     0.740707     0.544596  2.47943e-13  0.000300999       45807.566       0          26          42       0
      9.19355     0.166667     0.629619  3.25062e-13   0.00215463     0.448584     0.226447   0.00174073      2.13479      1.28347   0.00174258     0.626665     0.665923  3.27620e-13  2.96066e-13     0.427191     0.343219  6.20477e-13  0.000680602       43673.284       0           4           2       0
      9.19355     0.250000     0.652030  3.06655e-13   0.00192383     0.381199     0.110888   0.00110655      4.32577      1.14219   0.00112258     0.613167     0.670795  3.39728e-13  2.92491e-13     0.413230     0.334571  6.55807e-13  0.000756032       50375.308       0           4           2       0
      9.19355     0.333333     0.693841  2.76479e-13   0.00176421     0.451336     0.153520   0.00125158      3.34469      1.21077   0.00125242     0.680010     0.693307  2.85915e-13  2.76834e-13     0.457061     0.363975  5.54377e-13  0.000676626       50947.136       0          26          42       0
      9.19355     0.416667     0.921606  1.72261e-13  0.000856319     0.624269     0.178410  0.000457092      4.02022      1.25604  0.000459536     0.896281     0.906275  1.80449e-13  1.77145e-13     0.629542     0.474977  3.25128e-13  0.000357489       51143.110       0          26          42       0
      9.19355     0.500000      1.09132  1.29969e-13  0.000797770     0.683288     0.135684  0.000515211      5.91041      1.22241  0.000519028      1.10121      1.10205  1.28029e-13  1.27867e-13     0.709239     0.524043  2.66548e-13  0.000345227       48843.378       0          26          42       0
      9.19355     0.583333      1.11224  1.25920e-13  0.000680725     0.707531     0.140558  0.000340704      7.22028      1.19069  0.000341784      1.11960      1.11162  1.24545e-13  1.26038e-13     0.743000     0.546115  2.46669e-13  0.000295256       46027.370       0          26          42       0
      9.19355     0.666667      1.15447  1.18338e-13  0.000596469     0.821319     0.214771  0.000367311      4.84708      1.27863  0.000366343      1.13022      1.18201  1.22600e-13  1.13778e-13     0.797005     0.578661  2.19446e-13  0.000259229       47870.654       0          26          42       0
      9.19355     0.750000      1.23018  1.06451e-13  0.000653310     0.941577     0.314443  0.000545447      3.89084      1.34166  0.000545214      1.16103      1.29538  1.17226e-13  9.76717e-14     0.873982     0.624951  1.88188e-13  0.000224271       46710.842       0          26          42       0
      9.19355     0.833333      1.07686  1.32891e-13  0.000735719     0.756043     0.213273  0.000528644      4.22530      1.28496  0.000530386      1.05064      1.07022  1.38465e-13  1.34269e-13     0.750528     0.550094  2.42559e-13  0.000287864       49070.470       0           4           2       0
      9.19355     0.916667      1.24658  1.04126e-13  0.000563663     0.912843     0.248985  0.000395659      5.41824      1.27474  0.000394988      1.24514      1.22610  1.04327e-13  1.07042e-13     0.862557     0.618223  1.92361e-13  0.000229395       44519.578       0          26          42       0
      9.19355      1.00000      1.24318  1.04601e-13  0.000568976     0.846660     0.183917  0.000362783      6.27094      1.24513  0.000362844      1.24741      1.21689  1.04011e-13  1.08396e-13     0.851949     0.611073  1.96369e-13  0.000221568       42931.188       0           4           2       0
      9.19355      1.08333      1.32749  9.37659e-14  0.000509716     0.852068     0.144375  0.000251043      8.69816      1.20242  0.000251112      1.25760      1.29679  1.02611e-13  9.74948e-14     0.889778     0.634708  1.82653e-13  0.000221413       41693.902       0          26          42       0
      9.19355      1.16667     0.554974  4.01152e-13   0.00200594     0.411523     0.260317   0.00135251      1.69256      1.30253   0.00135336     0.540144     0.577583  4.19675e-13  3.75323e-13     0.397312     0.323656  7.00180e-13  0.000784630       35596.778       0           4           2       0
      9.19355      1.25000     0.811223  2.13073e-13   0.00268696     0.756458      3.50488   0.00268964      1.09770      1.54047   0.00267945     0.679939     0.952838  2.85965e-13  1.62954e-13     0.605915     0.459041  3.46532e-13  0.000461791       47300.910       0           4           2       0
      9.19355      1.33333      1.15923  1.17530e-13   0.00178457      1.07422      5.06250   0.00178794      1.16782      1.64011   0.00179174     0.854036      1.27231  1.95570e-13  1.00641e-13     0.883680     0.628593  1.84758e-13  0.000432301       55793.344       0           4           2       0
      9.19355      1.41667      1.66693  6.41554e-14  0.000506617      1.12241     0.203171  0.000453866      1.67193      1.67917  0.000486405      1.39924      1.72742  8.58897e-14  6.04549e-14      1.95922      1.31751  4.90108e-14  0.000252302       50798.088       0           4           2       0
      9.19355      1.50000      1.01304  1.47136e-13  0.000668281     0.711180     0.201570  0.000278716      4.64397      1.25211  0.000276513     0.988106      1.05691  1.53376e-13  1.37098e-13     0.699882     0.519077  2.72513e-13  0.000341924       49967.194       0           4           2       0
      9.19355      1.58333     0.924917  1.71234e-13   0.00112122     0.592530     0.147153  0.000802379      4.94847      1.21245  0.000805860     0.912648     0.930664  1.75088e-13  1.69476e-13     0.615984     0.466842  3.37142e-13  0.000393094       57593.266       0           4           2       0
      9.19355      1.66667     0.594465  3.57727e-13   0.00177777     0.421272     0.219262   0.00109596      2.07656      1.27169   0.00110242     0.584691     0.629165  3.67750e-13  3.25453e-13     0.415385     0.335599  6.50145e-13  0.000701672       57929.918       0           4           2       0
      9.19355      1.75000     0.607462  3.45062e-13   0.00195783     0.369678     0.125747   0.00106478      3.28837      1.17600   0.00108112     0.580310     0.615279  3.72388e-13  3.37787e-13     0.402226     0.326943  6.85982e-13  0.000767819       53025.052       0           4           2       0
      9.19355      1.83333     0.586173  3.66201e-13   0.00205407     0.361037     0.128220   0.00106693      3.20187      1.17183   0.00107823     0.595294     0.590482  3.56897e-13  3.61758e-13     0.387156     0.317023  7.31059e-13  0.000837613       52245.914       0           4           2       0
      9.19355      1.91667     0.705528  2.68888e-13   0.00184365     0.401314    0.0998697   0.00107069      5.57832      1.11927   0.00107040     0.694292     0.675683  2.76180e-13  2.88973e-13     0.433857     0.347775  6.04670e-13  0.000762341       39185.236       0          26          42       0
      9.19355      2.00000     0.571881  3.81580e-13   0.00265072     0.307385    0.0850877   0.00131071      5.15624      1.07722   0.00132968     0.536615     0.563892  4.24284e-13  3.90633e-13     0.337713     0.282688  9.18015e-13   0.00105131       42032.170       0           4           2       0
      9.19355      2.08333     0.715488  2.62679e-13   0.00143968     0.451909     0.138043  0.000726497      4.05857      1.18239  0.000730894     0.728773     0.724768  2.54747e-13  2.57097e-13     0.472541     0.373642  5.24441e-13  0.000562602       54598.134       0           4           2       0
      9.19355      2.16667     0.584796  3.67639e-13   0.00207379     0.407383     0.207391   0.00152117      1.95640      1.28145   0.00152600     0.597285     0.593925  3.54916e-13  3.58270e-13     0.416788     0.337151  6.46504e-13  0.000732238       52954.456       0           4           2       0
      9.19355      2.25000     0.493241  4.88274e-13   0.00351483     0.306518     0.141557   0.00285118      2.01651      1.21350   0.00285696     0.483881     0.529093  5.04118e-13  4.34385e-13     0.323486     0.272283  9.86286e-13   0.00125385       42230.824       0          26          42       0
      9.19355      2.33333     0.564949  3.89416e-13   0.00224250     0.349400     0.129220   0.00118789      3.03191      1.17207   0.00119359     0.544331     0.567593  4.14309e-13  3.86397e-13     0.358420     0.296932  8.31333e-13  0.000941280       45878.898       0          26          42       0
      9.19355      2.41667     0.747587  2.44152e-13   0.00134227     0.537585     0.230459  0.000932850      2.85461      1.26763  0.000931217     0.720345     0.729129  2.59733e-13  2.54539e-13     0.515729     0.402865  4.53308e-13  0.000569983       46691.584       0          26          42       0
      9.19355      2.50000     0.631124  3.23771e-13   0.00182718     0.415196     0.165109   0.00118247      2.63671      1.23374   0.00119365     0.601811     0.663930  3.50479e-13  2.97549e-13     0.435406     0.349469  6.01089e-13  0.000672717       49668.020       0          26          42       0
      9.19355      2.58333     0.827720  2.06042e-13  0.000970771     0.574447     0.199436  0.000514511      3.13203      1.27817  0.000519342     0.802005     0.820452  2.17171e-13  2.09093e-13     0.580719     0.444211  3.71951e-13  0.000431548       49012.466       0           4           2       0
      9.19355      2.66667     0.847095  1.98248e-13   0.00130602     0.536431     0.141318  0.000901440      4.86699      1.19255  0.000902197     0.827126     0.854564  2.06289e-13  1.95369e-13     0.547899     0.422995  4.09821e-13  0.000462930       44373.958       0          26          42       0
      9.19355      2.75028     0.693165  2.76928e-13   0.00124964     0.475833     0.187699  0.000503421      2.78027      1.25317  0.000507147     0.668653     0.696785  2.94055e-13  2.74535e-13     0.482173     0.380075  5.07097e-13  0.000565582       44630.664       0          26          42       0
      9.19355      2.83333     0.865980  1.91095e-13   0.00105735     0.537229     0.130935  0.000513155      5.40578      1.17890  0.000517259     0.834423     0.848499  2.03291e-13  1.97702e-13     0.556344     0.428622  3.99506e-13  0.000476457       43532.998       0          26          42       0
      9.19355      2.91667     0.520755  4.46039e-13   0.00304667     0.360295     0.213405   0.00255512      1.71203      1.27132   0.00256022     0.492059     0.542662  4.90230e-13  4.16435e-13     0.350060     0.291190  8.64687e-13   0.00103733       47997.978       0          26          42       0
      9.19355      3.00000     0.698120  2.73661e-13   0.00156351     0.437726     0.136097  0.000851544      3.89400      1.18307  0.000855481     0.718911     0.710546  2.60598e-13  2.65731e-13     0.452384     0.360564  5.63963e-13  0.000651872       48261.586       0          26          42       0
      9.19355      3.08333     0.523808  4.41715e-13   0.00265114     0.379100     0.246469   0.00211057      1.59247      1.29277   0.00212060     0.497428     0.547151  4.81443e-13  4.10756e-13     0.375710     0.308919  7.68554e-13  0.000857196       49394.318       0           4           2       0
      9.19355      3.16667     0.711239  2.65299e-13   0.00141361     0.451384     0.143208  0.000718564      3.86315      1.18894  0.000726590     0.710160     0.705103  2.65972e-13  2.69159e-13     0.470481     0.372669  5.28273e-13  0.000636373       49099.998       0          26          42       0
      9.19355      3.25000     0.592519  3.59687e-13   0.00243317     0.342453     0.108454   0.00157474      3.77342      1.13951   0.00159007     0.551685     0.595910  4.05145e-13  3.56283e-13     0.370870     0.306254  7.85344e-13  0.000956151       48724.868       0          26          42       0
      9.19355      3.33333     0.484837  5.02462e-13   0.00233039     0.349081     0.238986   0.00148773      1.35649      1.31343   0.00150013     0.473829     0.492811  5.22066e-13  4.88985e-13     0.354670     0.294849  8.46034e-13   0.00102558       49741.282       0          26          42       0
      9.19355      3.41667     0.461919  5.44693e-13   0.00372601     0.311939     0.188580   0.00307306      1.61919      1.24596   0.00307853     0.445325     0.519062  5.78941e-13  4.48467e-13     0.319265     0.270083  1.00812e-12   0.00124038       44501.378       0          26          42       0
      9.19355      3.50000     0.715292  2.62799e-13   0.00314691     0.669667      3.06250   0.00315052     0.702792      1.66792   0.00315473     0.558541     0.821691  3.96891e-13  2.08568e-13     0.581455     0.447480  3.71166e-13  0.000614976       45949.786       0           5           2       0
      9.19355      3.58333     0.793968  2.20846e-13   0.00235040     0.529982     0.195672   0.00219595      3.09400      1.25952   0.00219064     0.618501     0.753851  3.34859e-13  2.40779e-13     0.521960     0.408273  4.44325e-13  0.000914843       48213.394       0           5           2       0
      9.19355      3.66667     0.610921  3.41812e-13   0.00420389     0.510784     0.634560   0.00413591      1.61316      1.32400   0.00412868     0.485780     0.627665  5.00837e-13  3.26750e-13     0.682717     0.531234  2.84028e-13   0.00194525       48223.178       0           5           2       0
      9.19355      3.75000     0.511304  4.59865e-13   0.00566365     0.465679      3.06250   0.00567523     0.480054      1.67401   0.00567005     0.387626     0.532578  7.29583e-13  4.29659e-13     0.475685     0.377001  5.18676e-13   0.00184711       48855.838       0           5           2       0
      9.19355      3.83333     0.911509  1.75453e-13   0.00343196     0.749012      7.78125   0.00326754     0.939637      1.58793   0.00327747     0.707077      1.15979  2.67907e-13  1.17434e-13      1.42182     0.940791  8.36290e-14  0.000146042       49044.032       0           5           2       0
      9.19355      3.91667      1.14078  1.20715e-13   0.00169319      1.01328      6.96875   0.00164124      1.15453      1.62417   0.00164195     0.938205      1.37013  1.67212e-13  8.89533e-14      1.58881      1.03063  6.94986e-14  9.58162e-05       41525.356       0           5           2       0
      9.19355      4.00000     0.856305  1.94707e-13   0.00306517     0.718800      6.96875   0.00288684     0.884350      1.59589   0.00290029     0.680554     0.980986  2.85534e-13  1.55236e-13      1.49125     0.977028  7.72404e-14  0.000131084       46746.746       0           5           2       0
      9.19355      4.08333      1.06934  1.34452e-13   0.00171370     0.951841      6.71875   0.00165718      1.08309      1.62417   0.00165773     0.901969      1.19751  1.78557e-13  1.11334e-13      1.40267     0.931606  8.55397e-14  0.000142764       35637.456       0           5           2       0
      9.19355      4.16667      1.08400  1.31436e-13   0.00164367     0.988998      5.06250   0.00163754      1.10524      1.63404   0.00163798     0.890112      1.23005  1.82539e-13  1.06469e-13     0.967337     0.679745  1.58903e-13  0.000227599       45970.182       0           5           2       0
      9.19355      4.25000      1.13191  1.22296e-13   0.00127996      1.07722      3.77734   0.00127909      1.14691      1.65667   0.00128354     0.933094      1.24999  1.68741e-13  1.03653e-13     0.870097     0.621348  1.89590e-13  0.000228671       44946.928       0           5           2       0
      9.19355      4.33333     0.802388  2.16998e-13   0.00170184     0.763013      2.77344   0.00169802     0.817388      1.65667   0.00170349     0.695180     0.864947  2.75592e-13  1.91476e-13     0.736060     0.541351  2.50557e-13  0.000299229       46729.246       0           5           2       0
      9.19355      4.41694     0.803820  2.16354e-13  0.000950581     0.690045     0.628953  0.000814234      1.58032      1.44155  0.000811944     0.777617     0.888223  2.28640e-13  1.83186e-13     0.646128     0.485570  3.11338e-13  0.000454008       51967.880       0           5           2       0
      9.19355      4.50000     0.712519  2.64506e-13   0.00221796     0.662832      3.46484   0.00221195     0.680019      1.67261   0.00220838     0.627644     0.797217  3.26769e-13  2.19349e-13     0.820402     0.596554  2.09115e-13  0.000292847       41688.676       0           5           2       0
      9.19355      4.58333     0.856728  1.94547e-13   0.00138722     0.816727      3.12500   0.00138703     0.871728      1.65667   0.00138786     0.775609     0.974545  2.29628e-13  1.56949e-13     0.849076     0.610547  1.97478e-13  0.000256381       42172.264       0           5           2       0
      9.19355      4.66667     0.764336  2.35300e-13   0.00290687     0.688515      4.29541   0.00287078     0.689335      1.67979   0.00287067     0.636199     0.944872  3.19478e-13  1.65250e-13     0.833833     0.600376  2.03531e-13  0.000274888       48801.738       0           5           2       0
      9.19355      4.75000     0.786397  2.24401e-13  0.000948544     0.670321     0.590166  0.000778625      1.55235      1.44085  0.000777722     0.747069     0.805546  2.44434e-13  2.15582e-13     0.641706     0.482758  3.14922e-13  0.000361513       47648.942       0           5           2       0
      9.19355      4.83333     0.698496  2.73415e-13   0.00307911     0.643182      3.59766   0.00306565     0.648495      1.67542   0.00306927     0.593468     0.848358  3.58730e-13  1.97756e-13     0.796003     0.584692  2.19907e-13  0.000341570       46137.582       0           5           2       0
      9.19355      4.91667     0.372377  7.80053e-13   0.00358932     0.352927      110.692   0.00319976     0.352377      1.66917   0.00320516     0.383511     0.455427  7.42674e-13  5.57696e-13     0.632334     0.477293  3.22739e-13  0.000433340       42548.158       0           5           2       0
      9.19355      5.00000     0.528950  4.34582e-13   0.00234785     0.398927     0.278837   0.00172386      1.60338      1.29933   0.00172056     0.496304     0.550106  4.83262e-13  4.07085e-13     0.370218     0.304933  7.87650e-13  0.000912451       47643.930       0           5           2       0
      9.19355      5.08333     0.599107  3.53119e-13   0.00220902     0.363721     0.121044   0.00129305      3.47458      1.16329   0.00129654     0.598833     0.609535  3.53389e-13  3.43108e-13     0.383731     0.314436  7.41966e-13  0.000826858       40926.096       0           5           2       0
      9.19355      5.16667     0.795098  2.20324e-13   0.00325296     0.705095      5.18750   0.00317921     0.700095      1.67855   0.00317166     0.608659     0.895082  3.43931e-13  1.80852e-13      1.14267     0.785956  1.20381e-13  0.000256994       45234.306       0           5           2       0
      9.19355      5.25000     0.505610  4.68528e-13   0.00808986     0.425923      4.58984   0.00780507     0.430610      1.67979   0.00779512     0.383878     0.582150  7.41493e-13  3.70428e-13     0.740559     0.547969  2.48025e-13  0.000957410       49052.338       0           5           2       0
      9.19355      5.33333     0.483023  5.05610e-13   0.00342263     0.444356      33.9703   0.00299890     0.300211      1.88492   0.00288352     0.459408     0.578202  5.49666e-13  3.74653e-13      1.42056     0.941822  8.37525e-14  0.000159499       40182.092       0           5           2       0
      9.19355      5.41667     0.682318  2.84305e-13   0.00361127     0.597317      5.06250   0.00343590     0.592941      1.68331   0.00342364     0.573141     0.787511  3.80184e-13  2.23873e-13      1.40968     0.930692  8.48319e-14  0.000169631       42208.622       0           5           2       0
      9.19355      5.50000     0.337403  9.19422e-13    0.0173434     0.277403      4.25000    0.0164759     0.284278      1.67097    0.0164294     0.255449     0.364445  1.46192e-12  8.08554e-13     0.882147     0.641117  1.85294e-13  0.000640544       36187.702       0           5           2       0
      9.19355      5.58333     0.732256  2.52730e-13   0.00135473     0.471880     0.150757  0.000751736      3.65656      1.20777  0.000756815     0.741440     0.737090  2.47535e-13  2.49974e-13     0.491062     0.386149  4.91890e-13  0.000557989       43582.586       0           5           2       0
      9.19355      5.66667     0.753052  2.41206e-13   0.00177957     0.556814     0.257995   0.00151101      2.21780      1.33401   0.00150558     0.689429     0.720626  2.79434e-13  2.59565e-13     0.508063     0.397531  4.64765e-13  0.000721555       49005.738       0           5           2       0
      9.19355      5.75000     0.543643  4.15183e-13   0.00457064     0.239279    0.0588964   0.00343737      12.1415     0.925733   0.00342448     0.465786     0.487224  5.37179e-13  4.98365e-13     0.267491     0.230780  1.35388e-12   0.00234618       45447.588       0           5           2       0
      9.19355      5.83333     0.578397  3.74443e-13   0.00220191     0.343826     0.114120   0.00105908      3.82619      1.13262   0.00107027     0.580429     0.574496  3.72261e-13  3.78690e-13     0.367212     0.303213  7.98424e-13  0.000909882       49612.652       0           5           2       0
      9.19355      5.91667     0.582931  3.69602e-13   0.00290618     0.378654     0.144184   0.00220364      2.95153      1.18957   0.00219209     0.522151     0.545730  4.44053e-13  4.12540e-13     0.352565     0.293917  8.54471e-13   0.00160155       41946.156       0           5           2       0
      9.19355      6.00000     0.608643  3.43947e-13   0.00254192     0.400929     0.161666   0.00200413      2.47423      1.24072   0.00199827     0.579069     0.582640  3.73719e-13  3.69909e-13     0.665001     0.535640  2.96751e-13   0.00126947       41546.432       0           5           2       0
      9.19355      6.08333     0.931840  1.69120e-13   0.00102415     0.570991     0.123800  0.000568092      6.73027      1.15806  0.000569826     0.929232     0.927656  1.69911e-13  1.70393e-13     0.600551     0.457243  3.51705e-13  0.000423658       46997.706       0           5           2       0
      9.19355      6.16667     0.867779  1.90435e-13   0.00116625     0.795587     0.843750  0.000996654      2.46754      1.34745  0.000987530     0.782239     0.910141  2.26393e-13  1.75893e-13     0.622772     0.471190  3.31040e-13  0.000441013       41987.194       0           5           2       0
      9.19355      6.25000     0.804408  2.16090e-13   0.00152423     0.569154     0.188044  0.000991023      7.46815      1.10079  0.000976458     0.754885     0.757365  2.40230e-13  2.38921e-13     0.483379     0.380841  5.04990e-13  0.000677725       40196.666       0           5           2       0
      9.19355      6.33333     0.843480  1.99666e-13   0.00153936     0.434128    0.0754800  0.000775165      18.2251     0.980796  0.000760472     0.778436     0.799444  2.28239e-13  2.18331e-13     0.470028     0.370409  5.29122e-13  0.000664369       42273.900       0           5           2       0
      9.19355      6.41667     0.889400  1.82782e-13   0.00204850     0.398479    0.0590132   0.00159082      25.1401     0.946844   0.00156712     0.753605     0.792544  2.40911e-13  2.21508e-13     0.448409     0.355624  5.72319e-13   0.00123555       41684.848       0           5           2       0
      9.19355      6.50000     0.826105  2.06714e-13   0.00190548     0.424190    0.0770798   0.00134369      11.5792      1.03800   0.00132945     0.736917     0.758795  2.50072e-13  2.38170e-13     0.445228     0.355010  5.79152e-13  0.000938812       44302.156       0           5           2       0
      9.19355      6.58333     0.998631  1.50691e-13  0.000845434     0.679097     0.180545  0.000551643      4.90392      1.23571  0.000550780     0.959757      1.03254  1.61000e-13  1.42534e-13     0.672651     0.501545  2.91147e-13  0.000312424       41032.348       0           5           2       0
      9.19355      6.66667      1.05060  1.38474e-13  0.000951860     0.594521    0.0969647  0.000531108      12.8224      1.08077  0.000526637     0.981018      1.03222  1.55227e-13  1.42608e-13     0.637400     0.479522  3.18475e-13  0.000367338       45750.434       0           5           2       0
      9.19355      6.75000     0.985557  1.54037e-13  0.000859433     0.703735     0.219945  0.000614235      3.77619      1.28873  0.000612025     0.938820      1.01958  1.67029e-13  1.45567e-13     0.683550     0.509719  2.83452e-13  0.000354302       43154.448       0           5           2       0
      9.19355      6.83333     0.874872  1.87869e-13  0.000940180     0.566998     0.152361  0.000420543      4.33804      1.22549  0.000428002     0.886384     0.875769  1.83820e-13  1.87548e-13     0.591548     0.450788  3.60672e-13  0.000383720       47778.788       0           5           2       0
      9.19355      6.91667      1.01392  1.46924e-13  0.000727381     0.681147     0.169596  0.000311776      5.44516      1.22072  0.000312341     0.987239      1.01747  1.53600e-13  1.46070e-13     0.691216     0.513535  2.78231e-13  0.000302091       33734.608       0           5           2       0
      9.19355      7.00000     0.752176  2.41674e-13   0.00132715     0.503407     0.176776  0.000889180      3.01071      1.25725  0.000896814     0.717227     0.799429  2.61618e-13  2.18338e-13     0.521457     0.406113  4.45039e-13  0.000523873       37875.590       0           5           2       0
      9.19355      7.08361     0.813961  2.11880e-13   0.00239966     0.818961      1.12500   0.00204707      5.33739      1.16410   0.00200735     0.684613     0.760095  2.82718e-13  2.37492e-13     0.916223     0.705945  1.73951e-13   0.00213366       40623.772       0           5           2       0
      9.19355      7.16667     0.987893  1.53431e-13  0.000885661     0.672783     0.182977  0.000613758      4.50091      1.25131  0.000613094     0.954056     0.997131  1.62607e-13  1.51069e-13     0.671220     0.501678  2.92183e-13  0.000323350       39670.874       0           4           2       0
      9.19355      7.25000     0.891752  1.81979e-13  0.000949013     0.618402     0.188185  0.000445506      4.83192      1.20929  0.000442943     0.914888     0.864687  1.74374e-13  1.91571e-13     0.605601     0.460434  3.46831e-13  0.000390434       49423.610       0           4           2       0
      9.19355      7.33333      1.07797  1.32664e-13  0.000910611     0.695923     0.150726  0.000681248      4.86909      1.25966  0.000684306      1.02547      1.08811  1.44176e-13  1.30608e-13     0.708463     0.524120  2.67034e-13  0.000297522       49450.938       0           4           2       0
      9.19355      7.41667     0.730976  2.53468e-13   0.00146864     0.536182     0.267501   0.00120198      2.23184      1.31619   0.00120291     0.665583     0.736875  2.96318e-13  2.50096e-13     0.522354     0.405720  4.43766e-13  0.000534129       42783.660       0           4           2       0
      9.19355      7.50000      1.09074  1.30085e-13  0.000654027     0.711937     0.152772  0.000263804      6.29508      1.21223  0.000264591      1.05514      1.08204  1.37482e-13  1.31833e-13     0.735669     0.540950  2.50779e-13  0.000270215       46765.150       0           4           2       0
      9.19355      7.58333     0.977528  1.56152e-13  0.000728535     0.700801     0.228055  0.000420851      3.95489      1.27428  0.000423039     0.970704     0.980046  1.57986e-13  1.55484e-13     0.704865     0.522188  2.69310e-13  0.000313212       49110.144       0           4           2       0
      9.19355      7.66694     0.973349  1.57271e-13  0.000946617     0.682778     0.212651  0.000726867      3.21594      1.31984  0.000729943     0.987755     0.995073  1.53467e-13  1.51590e-13     0.679161     0.505726  2.86511e-13  0.000335076       45116.630       0           4           2       0
      9.19355      7.75000     0.974902  1.56853e-13  0.000761233     0.663431     0.177381  0.000340120      4.69952      1.24019  0.000339093     0.927434     0.960763  1.70461e-13  1.60720e-13     0.677909     0.505098  2.87394e-13  0.000315508       45143.732       0           4           2       0
      9.19355      7.83333      1.01272  1.47212e-13  0.000789563     0.721033     0.216645  0.000537349      4.03118      1.28060  0.000537297     0.994604      1.01784  1.51709e-13  1.45981e-13     0.713964     0.527870  2.63614e-13  0.000298365       42909.906       0           4           2       0
      9.19355      7.91667      1.16605  1.16387e-13  0.000656886     0.718178     0.126728  0.000313802      8.17985      1.18124  0.000317181      1.10261      1.17349  1.27759e-13  1.15158e-13     0.754925     0.552474  2.40209e-13  0.000264911       43418.060       0           4           2       0
      9.19355      8.00000      1.11485  1.25430e-13  0.000596222     0.766515     0.187656  0.000273498      5.62230      1.23907  0.000271926      1.06982      1.11203  1.34353e-13  1.25960e-13     0.769646     0.561730  2.32600e-13  0.000260983       48090.194       0           4           2       0
      9.19355      8.08333      1.10498  1.27304e-13  0.000625587     0.800769     0.235222  0.000391159      4.12631      1.30161  0.000390724      1.06933      1.13924  1.34455e-13  1.20987e-13     0.777641     0.566767  2.28628e-13  0.000259796       42452.898       0           4           2       0
      9.19355      8.16667      1.00127  1.50030e-13  0.000821111     0.615743     0.126380  0.000349168      7.05721      1.16817  0.000354268      1.01759      1.00975  1.46040e-13  1.47935e-13     0.648836     0.486657  3.09175e-13  0.000362703       44803.984       0           4           2       0
      9.19355      8.25000      1.12514  1.23524e-13  0.000667648     0.692307     0.127521  0.000277657      1.15139      1.69285  0.000469480      1.07963      1.14473  1.32324e-13  1.20020e-13     0.734962     0.540312  2.51182e-13  0.000287144       45224.784       0           4           2       0
      9.19355      8.33333      1.14846  1.19373e-13  0.000657670     0.792788     0.191512  0.000421165      5.83963      1.23877  0.000420057      1.13247      1.16025  1.22195e-13  1.17357e-13     0.773467     0.564059  2.30688e-13  0.000263359       50337.996       0           4           2       0
      9.19355      8.41667      1.09705  1.28840e-13  0.000720320     0.673851     0.126268  0.000345486      7.22932      1.18762  0.000351543      1.09255      1.08630  1.29725e-13  1.30972e-13     0.705347     0.521682  2.69003e-13  0.000287188       41172.614       0           4           2       0
      9.19355      8.50000      1.17577  1.14787e-13  0.000630746     0.742222     0.136586  0.000300016      8.65172      1.17269  0.000298696      1.16250      1.18167  1.16980e-13  1.13833e-13      1.34821     0.962760  9.13761e-14  0.000384623       42939.438       0           4           2       0
      9.19355      8.58333      1.11047  1.26255e-13  0.000587836     0.772044     0.197047  0.000282147      4.99080      1.26187  0.000283870      1.11284      1.14728  1.25807e-13  1.19576e-13     0.779077     0.567209  2.27926e-13  0.000248412       48040.656       0           4           2       0
      9.19355      8.66667      1.25096  1.03520e-13  0.000530156     0.852218     0.183933  0.000312131      6.21533      1.24848  0.000313300      1.22491      1.28972  1.07215e-13  9.83864e-14     0.857946     0.614518  1.94087e-13  0.000234845       53559.668       0           4           2       0
      9.19355      8.75000      1.21626  1.08490e-13  0.000483242     0.878455     0.229032  0.000223901      5.30203      1.27459  0.000223218      1.19361      1.23059  1.11941e-13  1.06391e-13     0.859813     0.615955  1.93385e-13  0.000213745       48061.620       0           4           2       0
      9.19355      8.83333      1.26201  1.02013e-13  0.000527386     0.812233     0.148684  0.000249096      1.28193      1.69050  0.000388450      1.20592      1.30046  1.10044e-13  9.70365e-14     0.847700     0.608239  1.98012e-13  0.000218940       49386.226       0           4           2       0
      9.19355      8.91667      1.37020  8.89451e-14  0.000480451      1.06409     0.330662  0.000373952      3.92782      1.37406  0.000373498      1.27825      1.39320  9.98630e-14  8.65117e-14      1.02888     0.717204  1.43381e-13  0.000188808       47107.524       0           4           2       0
      9.19355      9.00000     0.763343  2.35810e-13   0.00276578     0.713343      3.12500   0.00276325     0.750843      1.66167   0.00277892     0.626984     0.832820  3.27342e-13  2.03944e-13     0.552447     0.426213  4.04214e-13  0.000620999       48690.938       0           4           2       0
      9.19355      9.08333     0.665675  2.96250e-13   0.00337535     0.519412     0.548963   0.00333533      1.30641      1.40464   0.00333985     0.523775     0.725365  4.41762e-13  2.56745e-13     0.481556     0.379147  5.08179e-13  0.000771961       42882.184       0           4           2       0
      9.19355      9.16667     0.652695  3.06135e-13   0.00395524     0.595820      3.64844   0.00394733     0.607695      1.67104   0.00396471     0.508062     0.649358  4.64766e-13  3.08761e-13     0.522633     0.406283  4.43371e-13  0.000716145       44115.520       0           4           2       0
      9.19355      9.25000     0.739777  2.48463e-13   0.00415978     0.635817      5.59003   0.00409063     0.636076      1.67866   0.00409696     0.547876     0.875118  4.09850e-13  1.87781e-13     0.631197     0.475944  3.23708e-13  0.000501195       47067.098       0           4           2       0
      9.19355      9.33333     0.737704  2.49627e-13   0.00326337     0.680830      3.64844   0.00326879     0.692704      1.67104   0.00329471     0.560058     0.757171  3.95100e-13  2.39023e-13     0.515494     0.401766  4.53652e-13  0.000765458       48335.372       0           4           2       0
      9.19355      9.41667     0.830099  2.05059e-13   0.00199057     0.714318     0.878784   0.00196502      1.63580      1.42624   0.00196345     0.646069     0.891145  3.11385e-13  1.82186e-13     0.612459     0.462689  3.40383e-13  0.000775638       43846.184       0           4           2       0
      9.19355      9.50000     0.829471  2.05318e-13   0.00243720     0.553083     0.245998   0.00239501      2.11255      1.34453   0.00239990     0.669328     0.965735  2.93560e-13  1.59343e-13     0.548733     0.423301  4.08784e-13  0.000664795       45913.386       0           4           2       0
      9.19355      9.58333     0.680752  2.85396e-13   0.00384637     0.615753      3.68750   0.00385054     0.630753      1.67042   0.00387062     0.535284     0.736394  4.26045e-13  2.50368e-13     0.759819     0.579505  2.37636e-13  0.000832160       45858.728       0           4           2       0
      9.19355      9.66667     0.861455  1.92771e-13   0.00173895     0.511122     0.143445   0.00159551      3.81344      1.22739   0.00160431     0.729352     0.867731  2.54410e-13  1.90453e-13     0.513607     0.399981  4.56434e-13  0.000883977       54541.844       0           4           2       0
      9.19355      9.75000     0.848783  1.97591e-13   0.00280323     0.780969      3.76953   0.00281797     0.866283      1.63667   0.00283022     0.655787     0.935718  3.03732e-13  1.67953e-13     0.516263     0.402129  4.52526e-13  0.000788089       43459.462       0           4           2       0
      9.19355      9.83333     0.758024  2.38575e-13   0.00387342     0.663024      5.06250   0.00384724     0.673024      1.67355   0.00385375     0.596989     0.794981  3.55210e-13  2.20378e-13     0.576284     0.440548  3.76734e-13  0.000617779       49261.552       0           4           2       0
      9.19355      9.91667     0.678544  2.86945e-13   0.00497662     0.583542      5.06250   0.00491606     0.593543      1.67355   0.00491992     0.502741     0.714459  4.72993e-13  2.63310e-13     0.548068     0.422053  4.09611e-13  0.000640951       49708.782       0           4           2       0
      9.19355      10.0000     0.737385  2.49807e-13   0.00371549     0.657698      4.58984   0.00370763     0.662385      1.67480   0.00372061     0.582576     0.832442  3.69977e-13  2.04098e-13     0.553786     0.426626  4.02586e-13  0.000732698       47036.148       0           4           2       0
      9.19355      10.0833     0.905644  1.77351e-13   0.00173779     0.859979      2.85791   0.00172008      3.05026      1.28834   0.00166966     0.730667      1.00043  2.53647e-13  1.50239e-13     0.578342     0.442017  3.74502e-13  0.000660185       52077.694       0           4           2       0
      9.19355      10.1667     0.736768  2.50156e-13   0.00455836     0.627385      5.67297   0.00450290     0.643254      1.66635   0.00450968     0.524484     0.826652  4.40766e-13  2.06486e-13     0.558727     0.429422  3.96671e-13  0.000635665       47921.148       0           4           2       0
      9.19355      10.2500     0.913929  1.74679e-13   0.00191049     0.838929      3.93750   0.00191439     0.931428      1.64167   0.00191647     0.775599      1.08825  2.29633e-13  1.30582e-13      1.04237     0.755178  1.40302e-13  0.000558868       51270.902       0           4           2       0
      9.19355      10.3333     0.903788  1.77958e-13   0.00212354     0.843945      3.41992   0.00212603     0.915038      1.64917   0.00213623     0.707432      1.01430  2.67683e-13  1.46832e-13     0.623561     0.470751  3.30342e-13  0.000518538       49964.842       0           4           2       0
      9.19355      10.4167     0.808848  2.14117e-13   0.00235933     0.766036      2.95703   0.00234452      2.38121      1.31366   0.00228188     0.636494     0.888831  3.19231e-13  1.82977e-13     0.500087     0.390976  4.77185e-13  0.000721523       44992.876       0           4           2       0
      9.19355      10.5000     0.884193  1.84580e-13   0.00175564     0.742429     0.758694   0.00172518      1.84533      1.41260   0.00172370     0.749631     0.993831  2.43043e-13  1.51906e-13     0.650419     0.488061  3.07922e-13  0.000424143       51196.412       0           4           2       0
      9.19355      10.5833     0.867483  1.90543e-13   0.00372697     0.739982      6.46875   0.00367609     0.900788      1.59275   0.00367528     0.590234     0.924581  3.62011e-13  1.71338e-13     0.674683     0.503136  2.89687e-13  0.000601462       46843.258       0           4           2       0
      9.19355      10.6667     0.788766  2.23280e-13   0.00233878     0.564716     0.289065   0.00226880      1.92283      1.36482   0.00227338     0.678329     0.909348  2.87097e-13  1.76148e-13     0.536578     0.414818  4.24334e-13  0.000610289       38883.126       0           4           2       0
      9.19355      10.7500     0.769952  2.32446e-13   0.00333153     0.689014      4.23047   0.00333003      1.31265      1.44102   0.00330721     0.604118     0.879242  3.48251e-13  1.86315e-13     0.570763     0.437901  3.82828e-13  0.000643975       51272.530       0           4           2       0
      9.19355      10.8333      1.00211  1.49820e-13   0.00141744     0.561554     0.112560   0.00126542      4.98286      1.21912   0.00127614     0.842177      1.04556  2.00181e-13  1.39588e-13     0.593342     0.451478  3.58856e-13  0.000649751       42937.890       0           4           2       0
      9.19355      10.9167     0.962307  1.60290e-13   0.00194494     0.894493      3.76953   0.00195136     0.979807      1.64167   0.00196443     0.771337      1.02535  2.31751e-13  1.44203e-13     0.651273     0.488314  3.07249e-13  0.000520116       42886.034       0           4           2       0
      9.19355      11.0000     0.996862  1.51137e-13  0.000995887     0.675464     0.197878  0.000826471      4.27013      1.25672  0.000828293     0.870608      1.08542  1.89405e-13  1.31150e-13     0.669254     0.499132  2.93615e-13  0.000430131       47106.220       0           4           2       0
      9.19355      11.0833     0.891705  1.81995e-13   0.00147954     0.571813     0.174330   0.00133519      3.58657      1.25574   0.00133992     0.751181     0.961983  2.42208e-13  1.60380e-13     0.593720     0.452452  3.58475e-13  0.000610078       40450.986       0           4           2       0
      9.19355      11.1667     0.906754  1.76989e-13   0.00277755     0.814257      4.90625   0.00279117     0.940898      1.61933   0.00279192     0.664575     0.941753  2.97068e-13  1.66163e-13     0.596941     0.454025  3.55257e-13  0.000503217       49885.358       0           4           2       0
      9.19355      11.2500     0.858725  1.93793e-13   0.00184845     0.791068      3.90039   0.00184365     0.878724      1.63792   0.00184826     0.751488     0.971068  2.42043e-13  1.57887e-13     0.987520     0.716671  1.53527e-13  0.000485659       51520.356       0           4           2       0
      9.19355      11.3333     0.866419  1.90934e-13   0.00129689     0.522584     0.130051  0.000990215      4.74484      1.19707  0.000996580     0.766759     0.933986  2.34062e-13  1.68472e-13     0.561516     0.431906  3.93392e-13  0.000536967       37949.700       0           4           2       0
      9.19355      11.4167      1.03954  1.40938e-13   0.00142809     0.974538      3.93750   0.00142766      1.05204      1.64667   0.00143577     0.851110      1.19497  1.96692e-13  1.11730e-13     0.860608     0.617355  1.93087e-13  0.000321391       49537.582       0           3           2       0
      9.19355      11.5000     0.890533  1.82395e-13   0.00136889     0.564347     0.157917   0.00116545      4.11482      1.23024   0.00117109     0.778463     0.945016  2.28226e-13  1.65208e-13     0.584338     0.445635  3.68119e-13  0.000568928       45999.900       0           3           2       0
      9.19355      11.5833     0.881372  1.85565e-13   0.00364072     0.763873      6.71875   0.00366325     0.904499      1.60792   0.00365485     0.638257     0.876906  3.17763e-13  1.87143e-13     0.489064     0.384739  4.95244e-13  0.000958738       52304.558       0           3           2       0
      9.19355      11.6667     0.793055  2.21271e-13   0.00250655     0.564780     0.327044   0.00244869      1.61279      1.40781   0.00246253     0.693896     0.907864  2.76443e-13  1.76629e-13     0.524703     0.407835  4.40460e-13  0.000736621       51337.820       0           3           2       0
      9.19355      11.7500     0.909196  1.76198e-13   0.00322968     0.774982      6.72461   0.00321301     0.937248      1.59589   0.00320967     0.684015      1.11401  2.83130e-13  1.25587e-13     0.630191     0.476751  3.24570e-13  0.000620237       48657.184       0           3           2       0
      9.19355      11.8333     0.808376  2.14325e-13   0.00321047     0.713373      5.31250   0.00316720     0.708450      1.67610   0.00317543     0.634426     0.901804  3.20967e-13  1.78611e-13     0.675273     0.503504  2.89265e-13  0.000491255       48254.572       0           3           2       0
      9.19355      11.9167     0.820328  2.09146e-13   0.00292183     0.755329      3.43750   0.00292845     0.856404      1.62460   0.00294721     0.636969     0.977761  3.18834e-13  1.56090e-13     0.548020     0.422561  4.09670e-13  0.000695516       46840.724       0           3           2       0
      9.19355      12.0000     0.752066  2.41733e-13   0.00246559     0.430081     0.128909   0.00228059      3.49068      1.20596   0.00229429     0.631732     0.814359  3.23252e-13  2.11707e-13     0.455726     0.362223  5.57087e-13  0.000900340       50100.052       0           3           2       0
      9.19355      12.0833     0.628264  3.26231e-13   0.00662523     0.519562      5.89294   0.00646174     0.525670      1.67267   0.00646491     0.471256     0.736218  5.26826e-13  2.50468e-13     0.529988     0.410610  4.33164e-13  0.000715333       49150.812       0           3           2       0
      9.19355      12.1667      1.40743  8.50584e-14  0.000963449     0.783814     0.132570  0.000916008      1.42243      1.65667  0.000970436      1.13193      1.49917  1.22291e-13  7.65613e-14      1.61374      1.15689  6.77186e-14  0.000483681       46449.500       0           3           2       0
      9.19355      12.2500     0.933358  1.68661e-13   0.00240043     0.838357      4.81250   0.00240397     0.957105      1.61917   0.00241164     0.722741     0.967621  2.58300e-13  1.58825e-13     0.640503     0.480814  3.15908e-13  0.000465219       48501.786       0           3           2       0
      9.19355      12.3336      1.05074  1.38443e-13   0.00120010     0.727233     0.222757   0.00103415      1.06574      1.67417   0.00115317     0.883383      1.19904  1.84862e-13  1.11097e-13     0.620920     0.469505  3.32687e-13  0.000601700       42361.678       0           3           2       0
      9.19355      12.4167     0.868379  1.90216e-13   0.00260540     0.768382      5.18750   0.00257211     0.892049      1.61701   0.00257189     0.707386     0.914625  2.67712e-13  1.74458e-13     0.747145     0.547714  2.44392e-13  0.000398019       41994.624       0           3           2       0
      9.19355      12.5000      1.19063  1.12409e-13  0.000936914     0.968541     0.517904  0.000885471      1.20063      1.66667  0.000930525      1.01585      1.39617  1.46457e-13  8.62047e-14      1.37209     0.979677  8.87411e-14  0.000484676       45499.118       0           3           2       0
      9.19355      12.5833     0.995015  1.51605e-13   0.00138543     0.936422      3.65430   0.00138487      1.00002      1.65667   0.00138812     0.839790      1.22190  2.01130e-13  1.07656e-13     0.883486     0.631489  1.84826e-13  0.000297123       46774.240       0           3           2       0
      9.19355      12.6667     0.877961  1.86768e-13   0.00125535     0.837179      2.90820   0.00124367      1.19270      1.55121   0.00123915     0.794814      1.08329  2.20455e-13  1.31578e-13     0.749369     0.550043  2.43184e-13  0.000400419       47125.442       0           3           2       0
      9.19355      12.7500      1.08490  1.31255e-13   0.00171452      1.00990      3.93750   0.00172034      1.09615      1.64917   0.00172508     0.861731      1.27960  1.92668e-13  9.96868e-14     0.704658     0.521029  2.69442e-13  0.000454037       47882.400       0           3           2       0
      9.19355      12.8333      1.08861  1.30510e-13   0.00117117      1.03251      3.49805   0.00116924      1.10361      1.65667   0.00117455     0.906061      1.31398  1.77215e-13  9.53783e-14      1.25630     0.889154  1.02787e-13  0.000428228       47398.602       0           3           2       0
      9.19355      12.9167      1.02021  1.45416e-13   0.00189622     0.945213      3.93750   0.00190085      1.03771      1.64167   0.00190698     0.756501      1.13468  2.39376e-13  1.21799e-13     0.720470     0.531402  2.59659e-13  0.000478123       43896.686       0           3           2       0
      9.19355      13.0000     0.817980  2.10148e-13   0.00180588     0.587930     0.296205   0.00171958      2.16231      1.34396   0.00172488     0.738725     0.877225  2.49053e-13  1.87030e-13     0.543321     0.419287  4.15594e-13  0.000909078       48603.612       0           3           2       0
      9.19355      13.0833     0.808543  2.14251e-13   0.00192090     0.580807     0.313586   0.00184519      2.18723      1.33625   0.00185044     0.676408     0.928328  2.88457e-13  1.70187e-13     0.539750     0.417713  4.20186e-13  0.000778087       48699.772       0           3           2       0
      9.19355      13.1667     0.770723  2.32059e-13   0.00411985     0.653224      6.71875   0.00401267     0.653224      1.67324   0.00401500     0.551469     0.823292  4.05409e-13  2.07893e-13     0.668081     0.498545  2.94474e-13  0.000489930       47022.510       0           3           2       0
      9.19355      13.2500     0.706672  2.68163e-13   0.00453804     0.631672      3.93750   0.00456293     0.631672      1.67979   0.00459007     0.520356     0.683659  4.46609e-13  2.83376e-13     0.411281     0.332924  6.60994e-13   0.00138337       49680.528       0           3           2       0
      9.19355      13.3333     0.894850  1.80931e-13   0.00195420     0.644736     0.343274   0.00191789      1.88918      1.40540   0.00192308     0.698557     0.977661  2.73375e-13  1.56116e-13     0.578122     0.442174  3.74740e-13  0.000638678       50282.464       0           3           2       0
      9.19355      13.4167      1.23463  1.05811e-13   0.00152016      1.13964      4.81250   0.00152818      1.25385      1.63636   0.00153606     0.911506      1.35805  1.75454e-13  9.02751e-14     0.761427     0.556601  2.36800e-13  0.000558771       49522.472       0           3           2       0
      9.19355      13.5000     0.983900  1.54470e-13   0.00212922     0.898901      5.06250   0.00213682      1.01015      1.62917   0.00214078     0.765840      1.08662  2.34530e-13  1.30909e-13     0.654611     0.488961  3.04642e-13  0.000503342       50708.272       0           3           2       0
      9.19355      13.5833     0.808841  2.14120e-13   0.00196019     0.607228     0.423847   0.00192876      1.58887      1.41887   0.00193303     0.679872      1.05190  2.86011e-13  1.38188e-13     0.621835     0.470448  3.31872e-13  0.000568879       50469.924       0           3           2       0
      9.19355      13.6667      1.22312  1.07477e-13   0.00134951      1.14687      3.57812   0.00134972      1.23437      1.64917   0.00136182     0.976947      1.13476  1.56306e-13  1.21783e-13     0.809379     0.587068  2.13883e-13  0.000429544       51034.396       0           3           2       0
      9.19355      13.7500     0.654090  3.05047e-13   0.00517035     0.559090      5.06250   0.00510820     0.569090      1.67355   0.00511461     0.471137     0.749073  5.27048e-13  2.43345e-13     0.515619     0.402714  4.53469e-13  0.000950288       49971.844       0           3           2       0
      9.19355      13.8333     0.722830  2.58247e-13   0.00612464     0.570331      7.53125   0.00593163     0.562831      1.68136   0.00593766     0.488567     0.761332  4.96085e-13  2.36849e-13     0.562726     0.432290  3.91983e-13  0.000773480       47032.884       0           3           2       0
      9.19355      13.9167     0.861405  1.92789e-13   0.00318115     0.756404      5.31250   0.00315521     0.890074      1.61214   0.00315399     0.660145     0.874443  3.00398e-13  1.88023e-13     0.688785     0.513164  2.79870e-13  0.000489387       47157.174       0           3           2       0
      9.19355      14.0000     0.914429  1.74520e-13   0.00220856     0.832868      4.05078   0.00221522     0.940680      1.62917   0.00222342     0.713770     0.979318  2.63734e-13  1.55676e-13     0.619060     0.468787  3.34355e-13  0.000702882       48368.534       0           3           2       0
      9.19355      14.0833     0.665354  2.96489e-13   0.00576441     0.547855      6.71875   0.00559692     0.547543      1.67679   0.00560201     0.516192     0.716595  4.52630e-13  2.62003e-13     0.545599     0.421735  4.12705e-13  0.000819347       45703.384       0           3           2       0
      9.19355      14.1667     0.976729  1.56365e-13   0.00204929     0.888762      4.83398   0.00204781     0.992472      1.63597   0.00204814     0.751397      1.08296  2.42092e-13  1.31646e-13     0.762796     0.557338  2.36092e-13  0.000406277       46394.316       0           3           2       0
      9.19355      14.2500     0.717308  2.61569e-13   0.00381798     0.632306      5.06250   0.00375700     0.635431      1.67800   0.00376064     0.568216     0.910579  3.85692e-13  1.75752e-13     0.689026     0.512090  2.79707e-13  0.000458762       47931.640       0           3           2       0
      9.19355      14.3333      1.07963  1.32323e-13  0.000786401      1.02697      3.36133  0.000781579      1.09463      1.65667  0.000787557      1.01582      1.20743  1.46465e-13  1.09815e-13      1.03452     0.723669  1.42080e-13  0.000220185       46365.798       0           3           2       0
      9.19355      14.4167      1.48830  7.74962e-14  0.000468494      1.24926     0.608656  0.000443393      1.49829      1.67167  0.000459210      1.51214      1.58960  7.54705e-14  6.94412e-14      1.18983     0.809180  1.12534e-13  0.000172835       46217.304       0           3           2       0
      9.19355      14.5000     0.981024  1.55225e-13  0.000824983     0.904067      1.72693  0.000814020      1.37105      1.54361  0.000815080     0.939005     0.980486  1.66974e-13  1.55367e-13     0.904475     0.642655  1.77733e-13  0.000302804       43949.836       0           3           2       0
      9.19355      14.5833      1.55973  7.16713e-14  0.000473296      1.48473      3.93750  0.000471972      1.57473      1.65667  0.000474764      1.37745      1.88401  8.81660e-14  5.23147e-14      1.87075      1.20857  5.29340e-14  0.000158093       50193.624       0           3           2       0
      9.19355      14.6667      1.01084  1.47671e-13  0.000846190     0.959433      3.72070  0.000844874      1.03021      1.65354  0.000844882     0.979281      1.07016  1.55686e-13  1.34282e-13      1.06810     0.741969  1.34713e-13  0.000219965       43441.822       0           3           2       0
      9.19355      14.7500      1.31231  9.55802e-14  0.000936016      1.24481      3.68750  0.000934567      1.31731      1.65667  0.000941968      1.10161      1.69958  1.27953e-13  6.21147e-14     0.980336     0.688632  1.55407e-13  0.000275369       50787.562       0           3           2       0
      9.19355      14.8333      1.68411  6.30684e-14  0.000972882      1.49738      9.13086  0.000958312      1.69786      1.62417  0.000958406      1.26622      1.88400  1.01448e-13  5.23150e-14      1.51264     0.989444  7.54288e-14  0.000150717       48056.130       0           3           2       0
      9.19355      14.9167      1.29855  9.72743e-14  0.000382402      1.00958     0.360686  0.000266292      3.56337      1.37532  0.000270820      1.25913      1.30561  1.02403e-13  9.63997e-14     0.998028     0.698615  1.50843e-13  0.000298719       51904.180       0           3           2       0
      9.19355      15.0000     0.418864  6.41172e-13   0.00539006     0.353580     0.683395   0.00526102     0.421364      1.66354   0.00538862     0.409553     0.466694  6.65649e-13  5.35438e-13     0.317511     0.268678  1.01741e-12   0.00140459       50801.788       0           3           2       0
      9.19355      15.0833     0.765108  2.34904e-13   0.00104720     0.525108     0.195105  0.000487673      3.01270      1.26193  0.000504551     0.746723     0.789909  2.44622e-13  2.22741e-13     0.864940     0.659455  1.91478e-13  0.000751829       51643.656       0           3           2       0
      9.19355      15.1667     0.632690  3.22436e-13   0.00173944     0.393610     0.136753  0.000944767      3.24552      1.18979  0.000969054     0.635965     0.636669  3.19674e-13  3.19085e-13     0.412121     0.332932  6.58750e-13  0.000727494       51728.802       0           3           2       0
      9.19355      15.2500     0.540531  4.19174e-13   0.00220705     0.389202     0.246734   0.00167728      1.62975      1.29737   0.00168737     0.546160     0.563522  4.11998e-13  3.91061e-13     0.387594     0.317025  7.29684e-13  0.000862150       52174.586       0           3           2       0
      9.19355      15.3333     0.434685  6.02750e-13   0.00421602     0.233039    0.0890067   0.00253861      3.25509      1.07778   0.00259389     0.424065     0.436135  6.28119e-13  5.99415e-13     0.258326     0.225995  1.43488e-12   0.00162169       52074.118       0           3           2       0
      9.19355      15.4167     0.584109  3.68360e-13   0.00194933     0.383239     0.170405   0.00127597      2.22661      1.24717   0.00130099     0.581635     0.601683  3.70975e-13  3.50603e-13     0.393732     0.321089  7.10823e-13  0.000851751       52972.172       0           3           2       0
      9.19355      15.5000     0.771093  2.31874e-13   0.00156946     0.642953     0.589880   0.00149913      1.59427      1.41621   0.00150152     0.731042     0.858495  2.53430e-13  1.93880e-13     0.618398     0.467935  3.34952e-13  0.000413040       52993.886       0           3           2       0
      9.19355      15.5833     0.731875  2.52950e-13   0.00146193     0.482562     0.171312   0.00102743      3.19655      1.23359   0.00103737     0.726114     0.758837  2.56303e-13  2.38148e-13     0.492200     0.387417  4.89997e-13  0.000599381       53349.724       0           3           2       0
      9.19355      15.6667     0.497364  4.81547e-13   0.00277527     0.290787     0.113764   0.00157767      2.52950      1.16861   0.00161386     0.498096     0.500749  4.80368e-13  4.76133e-13     0.316276     0.267081  1.02404e-12   0.00113757       53498.214       0           3           2       0
      9.19355      15.7500     0.450134  5.68669e-13   0.00396188     0.244803    0.0957952   0.00271739      2.66628      1.12511   0.00278429     0.419151     0.476641  6.40439e-13  5.16943e-13     0.278572     0.240811  1.26532e-12   0.00161299       53284.556       0           3           2       0
      9.19355      15.8333     0.536360  4.24621e-13   0.00184651     0.413504     0.351037   0.00138255      1.37434      1.33858   0.00140090     0.549889     0.549870  4.07353e-13  4.07377e-13     0.417374     0.337129  6.44991e-13  0.000796916       51627.944       0           3           2       0
      9.19355      15.9167     0.576081  3.76955e-13   0.00145555     0.426729     0.276280  0.000731639      1.67737      1.31322  0.000751834     0.580242     0.576055  3.72460e-13  3.76983e-13     0.430956     0.346345  6.11469e-13  0.000763920       51431.580       0           3           2       0
      9.19355      16.0000      1.09562  1.29120e-13  0.000696530     0.733768     0.169421  0.000404150      5.93209      1.22353  0.000404995      1.09151      1.09058  1.29932e-13  1.30117e-13     0.744900     0.546889  2.45621e-13  0.000278536       55582.608       0           3           2       0
      9.19355      16.0833      1.20732  1.09831e-13  0.000539153     0.805755     0.167374  0.000247442      1.22609      1.69141  0.000383520      1.16651      1.18533  1.16309e-13  1.13249e-13     0.831530     0.599636  2.04472e-13  0.000239413       55904.206       0           3           2       0
      9.19355      16.1667      1.11183  1.25998e-13  0.000622700     0.815855     0.254142  0.000423638      4.17636      1.29806  0.000424045      1.09313      1.10833  1.29611e-13  1.26663e-13     0.807165     0.585064  2.14862e-13  0.000261550       55245.470       0           3           2       0
      9.19355      16.2500     0.268716  1.34361e-12    0.0287268     0.218717      3.12500    0.0279903     0.224967      1.67073    0.0279982     0.194399     0.309220  2.30466e-12  1.06329e-12     0.256058     0.224003  1.45612e-12   0.00173208       48559.108       0           4           2       0
      9.19355      16.3333     0.419646  6.39181e-13   0.00893988     0.374646      3.25000   0.00886381     0.389646      1.66792   0.00885905     0.338331     0.452043  9.15223e-13  5.64672e-13     0.420722     0.338534  6.36458e-13   0.00160788       45969.624       0           4           2       0
      9.19355      16.4167     0.812380  2.12568e-13   0.00419715     0.674878      6.96875   0.00403936     0.671050      1.68147   0.00403791     0.595966      1.02489  3.56226e-13  1.44311e-13      1.07438     0.744117  1.33404e-13  0.000202952       51703.356       0           4           2       0
      9.19355      16.5000     0.376986  7.64223e-13   0.00852173     0.331674      3.34375   0.00822544     0.341986      1.67167   0.00817403     0.302056     0.427732  1.10565e-12  6.19169e-13     0.661668     0.504629  2.99246e-13   0.00112649       41279.890       0          26          43       0
      9.19355      16.5833     0.345803  8.82501e-13    0.0208192     0.267678      4.53906    0.0194865     0.270803      1.67979    0.0194581     0.257555     0.433717  1.44205e-12  6.04994e-13     0.795343     0.577794  2.20211e-13  0.000311569       50257.556       0          26          43       0
      9.19355      16.6667     0.282081  1.23919e-12    0.0225745     0.231925      4.08008    0.0212037     0.237706      1.67198    0.0211253     0.225948     0.354795  1.79369e-12  8.45538e-13     0.740155     0.541534  2.48251e-13  0.000689453       39719.744       0          27          43       0
      9.19355      16.7500     0.422759  6.31356e-13    0.0143910     0.334087      5.06934    0.0134775     0.333931      1.67709    0.0134344     0.316153     0.515010  1.02471e-12  4.54362e-13     0.928574     0.654349  1.70112e-13  0.000346014       38419.300       0          27          43       0
      9.19355      16.8333     0.402960  6.83900e-13    0.0124653     0.331788      4.10059    0.0116992     0.332960      1.67854    0.0116306     0.312473     0.485952  1.04490e-12  5.00542e-13      1.35682     0.914613  9.04117e-14  0.000292126       37088.960       0          27          43       0
      9.19355      16.9167     0.312666  1.04382e-12    0.0221770     0.247666      3.93750    0.0206753     0.252666      1.66917    0.0205805     0.244602     0.389421  1.57156e-12  7.23984e-13     0.980206     0.681318  1.55441e-13  0.000353814       42710.588       0           5           2       0
      9.19355      17.0000     0.329869  9.54687e-13    0.0218438     0.254048      4.29541    0.0201347     0.260493      1.67636    0.0201096     0.261574     0.472135  1.40531e-12  5.25193e-13      2.02394      1.26666  4.64266e-14  8.37964e-05       43043.486       0           5           2       0
      9.19355      17.0833     0.431908  6.09225e-13    0.0101518     0.356087      4.29541   0.00948182     0.356908      1.67979   0.00943573     0.385857     0.586446  7.35167e-13  3.65917e-13      1.11890     0.762803  1.24674e-13  0.000257593       40106.306       0          27          43       0
      9.19355      17.1667     0.525018  4.40019e-13   0.00837497     0.425022      5.68750   0.00777826     0.431271      1.67620   0.00777341     0.424614     0.695082  6.26765e-13  2.75657e-13      2.03497      1.27022  4.60078e-14  7.32266e-05       41951.030       0          27          43       0
      9.19355      17.2500     0.624340  3.29655e-13   0.00865592     0.476659      7.78540   0.00803572     0.473085      1.68027   0.00802842     0.437366     0.753055  5.96604e-13  2.41204e-13      1.64434      1.06572  6.56311e-14  0.000105443       33288.136       0          27          43       0
      9.19355      17.3333     0.343535  8.92230e-13    0.0182763     0.272676      4.44043    0.0168810     0.273535      1.67854    0.0167994     0.278944     0.442625  1.26251e-12  5.84838e-13      1.80127      1.14426  5.63807e-14  8.09729e-05       40370.826       0           5           2       0
      9.19355      17.4167     0.895068  1.80857e-13   0.00125892     0.526022     0.110128  0.000792928      7.89843      1.11905  0.000795655     0.878298     0.899970  1.86649e-13  1.79218e-13     0.551045     0.425219  4.05929e-13  0.000446003       41997.756       0           5           2       0
      9.19355      17.5000     0.937507  1.67419e-13  0.000877638     0.641553     0.180980  0.000455416      4.87120      1.22116  0.000453244     0.863023     0.940476  1.92188e-13  1.66539e-13     0.632598     0.476236  3.22515e-13  0.000362650       44912.088       0           5           2       0
      9.19355      17.5833     0.833354  2.03726e-13   0.00109934     0.579267     0.196768  0.000712184      3.39988      1.26235  0.000711682     0.836173     0.839524  2.02582e-13  2.01237e-13     0.576914     0.441469  3.76048e-13  0.000427962       41861.360       0           4           2       0
      9.19355      17.6667     0.935272  1.68086e-13   0.00147260     0.536588     0.104315   0.00113723      6.75193      1.15757   0.00113229     0.821286     0.831194  2.08739e-13  2.04609e-13     0.573003     0.440250  3.80336e-13  0.000791193       41327.972       0           4           2       0
      9.19355      17.7500      1.20575  1.10069e-13  0.000695376     0.776432     0.142498  0.000418171      1.24075      1.69417  0.000528711      1.17445      1.21639  1.15002e-13  1.08470e-13     0.759284     0.553786  2.37915e-13  0.000261091       49119.098       0           4           2       0
      9.19355      17.8333     0.963290  1.60017e-13   0.00110791     0.595233     0.130207  0.000815844      5.91452      1.18917  0.000813407     0.873337     0.911032  1.88419e-13  1.75606e-13     0.625709     0.474159  3.28455e-13  0.000504155       44775.904       0           4           2       0
      9.19355      17.9167     0.614984  3.38057e-13   0.00284468     0.349453     0.108067   0.00229705      3.46559      1.16278   0.00231357     0.519489     0.665879  4.47853e-13  2.96099e-13     0.670944     0.547147  2.92383e-13   0.00162624       44134.134       0           4           2       0
      9.19355      18.0000     0.623069  3.30777e-13   0.00304687     0.500627     0.444468   0.00284271      1.84454      1.30526   0.00283409     0.598607     0.710473  3.53611e-13  2.65777e-13     0.412949     0.334313  6.56552e-13  0.000929969       47893.248       0           4           2       0
      9.19355      18.0833     0.693507  2.76701e-13   0.00214379     0.441286     0.153269   0.00176604      2.45129      1.27803   0.00177978     0.618955     0.766841  3.34449e-13  2.34020e-13     0.439567     0.352135  5.91636e-13  0.000903002       46622.486       0           4           2       0
      9.19355      18.1667     0.671810  2.91755e-13   0.00246989     0.511087     0.331453   0.00228895      1.85671      1.33084   0.00229327     0.574903     0.677813  3.78243e-13  2.87461e-13     0.465223     0.369021  5.38262e-13  0.000824320       46414.582       0           4           2       0
      9.19355      18.2500     0.773805  2.30521e-13   0.00147819     0.603323     0.389019   0.00136373      1.69866      1.40282   0.00136646     0.704931     0.839850  2.69268e-13  2.01107e-13     0.575603     0.441518  3.77477e-13  0.000517619       47346.266       0           4           2       0
      9.19355      18.3333     0.581074  3.71573e-13   0.00344019     0.450515     0.398417   0.00331321      1.22882      1.39483   0.00331444     0.470235     0.630108  5.28734e-13  3.24641e-13     0.417919     0.339232  6.43589e-13   0.00101390       33617.540       0           4           2       0
      9.19355      18.4167     0.814663  2.11576e-13   0.00120437     0.609281     0.296781  0.000985324      2.26938      1.34750  0.000989591     0.757652     0.897176  2.38770e-13  1.80149e-13     0.586836     0.448243  3.65511e-13  0.000441610       41110.732       0           4           2       0
      9.19355      18.5000     0.605116  3.47294e-13   0.00240154     0.457795     0.336252   0.00215839     0.620116      1.66917   0.00231524     0.557510     0.668655  3.98115e-13  2.94053e-13     0.437947     0.351012  5.95286e-13  0.000698878       40540.136       0           4           2       0
      9.19355      18.5833     0.801042  2.17605e-13   0.00141403     0.571344     0.238837   0.00117770      2.75880      1.29243   0.00118276     0.752078     0.876939  2.41727e-13  1.87131e-13     0.569303     0.437115  3.84464e-13  0.000461366       44122.442       0           4           2       0
      9.19355      18.6667     0.639126  3.17043e-13   0.00196449     0.381592     0.121153   0.00123525      3.56567      1.17320   0.00125706     0.591578     0.677887  3.60641e-13  2.87409e-13     0.413076     0.334298  6.56214e-13  0.000840481       44143.386       0           4           2       0
      9.19355      18.7500     0.712006  2.64824e-13   0.00227272     0.379017    0.0919073   0.00183388      3.83987      1.18416   0.00185448     0.651852     0.824043  3.06794e-13  2.07577e-13     0.431436     0.347130  6.10335e-13   0.00100744       47282.920       0           4           2       0
      9.19355      18.8333     0.776261  2.29306e-13   0.00186442     0.491453     0.152318   0.00159287      3.54291      1.22480   0.00160075     0.721752     0.874900  2.58890e-13  1.87859e-13     0.487270     0.383805  4.98286e-13  0.000799179       48278.060       0           4           2       0
      9.19355      18.9167     0.666256  2.95819e-13   0.00217407     0.400041     0.127059   0.00168982      3.54200      1.18317   0.00170156     0.595302     0.734075  3.56890e-13  2.51688e-13     0.419520     0.339089  6.39501e-13  0.000940566       45825.992       0           4           2       0
      9.19355      19.0000     0.784705  2.25208e-13   0.00154558     0.605649     0.367166   0.00141170      2.10259      1.34884   0.00141374     0.720450     0.899001  2.59670e-13  1.79540e-13     0.592026     0.450750  3.60187e-13  0.000440937       44831.322       0           4           2       0
      9.19355      19.0833     0.743321  2.46491e-13   0.00202192     0.571124     0.361815   0.00188439      1.76114      1.37754   0.00188976     0.643989     0.761568  3.13063e-13  2.36727e-13     0.508906     0.397639  4.63482e-13  0.000636691       45284.218       0           4           2       0
      9.19355      19.1667     0.812553  2.12492e-13   0.00106655     0.566114     0.209148  0.000717853      3.03629      1.27691  0.000724178     0.773997     0.843871  2.30426e-13  1.99512e-13     0.564451     0.433387  3.89989e-13  0.000512886       42378.448       0           4           2       0
      9.19355      19.2500     0.679127  2.86535e-13   0.00169423     0.486568     0.238280   0.00136518      2.16296      1.30124   0.00136831     0.645452     0.795026  3.11881e-13  2.20357e-13     0.484539     0.381822  5.02976e-13  0.000567810       39948.046       0           4           2       0
      9.19355      19.3333     0.681554  2.84836e-13   0.00118091     0.570783     0.536474  0.000939969      1.40652      1.41998  0.000941885     0.708165     0.775607  2.67221e-13  2.29629e-13     0.549251     0.423881  4.08142e-13  0.000432998       40142.064       0           4           2       0
      9.19355      19.4167      1.00581  1.48902e-13  0.000819986     0.646381     0.145713  0.000434940      6.02480      1.19884  0.000436717      1.03276      1.02015  1.42483e-13  1.45430e-13     0.670989     0.500778  2.92350e-13  0.000335618       40887.646       0           4           2       0
      9.19355      19.5000     0.901411  1.78741e-13   0.00105286     0.586903     0.152603  0.000644580      5.01659      1.20391  0.000642740     0.894866     0.876026  1.80925e-13  1.87457e-13     0.593042     0.451200  3.59159e-13  0.000416010       45029.488       0           4           2       0
      9.19355      19.5833     0.870700  1.89372e-13   0.00198412     0.589659     0.188375   0.00178244      3.75740      1.24717   0.00177899     0.750729     0.779959  2.42451e-13  2.27497e-13     0.527242     0.414702  4.36930e-13   0.00107590       42793.276       0           4           2       0
      9.19355      19.6667     0.921655  1.72246e-13   0.00119071     0.617331     0.172678  0.000935969      4.62696      1.22409  0.000933489     0.872480     0.919978  1.88728e-13  1.72769e-13     0.592672     0.451028  3.59533e-13  0.000417199       43856.690       0           4           2       0
      9.19355      19.7500     0.933595  1.68590e-13  0.000898690     0.625361     0.171602  0.000517935      4.69534      1.22618  0.000521156     0.953820     0.935653  1.62674e-13  1.67972e-13     0.640059     0.482083  3.16273e-13  0.000351679       36586.246       0           4           2       0
      9.19355      19.8333     0.919500  1.72919e-13   0.00106205     0.564860     0.126169  0.000625621      6.54189      1.15936  0.000626755     0.912243     0.900360  1.75218e-13  1.79089e-13     0.589019     0.448740  3.63257e-13  0.000425874       48954.942       0           4           2       0
      9.19355      19.9167     0.873665  1.88301e-13   0.00122202     0.541354     0.131101  0.000808782      4.17004      1.23423  0.000815952     0.872339     0.869918  1.88779e-13  1.89656e-13     0.555726     0.428126  4.00246e-13  0.000473332       52989.784       0           4           2       0
      9.19355      20.0000     0.930167  1.69627e-13   0.00106959     0.569837     0.124626  0.000648338      6.43284      1.16580  0.000646761     0.913770     0.891054  1.74730e-13  1.82217e-13     0.589999     0.450159  3.62252e-13  0.000437538       44416.796       0           4           2       0
      9.19355      20.0833     0.933192  1.68711e-13   0.00108898     0.611693     0.162833  0.000818385      4.14240      1.24998  0.000820541     0.893068     0.951619  1.81533e-13  1.63302e-13     0.618753     0.468271  3.34631e-13  0.000396766       48557.326       0           4           2       0
      9.19355      20.1667     0.888818  1.82982e-13   0.00107286     0.560504     0.140100  0.000632385      5.31926      1.18787  0.000635452     0.851877     0.887484  1.96397e-13  1.83440e-13      1.00663     0.762567  1.48702e-13  0.000656709       49798.342       0           4           2       0
      9.19355      20.2500     0.800575  2.17817e-13   0.00140567     0.501449     0.135514  0.000960130      4.56938      1.18871  0.000960772     0.777802     0.789818  2.28550e-13  2.22784e-13     0.516836     0.402818  4.51691e-13  0.000510491       45922.978       0           4           2       0
      9.19355      20.3333     0.928561  1.70116e-13   0.00102223     0.608781     0.161645  0.000723106      4.37702      1.23853  0.000723055     0.928057     0.916768  1.70270e-13  1.73779e-13     0.614943     0.465741  3.38094e-13  0.000414497       43258.996       0           4           2       0
      9.19355      20.4167     0.836037  2.02638e-13   0.00113743     0.523791     0.134134  0.000581458      4.74874      1.19450  0.000584905     0.833418     0.827411  2.03700e-13  2.06171e-13     0.541975     0.419156  4.17314e-13  0.000462611       46827.048       0           4           2       0
      9.19355      20.5000     0.812730  2.12415e-13   0.00113328     0.528976     0.153274  0.000599164      4.28039      1.20677  0.000599857     0.830986     0.804417  2.04695e-13  2.16086e-13     0.538070     0.416684  4.22375e-13  0.000503317       45491.934       0           4           2       0
      9.19355      20.5833     0.720809  2.59455e-13   0.00159934     0.467142     0.152727   0.00109093      3.56718      1.20854   0.00109213     0.732834     0.725508  2.52399e-13  2.56660e-13     0.474659     0.375653  5.20546e-13  0.000617664       48279.406       0           4           2       0
      9.19355      20.6667     0.892577  1.81699e-13   0.00121175     0.631412     0.219019  0.000975152      3.23070      1.29199  0.000976651     0.894324     0.912590  1.81108e-13  1.75107e-13     0.599810     0.456608  3.52430e-13  0.000428924       48435.670       0           4           2       0
      9.19355      20.7500     0.889257  1.82831e-13   0.00110785     0.600242     0.169842  0.000670595      5.54702      1.18158  0.000667785     0.888876     0.870166  1.82962e-13  1.89565e-13     0.571674     0.439055  3.81811e-13  0.000450130       41886.984       0           4           2       0
      9.19355      20.8333     0.793281  2.21166e-13   0.00139214     0.478288     0.119677  0.000835716      5.64201      1.14692  0.000838963     0.737695     0.796401  2.49633e-13  2.19723e-13     0.504570     0.395071  4.70140e-13  0.000531871       41053.906       0           4           2       0
      9.19355      20.9167     0.851529  1.96530e-13  0.000969545     0.589943     0.194091  0.000492981      3.90795      1.23884  0.000494588     0.813069     0.842812  2.12267e-13  1.99930e-13     0.580708     0.444447  3.71962e-13  0.000437660       47295.036       0           4           2       0
      9.19355      21.0000     0.911851  1.75343e-13   0.00116087     0.911851      1.50000  0.000873256      5.36725      1.19382  0.000780913     0.919473     0.913239  1.72928e-13  1.74899e-13     0.574050     0.439421  3.79180e-13  0.000435339       39432.754       0           4           2       0
      9.19355      21.0833     0.823661  2.07738e-13   0.00125369     0.525331     0.145555  0.000823355      4.44059      1.20206  0.000823589     0.779039     0.814964  2.27945e-13  2.11446e-13     0.536682     0.415242  4.24197e-13  0.000461894       48144.826       0           4           2       0
      9.19355      21.1667     0.704739  2.69390e-13   0.00155873     0.449085     0.142572  0.000927944      3.74755      1.19338  0.000930939     0.702204     0.697243  2.71013e-13  2.74235e-13     0.783381     0.612742  2.25844e-13  0.000934797       42010.658       0           4           2       0
      9.19355      21.2500     0.767223  2.33826e-13   0.00128054     0.525706     0.187633  0.000849694      3.23944      1.24859  0.000850230     0.794216     0.788574  2.20732e-13  2.23370e-13     0.522375     0.406109  4.43737e-13  0.000486651       50789.086       0           4           2       0
      9.19355      21.3333     0.742288  2.47063e-13   0.00142517     0.470407     0.141373  0.000805223      4.41593      1.17471  0.000812546     0.708368     0.752773  2.67094e-13  2.41354e-13     0.482696     0.380568  5.06181e-13  0.000559933       44200.616       0           4           2       0
      9.19355      21.4167     0.898654  1.79656e-13   0.00123928     0.578046     0.144717  0.000905263      4.83298      1.21055  0.000903645     0.853922     0.872554  1.95613e-13  1.88701e-13     0.576741     0.441513  3.76237e-13  0.000444840       42925.262       0           4           2       0
      9.19355      21.5000     0.756194  2.39537e-13   0.00167474     0.530163     0.213572   0.00136837      3.17282      1.24448   0.00137030     0.755332     0.773704  2.39993e-13  2.30571e-13     0.512266     0.400147  4.58426e-13  0.000549759       54033.578       0           4           2       0
      9.19355      21.5833     0.787776  2.23747e-13   0.00135401     0.544672     0.197729   0.00102556      2.84229      1.28608   0.00102624     0.769943     0.792415  2.32451e-13  2.21568e-13     0.547450     0.423162  4.10381e-13  0.000482249       42261.382       0           4           2       0
      9.19355      21.6667     0.899870  1.79251e-13   0.00129855     0.530117     0.114170  0.000947965      6.07633      1.16444  0.000950123     0.910639     0.911915  1.75732e-13  1.75323e-13     0.568144     0.436667  3.85773e-13  0.000470707       46303.212       0           4           2       0
      9.19355      21.7503     0.771722  2.31558e-13   0.00168486     0.468177     0.127630   0.00131299     0.817348      1.67011   0.00149646     0.773012     0.786684  2.30915e-13  2.24265e-13     0.488084     0.384178  4.96903e-13  0.000574468       48038.664       0           4           2       0
      9.19355      21.8333     0.897825  1.79932e-13   0.00105331     0.563879     0.135531  0.000618560      5.74390      1.17634  0.000618704     0.910833     0.905562  1.75670e-13  1.77378e-13     0.582436     0.445241  3.70126e-13  0.000416542       50744.468       0           4           2       0
      9.19355      21.9167     0.889533  1.82737e-13   0.00102473     0.597620     0.174853  0.000668993      4.04152      1.24270  0.000670430     0.918875     0.892809  1.73115e-13  1.81620e-13     0.609274     0.462702  3.43354e-13  0.000414468       46040.596       0           4           2       0
      9.19355      22.0000     0.740951  2.47807e-13   0.00137254     0.495292     0.167995  0.000822523      3.30183      1.23546  0.000822869     0.728137     0.707155  2.55118e-13  2.67858e-13     0.504285     0.394848  4.70582e-13  0.000546041       46773.610       0           4           2       0
      9.19355      22.0833     0.870152  1.89570e-13   0.00113533     0.560507     0.144753  0.000677713      5.20295      1.18730  0.000680163     0.876303     0.868508  1.87358e-13  1.90169e-13     0.571335     0.438634  3.82189e-13  0.000449739       52550.132       0           4           2       0
      9.19355      22.1667     0.806443  2.15182e-13   0.00144530     0.525370     0.158373   0.00110345      3.92096      1.21962   0.00110592     0.787452     0.810400  2.23901e-13  2.13434e-13     0.531030     0.411852  4.31748e-13  0.000492620       50957.406       0           4           2       0
      9.19355      22.2500     0.850533  1.96914e-13   0.00131740     0.551788     0.154785  0.000976173      4.33811      1.21562  0.000975256     0.816898     0.851261  2.10612e-13  1.96634e-13     0.551253     0.425511  4.05674e-13  0.000449917       45111.470       0           4           2       0
      9.19355      22.3333     0.895070  1.80856e-13   0.00122964     0.607473     0.181861  0.000955668      4.32732      1.22966  0.000956749     0.894153     0.904108  1.81166e-13  1.77853e-13     0.585515     0.447504  3.66887e-13  0.000438933       48919.502       0           4           2       0
      9.19355      22.4167     0.777454  2.28720e-13   0.00147600     0.501818     0.152279   0.00104149      4.02120      1.20556   0.00104449     0.762771     0.783343  2.36105e-13  2.25862e-13     0.509584     0.398090  4.62456e-13  0.000502824       49146.590       0           4           2       0
      9.19355      22.5000     0.770339  2.32252e-13   0.00103760     0.641064     0.481736  0.000775302      1.84964      1.38658  0.000773051     0.720002     0.780115  2.59940e-13  2.27422e-13     0.586661     0.447985  3.65693e-13  0.000400026       48849.470       0           4           2       0
      9.19355      22.5833     0.797202  2.19356e-13   0.00143892     0.504980     0.141909   0.00101560      4.11076      1.20900   0.00101526     0.775650     0.785041  2.29608e-13  2.25048e-13     0.509811     0.398189  4.62112e-13  0.000521962       47434.690       0           4           2       0
      9.19355      22.6667     0.773683  2.30581e-13   0.00135184     0.486181     0.136470  0.000803740      4.36936      1.18857  0.000806247     0.807883     0.777210  2.14543e-13  2.28840e-13     0.506777     0.396287  4.66731e-13  0.000529240       42870.338       0           4           2       0
      9.19355      22.7500     0.772594  2.31123e-13   0.00149844     0.464101     0.119545  0.000966893      4.37598      1.18870  0.000973901     0.788346     0.785614  2.23478e-13  2.24775e-13     0.488468     0.383797  4.96252e-13  0.000553345       46176.672       0           4           2       0
      9.19355      22.8333     0.785438  2.24858e-13   0.00133069     0.538470     0.188554  0.000915541      3.34187      1.24884  0.000917576     0.798927     0.790024  2.18567e-13  2.22687e-13     0.525145     0.408585  4.39842e-13  0.000513616       50572.760       0           4           2       0
      9.19355      22.9167     0.864580  1.91611e-13   0.00100780     0.608399     0.204940  0.000636517      3.37067      1.27545  0.000635808     0.871989     0.866379  1.88905e-13  1.90948e-13     0.597696     0.455169  3.54510e-13  0.000413592       51201.240       0           4           2       0
      9.19355      23.0000     0.844454  1.99282e-13   0.00117621     0.528281     0.132735  0.000667003      4.89933      1.19206  0.000669259     0.838424     0.823992  2.01677e-13  2.07598e-13     0.547999     0.423658  4.09697e-13  0.000481361       40196.482       0           4           2       0
      9.19355      23.0833     0.841582  2.00417e-13   0.00148776     0.522370     0.134579   0.00115156      4.44834      1.20632   0.00115439     0.819023     0.849269  2.09702e-13  1.97403e-13     0.530397     0.411773  4.32608e-13  0.000503242       37497.616       0           4           2       0
      9.19355      23.1667     0.790303  2.22556e-13   0.00147641     0.527273     0.173971   0.00115062      3.25511      1.25520   0.00115281     0.778161     0.799961  2.28374e-13  2.18096e-13     0.536260     0.415973  4.24753e-13  0.000488949       36888.716       0           4           2       0
      9.19355      23.2500     0.890675  1.82346e-13   0.00119159     0.558284     0.137342  0.000829076      5.35441      1.18626  0.000830635     0.885513     0.893926  1.84121e-13  1.81242e-13      1.00564     0.759669  1.48943e-13  0.000656258       36857.474       0           4           2       0
      9.19355      23.3333     0.778347  2.28283e-13   0.00122100     0.510393     0.154631  0.000609863      4.08361      1.20586  0.000611503     0.743432     0.771776  2.46430e-13  2.31532e-13     0.518339     0.403690  4.49509e-13  0.000493561       36632.326       0           4           2       0
      9.19355      23.4167     0.760569  2.37245e-13   0.00126402     0.525771     0.192441  0.000788914      3.19793      1.24984  0.000784375     0.705176     0.725668  2.69112e-13  2.56566e-13     0.512660     0.400698  4.57839e-13  0.000558647       45095.048       0           4           2       0
      9.19355      23.5000     0.831235  2.04592e-13   0.00116003     0.530211     0.142481  0.000655526      4.99529      1.18213  0.000655545     0.817164     0.818681  2.10497e-13  2.09848e-13     0.551331     0.425634  4.05578e-13  0.000482019       48188.944       0           4           2       0
      9.19355      23.5833     0.771055  2.31892e-13   0.00146456     0.507405     0.160532  0.000997404      4.22317      1.19400  0.000998115     0.774982     0.769202  2.29937e-13  2.32824e-13     0.502347     0.393214  4.73611e-13  0.000529719       48128.810       0           4           2       0
      9.19355      23.6667     0.790703  2.22369e-13   0.00133675     0.541815     0.189025  0.000967722     0.833203      1.67542   0.00112109     0.787823     0.797098  2.23725e-13  2.19403e-13     0.539897     0.418471  4.19995e-13  0.000492733       45436.042       0           4           2       0
      9.19355      23.7500     0.909985  1.75943e-13   0.00107078     0.543678     0.115763  0.000590353      6.34477      1.16287  0.000593500     0.943612     0.925085  1.65618e-13  1.71182e-13     0.576808     0.441486  3.76163e-13  0.000411135       44448.262       0           4           2       0
      9.19355      23.8333     0.856413  1.94666e-13   0.00111545     0.561420     0.159065  0.000714872      4.23821      1.22358  0.000714982     0.875355     0.832708  1.87696e-13  2.03989e-13     0.563675     0.432865  3.90883e-13  0.000448300       44254.372       0           4           2       0
      9.19355      23.9167     0.842219  2.00165e-13   0.00131198     0.520499     0.130398  0.000879293      4.51410      1.20665  0.000885654     0.842556     0.859753  2.00031e-13  1.93407e-13     0.540747     0.418216  4.18895e-13  0.000448985       43803.344       0           4           2       0
