      8.61290      0.00000      1.06085  1.36251e-13  0.000821688     0.779192     0.307371  0.000728255      3.18046      1.33533  0.000731707     0.961991      1.04570  1.60378e-13  1.39556e-13     0.741670     0.546582  2.47406e-13  0.000478698       0
      8.61290    0.0833333     0.574743  3.78419e-13   0.00432363     0.535369      2.77344   0.00431599      1.16464      1.38993   0.00427462     0.479835     0.649202  5.11221e-13  3.08884e-13     0.378345     0.311860  7.59654e-13   0.00144876       0
      8.61290     0.166667      1.43143  8.26945e-14  0.000703057      1.04848     0.329665  0.000671705      1.44143      1.66667  0.000699642      1.20152      1.51435  1.10716e-13  7.52871e-14     0.938252     0.664100  1.67198e-13  0.000375335       0
      8.61290     0.250000      1.81259  5.57949e-14  0.000492076      1.73072      4.46094  0.000492729      1.82072      1.65948  0.000493312      1.57984      1.89336  7.01571e-14  5.18849e-14      1.59289      1.03891  6.92018e-14  0.000178686       0
      8.61290     0.333333     0.791230  2.22122e-13   0.00427158     0.673726      6.71875   0.00423673     0.673726      1.67324   0.00424640     0.611088     0.943466  3.41657e-13  1.65660e-13     0.579150     0.445663  3.73632e-13  0.000787559       0
      8.61290     0.416667     0.924165  1.71467e-13   0.00187237     0.856352      3.76953   0.00187672     0.949789      1.63792   0.00188460     0.771906     0.991668  2.31467e-13  1.52459e-13      1.05275     0.772289  1.38002e-13  0.000623471       0
      8.61290     0.500000     0.795817  2.19992e-13   0.00245490     0.660910     0.739772   0.00241299      1.76704      1.38046   0.00241169     0.667274     0.902923  2.95068e-13  1.78242e-13     0.527071     0.410021  4.37167e-13  0.000798794       0
      8.61290     0.583333     0.683700  2.83348e-13   0.00284776     0.631042      3.36133   0.00283693     0.651824      1.66706   0.00285756     0.605769     0.682213  3.46671e-13  2.84378e-13     0.573959     0.441722  3.79281e-13  0.000740444       0
      8.61290     0.666667     0.548773  4.08734e-13   0.00363089     0.349233     0.179068   0.00334051      1.92395      1.24734   0.00335787     0.486786     0.562749  4.99114e-13  3.91957e-13     0.353936     0.295074  8.48960e-13   0.00161517       0
      8.61290     0.750000     0.778099  2.28404e-13   0.00244716     0.587159     0.437329   0.00239212      1.54296      1.41547   0.00240239     0.652513     0.899109  3.06277e-13  1.79504e-13     0.526201     0.410720  4.38372e-13  0.000941518       0
      8.61290     0.833333      1.13976  1.20894e-13   0.00114741     0.613697     0.110673   0.00102992      8.70799      1.14277   0.00103800     0.950339      1.19647  1.63668e-13  1.11496e-13      1.28844     0.972578  9.85501e-14  0.000954124       0
      8.61290     0.916667     0.687797  2.80540e-13   0.00252370     0.431113     0.164444   0.00231984      2.38537      1.26779   0.00233243     0.656032     0.698997  3.03543e-13  2.73089e-13     0.420916     0.340967  6.35969e-13   0.00143734       0
      8.61290      1.00000      1.06219  1.35965e-13   0.00130570     0.994687      3.68750   0.00130452      1.07469      1.64667   0.00131412     0.941996      1.11048  1.66092e-13  1.26253e-13      1.22634     0.877571  1.07007e-13  0.000483652       0
      8.61290      1.08333      1.12207  1.24088e-13   0.00332921     0.884521      11.0602   0.00321371      1.16799      1.56580   0.00321269     0.798864      1.21695  2.18595e-13  1.08386e-13     0.865629     0.622850  1.91224e-13  0.000410802       0
      8.61290      1.16667      1.05297  1.37955e-13   0.00106500     0.673603     0.177468  0.000956404      3.83437      1.28698  0.000965338     0.933257      1.12036  1.68692e-13  1.24404e-13     0.686725     0.511368  2.81271e-13  0.000592957       0
      8.61290      1.25000      1.18877  1.12702e-13   0.00263157     0.989601      9.87311   0.00262869      1.22123      1.59066   0.00262282     0.824435      1.42049  2.07412e-13  8.37593e-14      1.33527      1.02087  9.28563e-14  0.000949322       0
      8.61290      1.33333     0.547420  4.10420e-13   0.00451750     0.517420      2.37500   0.00447135      1.11305      1.38805   0.00442471     0.464700     0.611558  5.39271e-13  3.41218e-13     0.358983     0.298875  8.29161e-13   0.00179444       0
      8.61290      1.41667     0.807690  2.14629e-13   0.00236714     0.736442      3.78125   0.00235116     0.742438      1.67729   0.00235983     0.700486     0.847506  2.72122e-13  1.98088e-13     0.713281     0.532875  2.64035e-13  0.000719919       0
      8.61290      1.50000     0.654065  3.05066e-13   0.00222754     0.441945     0.206900   0.00191391      1.87745      1.31186   0.00194873     0.579710     0.635089  3.73030e-13  3.20409e-13     0.420677     0.341316  6.36572e-13   0.00148720       0
      8.61290      1.58333     0.596063  3.56130e-13   0.00274231     0.553565      2.62500   0.00273561     0.866246      1.51017   0.00272035     0.539666     0.648285  4.20295e-13  3.09613e-13     0.490864     0.386634  4.92222e-13  0.000758420       0
      8.61290      1.66667     0.513665  4.56347e-13   0.00471820     0.469290      3.18750   0.00469123     0.487103      1.66882   0.00470533     0.454591     0.585090  5.59407e-13  3.67331e-13     0.469099     0.372379  5.30869e-13  0.000876296       0
      8.61290      1.75000     0.694150  2.76274e-13   0.00259348     0.451441     0.190925   0.00239942      2.39220      1.26795   0.00241296     0.597761     0.772417  3.54446e-13  2.31212e-13     0.436432     0.351734  5.98736e-13   0.00132470       0
      8.61290      1.83333     0.614516  3.38486e-13   0.00220165     0.542107     0.965545   0.00213238     0.987678      1.48321   0.00213353     0.562943     0.635827  3.91731e-13  3.19790e-13     0.496105     0.391983  4.83585e-13  0.000807124       0
      8.61290      1.91667     0.749239  2.43255e-13   0.00201386     0.573808     0.410182   0.00191684      1.87763      1.35515   0.00192006     0.668544     0.767471  2.94134e-13  2.33700e-13     0.503742     0.395537  4.71427e-13  0.000947159       0
      8.61290      2.00000      2.90184  2.54668e-14  0.000650246      2.38709      23.1483  0.000651815      2.92495      1.60293  0.000650740      1.86376      2.73733  5.32655e-14  2.80684e-14      3.38951      2.32908  1.96578e-14  0.000255491       0
      8.61290      2.08333     0.528939  4.34596e-13   0.00404208     0.496440      2.62500   0.00402569     0.518939      1.66917   0.00405354     0.468205     0.591640  5.32560e-13  3.60579e-13     0.416495     0.337981  6.47261e-13   0.00108002       0
      8.61290      2.16667     0.402269  6.85859e-13   0.00604552     0.274463     0.237001   0.00570720     0.772478      1.39804   0.00576168     0.355290     0.401472  8.43577e-13  6.88130e-13     0.272573     0.237807  1.31207e-12   0.00282710       0
      8.61290      2.25000      2.52124  3.21913e-14  0.000676183      2.24999      13.0156  0.000686078      2.54613      1.62612  0.000686962      1.74121      2.65216  5.96589e-14  2.95867e-14      2.92265      2.04061  2.51652e-14  0.000301439       0
      8.61290      2.33333     0.453268  5.62131e-13   0.00646452     0.408893      3.18750   0.00644120     0.423268      1.66792   0.00648602     0.384665     0.458073  7.38968e-13  5.52338e-13     0.352472     0.293904  8.54844e-13   0.00186136       0
      8.61290      2.41667     0.576641  3.76345e-13   0.00502938     0.519766      3.64844   0.00500216     0.536641      1.67042   0.00501419     0.482737     0.648043  5.06111e-13  3.09806e-13     0.481396     0.381106  5.08461e-13  0.000888432       0
      8.61290      2.50000     0.420695  6.36527e-13   0.00526234     0.357466     0.761646   0.00516759     0.420695      1.66667   0.00526234     0.389150     0.474491  7.24825e-13  5.20854e-13     0.323127     0.272938  9.88115e-13   0.00141597       0
      8.61290      2.58333     0.535686  4.25512e-13   0.00441408     0.405745     0.391565   0.00432150     0.539436      1.66636   0.00440268     0.479001     0.588332  5.12706e-13  3.63963e-13     0.349428     0.291254  8.67296e-13   0.00176148       0
      8.61290      2.66667     0.897538  1.80028e-13   0.00215458     0.840978      3.23828   0.00215163     0.908789      1.64917   0.00217166     0.736158     0.954153  2.50502e-13  1.62580e-13     0.546494     0.423391  4.11579e-13  0.000980703       0
      8.61290      2.75000     0.886966  1.83619e-13   0.00183752     0.731653     0.614380   0.00179144      2.35658      1.34207   0.00179009     0.797199     0.936422  2.19357e-13  1.67743e-13     0.599758     0.457896  3.52481e-13  0.000821644       0
      8.61290      2.83333     0.503942  4.71116e-13   0.00453831     0.287773     0.123737   0.00414210      2.03028      1.20588   0.00416773     0.470301     0.498403  5.28610e-13  4.79875e-13     0.300755     0.257633  1.11363e-12   0.00251064       0
      8.61290      2.91667     0.492212  4.89977e-13   0.00373828     0.356975     0.305354   0.00352403      1.21327      1.33100   0.00353511     0.439822     0.477945  5.91064e-13  5.14595e-13     0.347346     0.290330  8.75973e-13   0.00167076       0
      8.61290      3.00000     0.444763  5.80159e-13   0.00328198     0.422771      1.92090   0.00309233     0.770767      1.44383   0.00303741     0.420751     0.466933  6.36387e-13  5.34980e-13     0.339858     0.284966  9.08377e-13   0.00139677       0
      8.61290      3.08333     0.538889  4.21305e-13   0.00372455     0.395705     0.336971   0.00359580      1.08240      1.39906   0.00360937     0.483201     0.585108  5.05301e-13  3.67313e-13     0.373048     0.308067  7.77717e-13   0.00138707       0
      8.61290      3.16667     0.598172  3.54040e-13   0.00304522     0.499779     0.706537   0.00295805      1.05782      1.44770   0.00296324     0.530308     0.624677  4.32728e-13  3.29359e-13     0.444960     0.357589  5.79733e-13   0.00101049       0
      8.61290      3.25000     0.942014  1.66086e-13   0.00186363     0.860141      4.46094   0.00184407     0.966478      1.63271   0.00184490     0.836906      1.08735  2.02287e-13  1.30761e-13     0.871638     0.626188  1.89032e-13  0.000330331       0
      8.61290      3.33333      2.96541  2.45634e-14  0.000662374      2.37609      25.4498  0.000666343      2.99570      1.59429  0.000664549      1.95274      2.83324  4.92822e-14  2.65027e-14      3.40528      2.44121  1.95063e-14  0.000289287       0
      8.61290      3.41667     0.719731  2.60103e-13   0.00261246     0.500763     0.263499   0.00251061      2.15723      1.30143   0.00251655     0.624519     0.778935  3.29498e-13  2.27996e-13     0.454748     0.363800  5.59085e-13   0.00114742       0
      8.61290      3.50000     0.489994  4.93678e-13   0.00715674     0.431019      3.80261   0.00708085     0.444994      1.67167   0.00708665     0.407639     0.596065  6.70866e-13  3.56128e-13     0.389207     0.318413  7.24649e-13   0.00119330       0
      8.61290      3.58333      4.44977  1.24891e-14  0.000161136      4.41478      2.68750  0.000155055      4.46477      1.67417  0.000158063      3.55991      3.89279  1.81147e-14  1.56073e-14      5.29719      3.45217  9.34012e-15  0.000123632       0
      8.61290      3.66667      6.95246  5.93652e-15  0.000122698      6.47198      21.0703  0.000124337      6.96997      1.64667  0.000124475      5.29996      7.43085  9.33199e-15  5.31331e-15      8.52530      5.06378  4.22584e-15  9.61457e-05       0
      8.61290      3.75000      4.41068  1.26742e-14  0.000187058      4.30567      5.31250  0.000185988      4.42068      1.66167  0.000188519      3.59703      3.82392  1.78042e-14  1.60786e-14      5.17207      3.49651  9.71975e-15  0.000159265       0
      8.61290      3.83333     0.790880  2.22286e-13   0.00236539     0.734005      3.64844   0.00235893     0.740880      1.67542   0.00236870     0.684264     0.876678  2.82959e-13  1.87224e-13     0.661775     0.497848  2.99166e-13  0.000538803       0
      8.61290      3.91667      3.04603  2.34894e-14  0.000438795      2.87455      8.60449  0.000442214      3.04853      1.65167  0.000443135      2.22049      2.86914  3.97815e-14  2.59524e-14      3.54807      2.43454  1.82156e-14  0.000232985       0
      8.61290      4.00000      2.49422  3.27746e-14  0.000545401      2.22297      13.0156  0.000540151      2.52047      1.62917  0.000539906      1.97210      2.63975  4.84784e-14  2.98189e-14      1.93836      1.22011  4.98926e-14  0.000115419       0
      8.61290      4.08333      2.54965  3.15957e-14  0.000304852      2.50965      2.87500  0.000293205      2.56465      1.67417  0.000298228      2.30977      2.59009  3.72517e-14  3.07777e-14      1.60593      1.04257  6.82679e-14  0.000128191       0
      8.61290      4.16667      2.32107  3.69501e-14  0.000937401      1.93078      18.1602  0.000933818      2.33420      1.60792  0.000931687      1.55745      2.28645  7.18468e-14  3.78872e-14      2.75200      1.81655  2.78194e-14  0.000221053       0
      8.61290      4.25000      3.62799  1.75517e-14  0.000248826      3.43533      9.04883  0.000252078      3.63885      1.65401  0.000252226      2.94883      3.32570  2.47939e-14  2.02904e-14      4.28427      2.84690  1.33036e-14  0.000178725       0
      8.61290      4.33333      2.82293  2.66643e-14  0.000412335      2.71544      5.59375  0.000412600      2.83793      1.65667  0.000415357      2.20497      2.95099  4.02494e-14  2.47638e-14      3.28794      2.25478  2.06802e-14  0.000220592       0
      8.61290      4.41667      6.96447  5.91947e-15  8.30588e-05      6.80201      7.78125  8.31594e-05      6.97447      1.66167  8.37517e-05      5.88044      6.57922  7.84777e-15  6.50836e-15      8.61090      5.01062  4.15605e-15  7.36276e-05       0
      8.61290      4.50000      3.76525  1.64983e-14  0.000182094      3.69025      3.93750  0.000178881      3.77525      1.66667  0.000181755      3.12216      3.79844  2.25426e-14  1.62587e-14      4.50535      2.85057  1.22334e-14  0.000125626       0
      8.61290      4.58333      2.84028  2.63933e-14  0.000893783      2.11285      31.9243  0.000863373      2.87556      1.57070  0.000862490      1.79126      2.95455  5.69070e-14  2.47140e-14      3.40172      2.16925  1.95403e-14  0.000160802       0
      8.61290      4.66667      2.34810  3.62439e-14  0.000639271      2.13936      9.48438  0.000643293      2.36935      1.63417  0.000644462      1.73570      2.50838  5.99752e-14  3.24668e-14      2.77763      1.83972  2.73929e-14  0.000206353       0
      8.61290      4.75000      3.19490  2.16937e-14  0.000215454      3.06989      6.56250  0.000216289      3.20240      1.65917  0.000217057      2.71170      3.08894  2.85119e-14  2.29481e-14      3.89835      2.37109  1.55702e-14  0.000101700       0
      8.61290      4.83333      4.66221  1.15552e-14  0.000119310      4.57720      4.56250  0.000118147      4.67221      1.66667  0.000119170      4.10715      4.26288  1.42734e-14  1.34150e-14      5.77837      3.33404  8.08017e-15  7.32936e-05       0
      8.61290      4.91667      3.27984  2.07654e-14  0.000306410      3.07611      9.42188  0.000309427      3.29297      1.64792  0.000310220      2.51740      3.06533  3.22732e-14  2.32434e-14      3.92897      2.52316  1.53685e-14  0.000159589       0
      8.61290      5.00000      4.99687  1.02944e-14  0.000140400      4.76811      10.2344  0.000141121      5.01187      1.65667  0.000141096      4.22093      5.11035  1.36379e-14  9.91618e-15      6.24015      3.52419  7.10838e-15  6.41839e-05       0
      8.61290      5.08333      5.96075  7.67233e-15  0.000156378      5.29857      28.2461  0.000156896      5.97200      1.63917  0.000156512      4.64151      6.87756  1.16412e-14  6.04466e-15      7.42331      4.22334  5.32231e-15  7.11557e-05       0
      8.61290      5.16667      3.57375  1.79979e-14  0.000248640      3.32077      11.5840  0.000248742      3.58125      1.64667  0.000248775      2.87811      3.47848  2.58176e-14  1.88269e-14      4.42141      2.59474  1.26230e-14  0.000103138       0
      8.61290      5.25000      2.59277  3.07249e-14  0.000678445      2.22339      17.5547  0.000671926      2.61152      1.61917  0.000671190      1.96580      2.72249  4.87377e-14  2.83238e-14      1.86194      1.17737  5.33520e-14  0.000136594       0
      8.61290      5.33333      3.60576  1.77324e-14  0.000194435      3.55576      3.12500  0.000188968      3.61576      1.67167  0.000191986      2.94804      3.65260  2.48050e-14  1.73550e-14      4.30033      2.77260  1.32208e-14  0.000138348       0
      8.61290      5.41667      5.36254  9.15120e-15  0.000233334      4.41296      40.6653  0.000231569      5.38604      1.61706  0.000231002      4.00323      4.25807  1.48963e-14  1.34403e-14      6.63213      3.87069  6.42205e-15  0.000100905       0
      8.61290      5.50000      2.49139  3.28366e-14  0.000840692      2.01076      21.0703  0.000815248      2.51944      1.59589  0.000815231      1.77460      2.50899  5.78001e-14  3.24536e-14      3.02724      1.84490  2.37329e-14  0.000128275       0
      8.61290      5.58333      5.37970  9.10260e-15  0.000145684      5.28845      4.76562  0.000144428      5.38720      1.66417  0.000146166      4.23744      4.91744  1.35495e-14  1.05730e-14      6.40802      4.18063  6.80073e-15  0.000119933       0
      8.61290      5.66667      3.43187  1.92551e-14  0.000407888      3.00521      19.1846  0.000412330      3.45812      1.62917  0.000410775      2.35340      3.54327  3.61080e-14  1.82567e-14      4.06574      2.67964  1.45165e-14  0.000179574       0
      8.61290      5.75000      3.69315  1.70386e-14  0.000403556      3.07598      27.1836  0.000396233      3.70628      1.60792  0.000396190      2.54553      3.75165  3.16809e-14  1.65981e-14      4.54087      2.71423  1.20743e-14  8.70844e-05       0
      8.61290      5.83333      3.95472  1.52021e-14  0.000225039      3.58534      17.5547  0.000223532      3.96863      1.63823  0.000223506      3.14850      4.01025  2.22292e-14  1.48528e-14      4.90714      2.81126  1.06100e-14  7.00163e-05       0
      8.61290      5.91667      4.65819  1.15718e-14  0.000152325      4.38685      13.0156  0.000153510      4.66913      1.65104  0.000153587      3.74735      4.86794  1.66299e-14  1.07528e-14      5.75200      3.34917  8.14199e-15  7.35043e-05       0
      8.61290      6.00000      6.39117  6.83064e-15  9.80953e-05      6.11996      13.0156  9.89405e-05      6.40617      1.65667  9.89718e-05      5.10069      5.72600  9.94750e-15  8.20372e-15      7.88315      4.60691  4.81500e-15  6.84628e-05       0
      8.61290      6.08333      6.07003  7.44350e-15  8.94368e-05      5.94629      6.42188  8.93056e-05      6.07753      1.66417  8.97090e-05      5.19435      6.28708  9.65038e-15  7.02017e-15      7.58651      4.25361  5.13285e-15  6.49071e-05       0
      8.61290      6.16667      3.30023  2.05521e-14  0.000291729      3.07146      10.2344  0.000292044      3.31273      1.64667  0.000292163      2.69426      3.44397  2.88201e-14  1.91424e-14      2.53516      1.52904  3.18973e-14  7.63184e-05       0
      8.61290      6.25000      5.76415  8.11342e-15  0.000140588      5.21828      24.7485  0.000140687      5.78164      1.64167  0.000140538      4.53884      6.21736  1.20833e-14  7.15185e-15      7.24541      4.01336  5.54188e-15  5.95511e-05       0
      8.61290      6.33333      3.95942  1.51720e-14  0.000203612      3.85191      5.59375  0.000203060      3.96942      1.66167  0.000205050      3.07088      3.73019  2.31735e-14  1.67576e-14      4.67307      3.09277  1.15105e-14  0.000165894       0
      8.61290      6.41667      3.87383  1.57348e-14  0.000117696      3.76476      5.51953  0.000117474      3.87383      1.66667  0.000117696      3.44908      3.76215  1.90952e-14  1.65210e-14      4.83066      2.76323  1.08914e-14  6.76073e-05       0
      8.61290      6.50000      2.71675  2.84237e-14  0.000515394      2.37845      15.9545  0.000509985      2.73940      1.62573  0.000509538      2.00214      2.67420  4.72721e-14  2.91815e-14      3.29333      2.03213  2.06239e-14  0.000137505       0
      8.61290      6.58333      2.59585  3.06640e-14  0.000667467      2.18774      18.9141  0.000656231      2.61160      1.61266  0.000655686      1.92739      2.81727  5.03669e-14  2.67536e-14      3.13573      1.93119  2.23802e-14  0.000116038       0
      8.61290      6.66667      2.62425  3.01130e-14  0.000313538      2.51925      5.31250  0.000313889      2.63425      1.66167  0.000314748      2.22057      2.43033  3.97792e-14  3.42232e-14      3.15112      1.97672  2.21984e-14  0.000130636       0
      8.61290      6.75000      5.35262  9.17948e-15  0.000191474      4.73519      27.1836  0.000193637      5.37887      1.62917  0.000193840      3.56863      5.01583  1.80410e-14  1.02296e-14      6.41489      4.09718  6.78861e-15  0.000102118       0
      8.61290      6.83333      4.53337  1.21077e-14  0.000120422      4.49837      2.68750  0.000115166      4.54837      1.67417  0.000117578      3.82782      4.27724  1.60513e-14  1.33400e-14      5.51908      3.35274  8.72270e-15  8.30591e-05       0
      8.61290      6.91667      3.59448  1.78253e-14  0.000186829      3.45291      7.17578  0.000187744      3.60198      1.65917  0.000188038      2.97315      3.52590  2.44569e-14  1.84068e-14      4.43840      2.61663  1.25425e-14  8.40119e-05       0
      8.61290      7.00000      3.79196  1.63051e-14  0.000277835      3.45368      15.9545  0.000280018      3.80110      1.63933  0.000280019      2.87495      3.89178  2.58649e-14  1.56140e-14      4.58368      2.84120  1.18870e-14  0.000117960       0
      8.61290      7.08333      3.96838  1.51150e-14  0.000232710      3.69712      13.0156  0.000235491      3.98088      1.64667  0.000235663      3.01451      4.39136  2.39002e-14  1.27672e-14      4.77842      2.99509  1.10906e-14  0.000105045       0
      8.61290      7.16667      3.41604  1.94040e-14  0.000158405      3.36604      3.12500  0.000152628      3.42815      1.67264  0.000155224      3.03921      3.43658  2.35773e-14  1.92111e-14      4.13921      2.53587  1.40896e-14  0.000111001       0
      8.61290      7.25000      4.30100  1.32174e-14  0.000196268      3.98465      14.0781  0.000197468      4.31350      1.64667  0.000197343      3.36578      4.48103  1.98893e-14  1.23443e-14      5.31948      3.10000  9.27500e-15  7.30456e-05       0
      8.61290      7.33333      5.29646  9.34228e-15  0.000183608      4.81582      21.0703  0.000184644      5.30145      1.63667  0.000185063      3.95667      4.81215  1.51896e-14  1.09613e-14      6.48676      3.88266  6.66370e-15  8.50589e-05       0
      8.61290      7.41667      3.00810  2.39852e-14  0.000389827      2.77933      10.2344  0.000391832      3.01560      1.64667  0.000391521      2.42241      3.11558  3.44098e-14  2.26219e-14      3.60532      2.28803  1.77360e-14  0.000156224       0
      8.61290      7.50000      2.94140  2.48984e-14  0.000363404      2.71265      10.2344  0.000362980      2.95640      1.64542  0.000362796      2.41987      2.74378  3.44701e-14  2.79584e-14      3.58268      2.17455  1.79232e-14  9.81829e-05       0
      8.61290      7.58333      3.26104  2.09653e-14  0.000256083      2.03960     0.167224  0.000241269      3.27104      1.67167  0.000253325      2.64908      3.33712  2.96440e-14  2.01748e-14      1.90674      1.20124  5.12794e-14  0.000111881       0
      8.61290      7.66667      4.43736  1.25474e-14  0.000223040      4.06799      17.5547  0.000223297      4.45486      1.64167  0.000223287      3.47692      4.65065  1.88410e-14  1.16031e-14      5.50192      3.16256  8.76810e-15  7.74772e-05       0
      8.61290      7.75000      4.78649  1.10594e-14  0.000203602      4.55774      10.2344  0.000204928      4.79149      1.65667  0.000204923      3.89412      4.47303  1.55984e-14  1.23811e-14      5.81516      3.58737  7.99514e-15  0.000169040       0
      8.61290      7.83333      3.98523  1.50086e-14  0.000220158      3.88022      5.31250  0.000219428      3.98523      1.66667  0.000220158      3.20688      4.06621  2.15588e-14  1.45137e-14      4.81780      3.01702  1.09399e-14  0.000127274       0
      8.61290      7.91667      3.02512  2.37607e-14  0.000227473      2.24368     0.327743  0.000218253      3.03262      1.66917  0.000226066      2.71042      2.77556  2.85344e-14  2.74270e-14      3.66652      2.25823  1.72454e-14  0.000108638       0
      8.61290      8.00000      3.25717  2.10069e-14  0.000587420      2.56383      29.8463  0.000574989      3.29405      1.58543  0.000574603      2.08262      3.52164  4.42670e-14  1.84440e-14      3.94866      2.43777  1.52410e-14  0.000120250       0
      8.61290      8.08333      4.68953  1.14432e-14  0.000161672      4.65953      2.25000  0.000153450      4.69453      1.67917  0.000156763      3.80084      4.24451  1.62416e-14  1.35119e-14      5.51329      3.71743  8.73798e-15  0.000144150       0
      8.61290      8.16667      2.67183  2.92245e-14  0.000670645      2.24521      19.1846  0.000666794      2.68759      1.61266  0.000665434      1.90706      2.81840  5.12653e-14  2.67357e-14      1.73321      1.10896  6.01188e-14  0.000163972       0
      8.61290      8.25000      3.80976  1.61783e-14  0.000233257      3.64726      7.78125  0.000234878      3.82476      1.65667  0.000235651      2.89233      4.01813  2.56064e-14  1.48043e-14      4.56745      2.91793  1.19575e-14  0.000143620       0
      8.61290      8.33333      4.52685  1.21368e-14  0.000223153      4.26557      11.8906  0.000226305      4.53934      1.64667  0.000227829      3.34572      4.26386  2.00885e-14  1.34098e-14      5.29193      3.61322  9.35560e-15  0.000168661       0
      8.61290      8.41667      3.19786  2.16603e-14  0.000453344      2.78347      18.6172  0.000452895      3.21996      1.62652  0.000451966      2.29044      3.26823  3.77773e-14  2.08885e-14      3.87400      2.40121  1.57336e-14  0.000127778       0
      8.61290      8.50028      3.25952  2.09817e-14  0.000327386      3.01248      11.6660  0.000327984      3.27452      1.64417  0.000327975      2.58772      3.31350  3.08248e-14  2.04151e-14      2.38674      1.45668  3.52712e-14  9.42914e-05       0
      8.61290      8.58333      3.81271  1.61575e-14  0.000206970      3.54145      13.0156  0.000208007      3.81771      1.64917  0.000207681      3.01524      3.86110  2.38905e-14  1.58213e-14      4.71386      2.76809  1.13449e-14  8.22409e-05       0
      8.61290      8.66667      4.05797  1.45629e-14  0.000182015      3.89547      7.78125  0.000182779      4.07297      1.65667  0.000183404      3.24411      4.33555  2.11480e-14  1.30423e-14      5.00249      2.96813  1.02751e-14  8.05056e-05       0
      8.61290      8.75000      3.55532  1.81537e-14  0.000303831      3.32658      10.2344  0.000305967      3.56782      1.64667  0.000306641      2.77225      3.36141  2.74815e-14  1.99324e-14      4.26908      2.68871  1.33826e-14  0.000133636       0
      8.61290      8.83333      3.70517  1.69466e-14  0.000164055      3.56767      6.96875  0.000164524      3.70517      1.66167  0.000164676      3.22142      3.86477  2.13968e-14  1.57963e-14      4.59130      2.66658  1.18541e-14  7.33210e-05       0
      8.61290      8.91667      4.25037  1.34809e-14  0.000291800      3.64538      26.6162  0.000287659      4.27411      1.61917  0.000287674      3.04966      4.78150  2.34428e-14  1.10787e-14      5.25471      3.06789  9.46632e-15  7.45822e-05       0
      8.61290      9.00000      3.64116  1.74460e-14  0.000214778      3.47866      7.78125  0.000215636      3.65616      1.65667  0.000215799      3.02069      3.75050  2.38187e-14  1.66066e-14      4.48313      2.65620  1.23347e-14  0.000120545       0
      8.61290      9.08333      4.41574  1.26500e-14  0.000178868      4.30824      5.59375  0.000178366      4.42574      1.66167  0.000179811      3.64418      3.72028  1.74219e-14  1.68320e-14      5.32312      3.35341  9.26444e-15  0.000109684       0
      8.61290      9.16667      6.55289  6.55200e-15  0.000121818      6.12609      19.1846  0.000122491      6.55539      1.65167  0.000122361      5.41601      5.64076  9.00111e-15  8.41137e-15      8.19828      4.59754  4.51050e-15  8.18895e-05       0
      8.61290      9.25000      5.75433  8.13649e-15  9.74906e-05      5.66308      4.76562  9.67726e-05      5.76434      1.66667  9.74155e-05      4.89830      5.70885  1.06419e-14  8.24482e-15      7.16356      4.06640  5.64782e-15  7.75923e-05       0
      8.61290      9.33333      4.94037  1.04913e-14  0.000149700      4.81036      6.12500  0.000149513      4.94787      1.66417  0.000150128      3.74583      4.83854  1.66411e-14  1.08619e-14      6.04938      3.61369  7.48590e-15  0.000113444       0
      8.61290      9.41667      5.11698  9.89478e-15  0.000109464      4.99949      6.71875  0.000109482      5.12448      1.66417  0.000109708      4.40481      5.00812  1.27023e-14  1.02559e-14      6.39779      3.60193  6.81886e-15  6.45553e-05       0
      8.61290      9.50000      4.30510  1.31964e-14  0.000160007      4.07629      10.2344  0.000159716      4.30760      1.65167  0.000159771      3.67765      4.64864  1.71585e-14  1.16115e-14      5.40572      2.99422  9.02970e-15  5.55109e-05       0
      8.61290      9.58333      5.24883  9.48400e-15  0.000162440      4.81316      20.0078  0.000162825      5.26633      1.64167  0.000162893      3.93394      5.26953  1.53361e-14  9.42199e-15      6.50768      3.75416  6.62805e-15  6.60622e-05       0
      8.61290      9.66667      3.51953  1.84624e-14  0.000185320      3.44454      3.93750  0.000183576      3.52953      1.66667  0.000185091      2.94223      3.49334  2.48867e-14  1.86937e-14      4.33780      2.55698  1.30311e-14  7.24398e-05       0
      8.61290      9.75000      4.31129  1.31649e-14  0.000252998      3.83062      21.0703  0.000250929      4.33754      1.62917  0.000251056      3.21885      4.60071  2.14253e-14  1.18137e-14      5.34986      3.09584  9.18738e-15  6.89942e-05       0
      8.61290      9.83333      3.45163  1.90717e-14  0.000312546      3.10977      15.6975  0.000308148      3.47288      1.63417  0.000308224      2.64228      3.75157  2.97712e-14  1.65987e-14      4.27001      2.48908  1.33777e-14  7.10667e-05       0
      8.61290      9.91667      5.37873  9.10534e-15  0.000112758      5.29373      5.06250  0.000111875      5.38873      1.66667  0.000112663      4.84812      4.82104  1.08261e-14  1.09277e-14      6.68824      3.82835  6.33252e-15  9.64790e-05       0
      8.61290      10.0000      6.73035  6.26662e-15  0.000110134      6.24980      21.0703  0.000111149      6.74285      1.64667  0.000111201      5.49977      7.28983  8.77382e-15  5.48572e-15      8.42457      4.72631  4.31039e-15  6.84334e-05       0
      8.61290      10.0833      4.66390  1.15482e-14  0.000109045      4.60327      3.57031  0.000106313      4.67390      1.67167  0.000107509      4.54641      4.54057  1.20498e-14  1.20757e-14      5.76608      3.35394  8.10889e-15  9.84602e-05       0
      8.61290      10.1667      5.29883  9.33532e-15  0.000181675      4.87204      19.1846  0.000183735      5.30632      1.64667  0.000183304      3.95934      5.27926  1.51725e-14  9.39307e-15      6.53056      3.85043  6.58939e-15  9.59862e-05       0
      8.61290      10.2500      4.62972  1.16906e-14  0.000158986      4.35838      13.0156  0.000159395      4.63222      1.65167  0.000159402      3.90680      4.41711  1.55141e-14  1.26435e-14      5.74605      3.30120  8.15605e-15  8.09163e-05       0
      8.61290      10.3333      6.77449  6.19872e-15  0.000116860      6.22884      24.7485  0.000118119      6.78200      1.64667  0.000117900      5.19467      6.91892  9.64936e-15  5.98456e-15      8.46548      4.75142  4.27573e-15  7.66418e-05       0
      8.61290      10.4167      5.27549  9.40425e-15  0.000142444      4.93356      15.6975  0.000143184      5.28799      1.64667  0.000143432      4.13892      5.53004  1.40913e-14  8.69390e-15      6.60201      3.69877  6.47095e-15  6.27974e-05       0
      8.61290      10.5000      5.44696  8.91604e-15  9.37513e-05      5.39697      3.12500  9.15741e-05      5.45696      1.67167  9.26815e-05      4.83118      5.07358  1.08895e-14  1.00363e-14      6.75025      3.90771  6.23585e-15  7.52701e-05       0
      8.61290      10.5836      3.29325  2.06247e-14  0.000257060      3.15481      7.32422  0.000258056      3.30825      1.65667  0.000258665      2.64203      3.18775  2.97761e-14  2.17748e-14      3.99065      2.46320  1.49746e-14  0.000120067       0
      8.61290      10.6667      5.52644  8.70336e-15  0.000153966      5.04577      21.0703  0.000154837      5.54393      1.64167  0.000154793      4.26365      5.92561  1.34109e-14  7.74832e-15      6.90760      3.88963  6.00091e-15  6.64634e-05       0
      8.61290      10.7500      7.01956  5.84223e-15  8.58042e-05      6.85703      7.78125  8.59245e-05      7.02956      1.66167  8.63372e-05      5.60303      6.78878  8.50597e-15  6.17698e-15      8.70027      5.00428  4.08515e-15  6.13768e-05       0
      8.61290      10.8333      2.69076  2.88827e-14  0.000262687      2.48427      9.29199  0.000255115      2.69826      1.64667  0.000255386      2.23830      2.82683  3.92553e-14  2.66030e-14      3.34742      1.91543  2.00715e-14  6.50971e-05       0
      8.61290      10.9167      5.76914  8.10172e-15  0.000133241      5.28853      21.0703  0.000133634      5.78665      1.64167  0.000133735      4.55883      6.55982  1.19952e-14  6.54048e-15      7.20409      4.06703  5.59496e-15  6.10648e-05       0
      8.61290      11.0000      3.67561  1.71743e-14  0.000178413      3.53311      7.03125  0.000179026      3.69061      1.65667  0.000179941      3.55147      3.61905  1.81865e-14  1.76240e-14      4.51981      2.67235  1.21683e-14  8.93610e-05       0
      8.61290      11.0833      2.63148  2.99751e-14  0.000186149      2.52278      5.89294  0.000186174      2.63961      1.65948  0.000186412      2.36999      2.69284  3.56877e-14  2.88455e-14      3.22091      1.92524  2.14025e-14  0.000120401       0
      8.61290      11.1667      5.13477  9.83770e-15  0.000246883      5.05977      3.93750  0.000245760      5.14477      1.66667  0.000246807      4.42819      5.06543  1.25908e-14  1.00632e-14      6.29340      3.75210  7.00842e-15  0.000245082       0
      8.61290      11.2500      2.10958  4.33281e-14   0.00118019      1.66770      19.7109   0.00111201      2.13801      1.58605   0.00111515      1.51553      2.33375  7.51889e-14  3.66161e-14      3.40969      1.95761  1.94642e-14  6.94941e-05       0
      8.61290      11.3333      8.54810  4.20707e-15  9.73674e-05      7.88564      28.2461  9.89622e-05      8.55560      1.64667  9.88787e-05      6.59241      7.07909  6.48668e-15  5.76059e-15      10.4325      6.32436  3.01842e-15  8.49828e-05       0
      8.61290      11.4167      5.18951  9.66536e-15  0.000122938      4.99951      8.87500  0.000123336      5.19701      1.65917  0.000123484      4.45326      5.49477  1.24728e-14  8.78711e-15      6.54594      3.60284  6.56360e-15  6.40693e-05       0
      8.61290      11.5000      5.75501  8.13490e-15  0.000126962      5.32838      19.1846  0.000127511      5.76752      1.64667  0.000127470      4.66964      6.12039  1.15245e-14  7.34171e-15      7.22836      3.98459  5.56369e-15  7.96688e-05       0
      8.61290      11.5833      6.98067  5.89659e-15  8.62296e-05      6.65211      14.6455  8.70294e-05      6.98567      1.65667  8.69433e-05      5.69865      7.28726  8.26942e-15  5.48894e-15      8.77592      4.85547  4.02662e-15  6.36272e-05       0
      8.61290      11.6667      5.71091  8.23986e-15  0.000105003      5.48216      10.2344  0.000105628      5.71841      1.65917  0.000105583      4.85303      6.01564  1.08079e-14  7.55601e-15      7.14544      4.00880  5.67171e-15  6.17303e-05       0
      8.61290      11.7500      3.48464  1.87715e-14  0.000113526      3.40964      3.93750  0.000112588      3.49151      1.66885  0.000112913      3.21784      3.56008  2.14366e-14  1.81132e-14      4.33372      2.48046  1.30515e-14  6.75245e-05       0
      8.61290      11.8333      5.40114  9.04245e-15  7.95456e-05      5.31615      4.56250  7.85228e-05      5.40427      1.66948  7.89943e-05      4.55208      5.26288  1.20248e-14  9.44183e-15      6.80347      3.74714  6.15476e-15  6.45578e-05       0
      8.61290      11.9167      7.03833  5.81629e-15  7.86172e-05      6.80960      10.2344  7.90492e-05      7.04333      1.66167  7.90086e-05      6.05958      6.45142  7.46492e-15  6.72466e-15      8.85055      4.87865  3.97019e-15  6.04434e-05       0
      8.61290      12.0000      3.28431  2.07184e-14  0.000151419      3.16681      6.71875  0.000151694      3.29056      1.66042  0.000151642      2.96015      3.15001  2.46361e-14  2.22114e-14      4.08552      2.32578  1.43996e-14  9.55223e-05       0
      8.61290      12.0833      4.58224  1.18932e-14  0.000157974      4.50724      3.93750  0.000155708      4.58974      1.66917  0.000157206      3.98744      4.49403  1.49947e-14  1.22848e-14      5.59708      3.38110  8.52104e-15  0.000149679       0
      8.61290      12.1667      7.25408  5.53085e-15  0.000102460      6.73880      23.1472  0.000103284      7.26157      1.64667  0.000103364      5.33634      7.77548  9.22621e-15  4.92663e-15      9.07791      5.08415  3.80586e-15  7.83220e-05       0
      8.61290      12.2500      4.85115  1.08149e-14  0.000143120      4.62239      10.2344  0.000143569      4.86365      1.65417  0.000143696      4.34099      4.88100  1.30151e-14  1.07049e-14      6.12387      3.35889  7.33475e-15  0.000145923       0
      8.61290      12.3333      7.29851  5.47485e-15  0.000113013      6.63652      28.2461  0.000113647      7.31602      1.64167  0.000113627      5.78358      7.76285  8.06803e-15  4.94000e-15      9.12348      5.13033  3.77423e-15  6.15627e-05       0
      8.61290      12.4167      6.62560  6.43260e-15  0.000157271      6.25626      17.5547  0.000157922      6.62810      1.65167  0.000157996      5.57533      5.82749  8.57652e-15  7.96696e-15      8.19757      4.73648  4.51114e-15  9.49112e-05       0
      8.61290      12.5000      5.28617  9.37260e-15  9.71677e-05      5.14866      6.96875  9.73145e-05      5.29367      1.66417  9.74045e-05      4.83358      5.09141  1.08805e-14  9.97773e-15      6.64233      3.69938  6.40563e-15  6.14280e-05       0
      8.61290      12.5833      6.10822  7.36610e-15  0.000153787      5.62754      21.0703  0.000155029      6.12571      1.64167  0.000155305      4.69372      5.67994  1.14262e-14  8.31488e-15      7.53235      4.39683  5.19451e-15  8.99106e-05       0
      8.61290      12.6667      2.22455  3.96605e-14  0.000282561      2.10706      6.71875  0.000280368      2.23643      1.65386  0.000280146      1.99854      2.25019  4.74142e-14  3.89101e-14      2.71434      1.62912  2.84658e-14  7.98568e-05       0
      8.61290      12.7500      5.61321  8.48027e-15  0.000104758      5.45070      7.78125  0.000105096      5.61321      1.66167  0.000105416      4.38710      5.12726  1.27879e-14  9.86175e-15      6.94364      4.04179  5.94908e-15  6.47105e-05       0
      8.61290      12.8333      7.45271  5.28736e-15  0.000114579      6.50264      40.6653  0.000115598      7.47895      1.62917  0.000115623      5.39996      7.62503  9.04575e-15  5.08971e-15      9.32668      5.22755  3.63818e-15  6.17804e-05       0
      8.61290      12.9167      2.96892  2.45149e-14  0.000417143      2.63364      15.4767  0.000407659      2.99518      1.62917  0.000407913      2.37788      3.25500  3.54906e-14  2.10303e-14      3.69291      2.10880  1.70404e-14  6.48693e-05       0
      8.61290      13.0000      6.26827  7.05531e-15  0.000109325      5.89900      17.5547  0.000110353      6.27078      1.65167  0.000110351      5.00849      6.74193  1.02546e-14  6.24868e-15      7.84112      4.37957  4.85809e-15  7.42266e-05       0
      8.61290      13.0833      4.24385  1.35154e-14  0.000189186      3.91523      14.6455  0.000188204      4.25134      1.64667  0.000188153      4.15919      4.35034  1.39770e-14  1.29685e-14      5.32276      2.96051  9.26547e-15  0.000108972       0
      8.61290      13.1667      5.11947  9.88676e-15  0.000273299      4.84821      13.0156  0.000274045      5.12197      1.65167  0.000274244      4.48855      4.65803  1.23098e-14  1.15725e-14      6.27781      3.73676  7.03745e-15  0.000166682       0
      8.61290      13.2500      6.07996  7.42327e-15  0.000140215      5.65315      19.1846  0.000141282      6.09245      1.64667  0.000141353      5.07078      5.39163  1.00455e-14  9.06905e-15      7.58604      4.26129  5.13339e-15  8.93451e-05       0
      8.61290      13.3333      6.78488  6.18290e-15  0.000125554      6.12936      28.7578  0.000126411      6.80238      1.64167  0.000126189      5.39205      7.24925  9.06787e-15  5.53700e-15      8.53471      4.69528  4.21808e-15  6.34353e-05       0
      8.61290      13.4167      5.75032  8.14595e-15  0.000241319      5.67533      3.93750  0.000240310      5.75032      1.67167  0.000240756      5.15993      5.28307  9.75788e-15  9.38179e-15      7.05541      4.22707  5.79284e-15  0.000275692       0
      8.61290      13.5000      7.72076  4.98497e-15  9.61895e-05      7.24021      21.0703  9.73964e-05      7.72326      1.65167  9.73131e-05      5.73168      7.37237  8.19016e-15  5.38374e-15      9.51593      5.60485  3.51839e-15  6.97992e-05       0
      8.61290      13.5833      5.31607  9.28490e-15  0.000114854      5.27607      2.50000  0.000110409      5.32107      1.67917  0.000111605      4.78043      4.85726  1.10828e-14  1.07922e-14      6.47434      3.93336  6.68502e-15  9.24488e-05       0
      8.61290      13.6667      6.67153  6.35898e-15  0.000108620      6.30206      17.5547  0.000109709      6.67402      1.65167  0.000109840      5.48088      5.88505  8.82427e-15  7.83753e-15      8.31691      4.71652  4.40378e-15  9.47302e-05       0
      8.61290      13.7500      4.01073  1.48499e-14  0.000316303      3.40579      26.6162  0.000305694      4.02947      1.61917  0.000306176      2.99446      4.40650  2.41675e-14  1.26942e-14      5.07118      2.75551  1.00442e-14  5.76360e-05       0
      8.61290      13.8333      2.49172  3.28295e-14  0.000337387      2.27298      9.98438  0.000324175      2.50031      1.64011  0.000324348      2.08866      2.62984  4.40536e-14  3.00064e-14      3.09322      1.77359  2.28952e-14  7.34444e-05       0
      8.61290      13.9167      3.20077  2.16274e-14  0.000471300      2.76515      20.0078  0.000464835      3.21983      1.61980  0.000464782      2.34481      3.73877  3.63287e-14  1.66935e-14      3.89546      2.38920  1.55895e-14  0.000106277       0
      8.61290      14.0000      1.43107  8.27293e-14   0.00109197      1.26240      8.53809   0.00104572      1.44482      1.62417   0.00104712      1.14209      1.54194  1.20484e-13  7.30550e-14      1.73140      1.09475  6.02238e-14  0.000103486       0
      8.61290      14.0833      7.05269  5.79657e-15  0.000107897      6.39023      28.2461  0.000108239      7.06604      1.63901  0.000108342      5.40450      7.55292  9.03310e-15  5.17095e-15      8.87999      4.89181  3.94828e-15  5.87761e-05       0
      8.61290      14.1667      5.56288  8.60855e-15  7.64527e-05      5.47788      5.06250  7.58636e-05      5.57366      1.66862  7.60483e-05      5.08722      5.27937  9.99146e-15  9.39274e-15      6.99740      3.84901  5.87311e-15  5.90692e-05       0
      8.61290      14.2500      3.42792  1.92920e-14  0.000276034      3.08600      15.6975  0.000270370      3.44918      1.63417  0.000270471      2.61099      3.59819  3.03683e-14  1.77946e-14      4.29666      2.40933  1.32397e-14  0.000113031       0
      8.61290      14.3333      3.90527  1.55242e-14  0.000284406      3.49089      18.6172  0.000283449      3.91027      1.63667  0.000283230      3.00370      4.22021  2.40437e-14  1.36418e-14      4.86198      2.79448  1.07748e-14  0.000160864       0
      8.61290      14.4167      3.48251  1.87907e-14  0.000273325      3.17250      14.3750  0.000272580      3.50001      1.64167  0.000272305      2.65440      3.55129  2.95452e-14  1.81880e-14      4.31995      2.49769  1.31209e-14  9.65697e-05       0
      8.61290      14.5000      4.14203  1.40737e-14  0.000280975      3.55849      26.5696  0.000276806      4.15578      1.62417  0.000276639      3.02965      4.47931  2.37014e-14  1.23522e-14      5.18879      2.90506  9.66759e-15  0.000136058       0
      8.61290      14.5833      3.28714  2.06887e-14  0.000660506      2.48435      35.5664  0.000623658      3.31366      1.57629  0.000624532      2.19995      3.30781  4.04026e-14  2.04737e-14      4.11969      2.31897  1.42011e-14  0.000184604       0
      8.61290      14.6667      5.43015  8.96210e-15  0.000133420      5.26765      7.78125  0.000133743      5.44015      1.66167  0.000133942      4.72451      5.31847  1.13023e-14  9.27793e-15      6.81281      3.81190  6.14071e-15  0.000135361       0
      8.61290      14.7500      5.19364  9.65257e-15  0.000265318      4.24372      40.6653  0.000260610      5.21447      1.61232  0.000260520      3.70319      4.95205  1.69617e-14  1.04501e-14      6.49619      3.65395  6.64760e-15  8.20572e-05       0
      8.61290      14.8333      4.97571  1.03674e-14  0.000293777      4.31361      28.2461  0.000292660      4.99837      1.62573  0.000292607      3.75295      5.69171  1.65885e-14  8.28625e-15      6.20788      3.52808  7.17007e-15  0.000187557       0
      8.61290      14.9167      3.78243  1.63736e-14  0.000375369      3.30180      21.0703  0.000373337      3.80867      1.62917  0.000373016      2.82528      4.08205  2.66272e-14  1.44200e-14      4.68358      2.73781  1.14674e-14  0.000180882       0
      8.61290      15.0000      6.83556  6.10668e-15  0.000156784      5.88233      39.6780  0.000157571      6.84930      1.62417  0.000157631      4.86697      7.30106  1.07563e-14  5.47167e-15      8.40740      4.94545  4.32507e-15  7.65070e-05       0
      8.61290      15.0833      5.98462  7.62140e-15  0.000159146      5.32254      28.2461  0.000159376      6.00088      1.63417  0.000159364      4.43402      6.15535  1.25632e-14  7.27235e-15      7.45690      4.23989  5.28240e-15  7.94499e-05       0
      8.61290      15.1667      4.14884  1.40352e-14  0.000231836      3.83856      14.8322  0.000231887      4.16633      1.64167  0.000232159      3.37904      4.64990  1.97594e-14  1.16062e-14      5.19100      2.93138  9.66074e-15  0.000124310       0
      8.61290      15.2500      7.02547  5.83405e-15  0.000135996      6.36320      28.2461  0.000136900      7.04296      1.64167  0.000136766      5.57925      5.88460  8.56649e-15  7.83852e-15      8.69789      5.02405  4.08701e-15  6.83958e-05       0
      8.61290      15.3333      6.91660  5.98791e-15  0.000139289      6.68790      10.2344  0.000139760      6.91660      1.66167  0.000139761      5.60835      5.83975  8.49254e-15  7.93911e-15      8.38742      5.17502  4.34225e-15  0.000115919       0
      8.61290      15.4167      7.41447  5.33288e-15  7.99293e-05      7.14318      13.0156  8.05182e-05      7.40947      1.65917  8.05644e-05      6.32190      6.66265  6.95585e-15  6.37311e-15      9.23891      5.24516  3.69597e-15  5.94863e-05       0
      8.61290      15.5000      6.60222  6.47061e-15  8.87686e-05      6.33095      13.0156  8.94311e-05      6.61722      1.65667  8.94930e-05      5.20420      6.05735  9.61993e-15  7.46950e-15      8.32881      4.55402  4.39330e-15  5.93639e-05       0
      8.61290      15.5833      6.32179  6.95605e-15  0.000103118      5.95242      17.5547  0.000103626      6.32429      1.65167  0.000103641      5.24337      6.83211  9.50046e-15  6.11182e-15      8.00191      4.30693  4.69648e-15  6.02499e-05       0
      8.61290      15.6667      5.72985  8.19452e-15  0.000117200      5.36045      17.5547  0.000117749      5.74297      1.64792  0.000117866      4.43193      5.28920  1.25731e-14  9.36367e-15      7.24545      3.91323  5.54183e-15  6.22120e-05       0
      8.61290      15.7500      4.68205  1.14736e-14  0.000265656      3.91698      33.7454  0.000259772      4.71080      1.61417  0.000259892      3.34899      4.74629  2.00557e-14  1.12160e-14      5.89571      3.25310  7.81392e-15  6.30882e-05       0
      8.61290      15.8333      5.72544  8.20504e-15  0.000121433      5.29881      19.1846  0.000121708      5.73794      1.64667  0.000121675      4.43410      6.28448  1.25628e-14  7.02500e-15      7.24192      3.90902  5.54633e-15  5.81763e-05       0
      8.61290      15.9167      3.86795  1.57747e-14  0.000348013      3.26297      26.6162  0.000336729      3.88372      1.61266  0.000336940      2.86469      4.14396  2.60195e-14  1.40627e-14      4.86185      2.69532  1.07752e-14  5.99171e-05       0
      8.61290      16.0000      4.93731  1.05021e-14  0.000241847      4.19362      32.8439  0.000236956      4.96607      1.61417  0.000237176      3.66973      5.43061  1.72202e-14  8.96081e-15      6.19482      3.44574  7.19527e-15  6.66176e-05       0
      8.61290      16.0833      5.71030  8.24134e-15  0.000100579      5.63529      3.93750  9.88615e-05      5.72030      1.67167  9.95070e-05      4.74112      5.55630  1.12364e-14  8.62554e-15      7.02378      4.14944  5.83640e-15  7.17278e-05       0
      8.61290      16.1667      6.94945  5.94080e-15  0.000134392      6.10191      36.6289  0.000134602      6.96571      1.63417  0.000134443      5.25838      7.44960  9.45532e-15  5.29104e-15      8.64399      4.94571  4.12957e-15  6.89735e-05       0
      8.61290      16.2500      4.78908  1.10495e-14  8.75728e-05      4.67182      5.87988  8.74698e-05      4.78908      1.66667  8.75728e-05      4.54668      4.60344  1.20487e-14  1.18021e-14      5.98414      3.36870  7.62241e-15  6.30533e-05       0
      8.61290      16.3333      4.45945  1.24440e-14  0.000214978      4.03623      19.4404  0.000213924      4.46447      1.63667  0.000214057      3.37584      4.67267  1.97907e-14  1.15121e-14      5.54837      3.16829  8.64610e-15  7.14652e-05       0
      8.61290      16.4167      6.12973  7.32308e-15  0.000156694      5.39224      31.8882  0.000155622      6.15599      1.62917  0.000155725      4.66152      6.60903  1.15580e-14  6.45950e-15      7.70222      4.24080  5.00498e-15  6.22412e-05       0
      8.61290      16.5000      5.75481  8.13537e-15  0.000253812      4.51732      53.3313  0.000248790      5.77291      1.60293  0.000248564      3.96095      6.10949  1.51622e-14  7.36356e-15      7.18927      4.05193  5.61420e-15  8.01716e-05       0
      8.61290      16.5833      5.44413  8.92376e-15  0.000121517      5.30662      6.96875  0.000121588      5.44413      1.66667  0.000121517      4.54249      5.34138  1.20672e-14  9.21171e-15      6.71029      3.93562  6.29786e-15  7.64971e-05       0
      8.61290      16.6667      5.77013  8.09939e-15  0.000250997      4.79038      42.7040  0.000248885      5.78592      1.61266  0.000248920      4.13933      6.05908  1.40890e-14  7.46594e-15      7.14486      4.12251  5.67248e-15  9.62638e-05       0
      8.61290      16.7500      6.59407  6.48396e-15  0.000170503      5.79115      35.5664  0.000171704      6.60968      1.63292  0.000171484      4.81894      6.03295  1.09356e-14  7.51992e-15      8.00352      4.90615  4.69491e-15  0.000108628       0
      8.61290      16.8333      3.64447  1.74196e-14  0.000326284      3.37322      13.0156  0.000326853      3.66197      1.64167  0.000327194      2.92321      3.64640  2.51572e-14  1.74043e-14      4.43779      2.69450  1.25454e-14  0.000159723       0
      8.61290      16.9167      4.32766  1.30820e-14  0.000308945      3.84687      21.0703  0.000308129      4.35390      1.62917  0.000308266      3.38014      4.55221  1.97487e-14  1.20243e-14      5.29449      3.17355  9.34807e-15  0.000141116       0
      8.61290      17.0000      6.01349  7.56051e-15  0.000208160      5.35105      28.2461  0.000208748      6.02474      1.63917  0.000208457      4.58087      5.67927  1.18991e-14  8.31653e-15      7.42024      4.37024  5.32598e-15  0.000124862       0
      8.61290      17.0833      6.34563  6.91254e-15  0.000237496      5.43120      39.0820  0.000237483      6.35937      1.62417  0.000237452      5.02237      5.36937  1.02074e-14  9.13181e-15      7.83639      4.55638  4.86298e-15  0.000130700       0
      8.61290      17.1667      3.52610  1.84051e-14  0.000462780      3.01103      23.1472  0.000451409      3.54939      1.60724  0.000451241      2.69816      4.06396  2.87508e-14  1.45271e-14      4.39889      2.51294  1.27308e-14  0.000148216       0
      8.61290      17.2500      2.96997  2.45006e-14  0.000615187      2.39931      25.3022  0.000588622      2.98810      1.60293  0.000589915      2.25081      3.40773  3.88924e-14  1.94829e-14      3.68373      2.10328  1.71113e-14  0.000120066       0
      8.61290      17.3333      4.48554  1.23236e-14  0.000337267      3.74802      31.8882  0.000331742      4.50130      1.61266  0.000331827      3.33155      4.75604  2.02310e-14  1.11777e-14      5.57011      3.21378  8.58992e-15  0.000102740       0
      8.61290      17.4167      5.35702  9.16691e-15  0.000207703      4.87641      21.0703  0.000207745      5.37453      1.64167  0.000207686      4.28483      5.71936  1.33006e-14  8.21959e-15      6.67037      3.81570  6.36080e-15  9.40852e-05       0
      8.61290      17.5000      4.77496  1.11040e-14  0.000268093      4.03130      32.8439  0.000262737      4.80370      1.61417  0.000262850      3.55055      5.30226  1.81944e-14  9.32525e-15      5.98789      3.33577  7.61446e-15  8.17995e-05       0
      8.61290      17.5833      5.00545  1.02650e-14  0.000212113      4.52482      21.0703  0.000211750      5.01045      1.63667  0.000211868      3.84934      4.98243  1.59020e-14  1.03441e-14      6.23766      3.55758  7.11312e-15  8.23151e-05       0
      8.61290      17.6667      4.88593  1.06869e-14  0.000172121      4.51660      17.5547  0.000171761      4.89343      1.64667  0.000171726      4.00126      4.89928  1.49085e-14  1.06384e-14      6.13846      3.41517  7.30573e-15  7.44094e-05       0
      8.61290      17.7500      5.43462  8.94981e-15  0.000112819      5.20589      10.2344  0.000113521      5.44962      1.65667  0.000113615      4.73184      5.42748  1.12732e-14  8.96944e-15      6.81930      3.81557  6.13098e-15  7.96016e-05       0
      8.61290      17.8333      3.35192  2.00265e-14  0.000472821      2.76546      26.4371  0.000457450      3.36504      1.60792  0.000457735      2.44142      3.66587  3.39645e-14  1.72504e-14      4.17282      2.38478  1.39010e-14  7.70436e-05       0
      8.61290      17.9167      4.15211  1.40168e-14  0.000260278      3.71647      20.0078  0.000258115      4.16836      1.63417  0.000258131      3.21868      4.28522  2.14273e-14  1.32986e-14      5.16295      2.97317  9.74839e-15  8.30996e-05       0
      8.61290      18.0000      5.26416  9.43802e-15  0.000166895      4.84978      18.6172  0.000168502      5.27166      1.64667  0.000168212      4.00502      5.27760  1.48852e-14  9.39798e-15      6.45920      3.84377  6.71116e-15  8.53024e-05       0
      8.61290      18.0833      4.55036  1.20324e-14  0.000129051      4.38786      7.78125  0.000129434      4.55786      1.65917  0.000129597      4.20847      4.32312  1.37053e-14  1.31049e-14      5.67607      3.22501  8.32432e-15  9.76115e-05       0
      8.61290      18.1667      3.22425  2.13655e-14  0.000333282      2.88594      15.9545  0.000327181      3.24081      1.63480  0.000327345      2.60750      3.65157  3.04360e-14  1.73632e-14      4.03718      2.27714  1.46881e-14  0.000147094       0
      8.61290      18.2500      3.73326  1.67346e-14  0.000240541      3.50450      10.2344  0.000240542      3.73576      1.65167  0.000240478      3.18017      3.82980  2.18614e-14  1.60375e-14      4.67194      2.63714  1.15151e-14  0.000212081       0
      8.61290      18.3333      3.64525  1.74134e-14  0.000390192      3.23084      18.6172  0.000392859      3.67150      1.62917  0.000392658      2.68474      4.73559  2.89906e-14  1.12583e-14      4.41600      2.72759  1.26487e-14  0.000286770       0
      8.61290      18.4167      2.56582  3.12646e-14  0.000526151      2.27454      13.7656  0.000515950      2.59206      1.62917  0.000516218      2.12248      2.82552  4.28900e-14  2.66234e-14      3.18431      1.83846  2.18141e-14  0.000299828       0
      8.61290      18.5000      5.33964  9.21670e-15  0.000267626      4.82454      23.1472  0.000268596      5.36588      1.62917  0.000269387      3.87235      5.06209  1.57448e-14  1.00742e-14      6.57045      3.88143  6.52285e-15  0.000283529       0
      8.61290      18.5833      2.21251  4.00209e-14  0.000942731      1.77849      19.3723  0.000894581      2.23279      1.59379  0.000896051      1.59816      2.56120  6.88221e-14  3.13586e-14      2.72535      1.60644  2.82743e-14  0.000279485       0
      8.61290      18.6667      3.29572  2.05990e-14  0.000329730      2.99089      13.4468  0.000328493      3.30963      1.63823  0.000328447      2.52866      3.44991  3.20340e-14  1.90875e-14      4.04303      2.42020  1.46527e-14  0.000178265       0
      8.61290      18.7500      3.92238  1.54115e-14  0.000202014      3.65112      13.0156  0.000201329      3.93457      1.64604  0.000201389      3.19978      4.09758  2.16386e-14  1.43290e-14      4.90474      2.77846  1.06186e-14  0.000138078       0
      8.61290      18.8333      3.45577  1.90336e-14  0.000329768      3.02909      19.1846  0.000322952      3.48202      1.62917  0.000323146      2.63712      3.85521  2.98685e-14  1.58616e-14      4.31387      2.44781  1.31518e-14  8.26346e-05       0
      8.61290      18.9167      3.84709  1.59175e-14  0.000271127      3.44415      17.9858  0.000267904      3.86333      1.63417  0.000267942      2.98158      3.94459  2.43418e-14  1.52672e-14      4.79489      2.72692  1.10272e-14  6.86698e-05       0
      8.61290      19.0000      3.54172  1.82700e-14  0.000323773      3.11834      19.4404  0.000317740      3.55907      1.62761  0.000317854      2.72558      3.79541  2.82703e-14  1.62804e-14      4.42535      2.51834  1.26042e-14  7.56092e-05       0
      8.61290      19.0833      3.55192  1.81826e-14  0.000276092      3.22344      14.6455  0.000274692      3.56106      1.63933  0.000274626      2.80249      3.70125  2.69891e-14  1.69765e-14      4.39962      2.57300  1.27273e-14  8.77267e-05       0
      8.61290      19.1667      4.56344  1.19750e-14  0.000241849      3.97677      26.4371  0.000242241      4.58132      1.62683  0.000242039      3.30031      4.35914  2.05512e-14  1.29249e-14      5.55807      3.37921  8.62097e-15  9.85390e-05       0
      8.61290      19.2500      3.75403  1.65805e-14  0.000237570      3.50109      11.5840  0.000237786      3.76654      1.64667  0.000237924      3.01985      3.86999  2.38298e-14  1.57609e-14      4.66363      2.68583  1.15493e-14  0.000103354       0
      8.61290      19.3333      3.60223  1.77614e-14  0.000453185      2.99733      26.6162  0.000447215      3.61536      1.60792  0.000447182      2.55795      3.97461  3.14250e-14  1.50755e-14      4.38694      2.65361  1.27887e-14  0.000146229       0
      8.61290      19.4167      3.84141  1.59567e-14  0.000242582      3.54515      13.8281  0.000243419      3.85891      1.64167  0.000243700      2.95439      4.06497  2.47163e-14  1.45211e-14      4.71603      2.82458  1.13362e-14  0.000117073       0
      8.61290      19.5000      5.55323  8.63348e-15  0.000112969      5.34824      10.5625  0.000113771      5.56074      1.65917  0.000113836      4.41673      5.93585  1.26452e-14  7.72604e-15      6.88452      3.98207  6.03448e-15  6.92658e-05       0
      8.61290      19.5833     0.437732  5.95774e-13    0.0143731     0.342732      5.31250    0.0133815     0.339920      1.67913    0.0133298     0.343176     0.507374  8.93789e-13  4.65816e-13      1.16193     0.795623  1.17074e-13  0.000185506       0
      8.61290      19.6667     0.189926  2.39583e-12    0.0772228     0.134614      3.59766    0.0708030     0.137485      1.67694    0.0705724     0.140348     0.223657  3.96660e-12  1.82442e-12     0.637691     0.482479  3.18233e-13  0.000633089       0
      8.61290      19.7500     0.109893  5.96316e-12     0.146759    0.0828083      3.30682     0.134555    0.0858308      1.67331     0.134045    0.0945890     0.139341  7.65646e-12  4.01448e-12      1.03470     0.726609  1.42037e-13  0.000561296       0
      8.61290      19.8333     0.160432  3.17403e-12    0.0732915     0.122151      3.19141    0.0674348     0.126604      1.67146    0.0671595     0.132470     0.207035  4.36751e-12  2.07502e-12     0.640167     0.483668  3.16184e-13  0.000494634       0
      8.61290      19.9167     0.443308  5.83338e-13    0.0158566     0.335290      6.11292    0.0146703     0.340715      1.67267    0.0146560     0.340150     0.527966  9.07077e-13  4.35933e-13      1.19517     0.813695  1.11698e-13  0.000174095       0
      8.61290      20.0000     0.108186  6.12088e-12     0.170368    0.0781855      2.87500     0.155742    0.0807246      1.67185     0.154886     0.103506     0.137964  6.58901e-12  4.08148e-12     0.983923     0.694729  1.54464e-13  0.000518134       0
      8.61290      20.0833    0.0890642  8.46429e-12     0.225630    0.0675022      6.16406     0.206282    0.0678142      1.67198     0.205410    0.0730882     0.114621  1.17675e-11  5.55888e-12      1.81490      1.48098  5.56769e-14  0.000827733       0
      8.61290      20.1667    0.0964836  7.40753e-12     0.161056    0.0767183      13.8336     0.147062    0.0774210      1.67456     0.147105    0.0845288     0.120862  9.23467e-12  5.08878e-12      2.19458      1.73968  4.05673e-14  0.000613950       0
      8.61290      20.2500     0.170614  2.86464e-12     0.147661    0.0997938      4.13672     0.130997     0.101864      1.67823     0.130751     0.105020     0.191782  6.43146e-12  2.35731e-12     0.781081     0.569569  2.26953e-13  0.000453614       0
      8.61290      20.3333     0.135502  4.20583e-12    0.0999676     0.106444      11.8945    0.0916726     0.106381      1.67120    0.0914645     0.113384     0.165896  5.66032e-12  3.00172e-12     0.796136     0.582227  2.19845e-13  0.000502893       0
      8.61290      20.4167    0.0870958  8.78551e-12     0.134475    0.0726004      7.34494     0.121512    0.0739464      1.66651     0.121153    0.0822805     0.108134  9.65904e-12  6.12577e-12     0.845089     0.612721  1.99033e-13  0.000558857       0
      8.61290      20.5000     0.191354  2.36609e-12    0.0357337     0.156125      3.10010    0.0326359     0.163386      1.67106    0.0324638     0.175081     0.236996  2.74387e-12  1.65651e-12      1.04205     0.727888  1.40373e-13  0.000250500       0
      8.61290      20.5833     0.146791  3.68069e-12    0.0728107     0.120270      17.7801    0.0667591     0.120151      1.67158    0.0666570     0.128672     0.177418  4.58445e-12  2.68389e-12     0.812171     0.590957  2.12659e-13  0.000351945       0
      8.61290      20.6667     0.229803  1.74382e-12    0.0352443     0.180116      3.46484    0.0326070     0.185741      1.67659    0.0325077     0.196300     0.278274  2.26758e-12  1.26758e-12     0.754563     0.556312  2.40401e-13  0.000379506       0
      8.61290      20.7500     0.146773  3.68144e-12    0.0759805     0.113257      3.05176    0.0696226     0.119587      1.67022    0.0694841     0.127407     0.179608  4.66056e-12  2.62958e-12      1.12559     0.776650  1.23442e-13  0.000295075       0
      8.61290      20.8333     0.256589  1.45110e-12    0.0369405     0.194089      3.87500    0.0340865     0.195339      1.67339    0.0339050     0.199042     0.325298  2.21576e-12  9.77150e-13     0.738056     0.544094  2.49429e-13  0.000469162       0
      8.61290      20.9167     0.112287  5.75278e-12     0.128672    0.0866517      4.38747     0.117623    0.0897874      1.66979     0.117429    0.0964409     0.141050  7.41299e-12  3.93377e-12      1.16570     0.797297  1.16445e-13  0.000503756       0
      8.61290      21.0000     0.106850  6.24892e-12     0.123960    0.0831000      2.34375     0.113947    0.0868500      1.67417     0.112843    0.0951047     0.132547  7.58739e-12  4.36328e-12      1.07703     0.750097  1.32856e-13  0.000438870       0
      8.61290      21.0833    0.0608417  1.59745e-11     0.377948    0.0447382      1.99146     0.346709    0.0481244      1.66847     0.344722    0.0517423    0.0767824  2.09260e-11  1.08391e-11      2.21195      1.93929  4.00379e-14   0.00104776       0
      8.61290      21.1667     0.232735  1.70736e-12    0.0445954     0.174825      4.14771    0.0409215     0.176798      1.67546    0.0407407     0.182179     0.288872  2.56801e-12  1.19102e-12      1.32742     0.890381  9.37739e-14  0.000224074       0
      8.61290      21.2500      1.38948  8.68977e-14   0.00256698      1.07191      14.3559   0.00243238      1.42701      1.56744   0.00243851     0.960111      1.54848  1.60901e-13  7.25413e-14      1.67302      1.07756  6.37664e-14  0.000112710       0
      8.61290      21.3333      2.04025  4.58098e-14  0.000287909      1.78668     0.763145  0.000271038      2.05525      1.67417  0.000278972      1.91382      2.01785  5.09638e-14  4.66602e-14      1.50423     0.981324  7.61331e-14  0.000126434       0
      8.61290      21.4167      2.20916  4.01220e-14  0.000404952      1.08176    0.0782448  0.000339094      2.21917      1.68292  0.000382223      1.97687      2.26217  4.82836e-14  3.85673e-14      2.54892      1.80623  3.16109e-14  0.000322051       0
      8.61290      21.5000      1.26243  1.01957e-13   0.00254615      1.02420      10.8402   0.00244248      1.29040      1.58387   0.00244553     0.913563      1.36014  1.74796e-13  9.00439e-14      1.50508     0.985482  7.60615e-14  0.000177994       0
      8.61290      21.5833     0.166267  2.99054e-12    0.0690955     0.131858      13.2432    0.0633646     0.130604      1.67235    0.0631508     0.137035     0.205283  4.12773e-12  2.10462e-12     0.956096     0.678111  1.62029e-13  0.000311258       0
      8.61290      21.6667     0.153158  3.42923e-12    0.0835135     0.115658      3.06250    0.0768399     0.119330      1.67146    0.0764033     0.127473     0.182130  4.65654e-12  2.56916e-12     0.838328     0.608018  2.01715e-13  0.000410324       0
      8.61290      21.7500     0.171115  2.85067e-12    0.0759244     0.126116      3.50000    0.0698369     0.131116      1.67292    0.0697012     0.134257     0.221432  4.27103e-12  1.85507e-12     0.587544     0.450820  3.64778e-13  0.000945521       0
      8.61290      21.8333     0.286927  1.20451e-12    0.0296964     0.219426      4.00000    0.0274396     0.221926      1.67729    0.0273287     0.226428     0.362359  1.78736e-12  8.16325e-13     0.894867     0.639995  1.80925e-13  0.000299780       0
      8.61290      21.9167     0.409467  6.65883e-13    0.0115075     0.344467      3.68750    0.0111020     0.356616      1.67254    0.0110876     0.342750     0.487767  8.95638e-13  4.97441e-13     0.524439     0.409872  4.40830e-13  0.000854263       0
      8.61290      22.0000    0.0854364  9.07174e-12     0.224102    0.0627802      2.40234     0.205280    0.0668427      1.67178     0.204547    0.0700339     0.108273  1.26352e-11  6.11266e-12      2.05199      1.64468  4.53738e-14  0.000719660       0
      8.61290      22.0833     0.229592  1.74649e-12    0.0413990     0.178186      3.72070    0.0384586     0.182307      1.67454    0.0383082     0.186042     0.274271  2.47977e-12  1.29856e-12     0.644500     0.486845  3.12649e-13  0.000507153       0
      8.61290      22.1667     0.505540  4.68637e-13    0.0123282     0.398208      6.33289    0.0117047     0.397524      1.67455    0.0116839     0.377959     0.570583  7.60946e-13  3.83028e-13     0.678852     0.510216  2.86728e-13  0.000542213       0
      8.61290      22.2500      1.08096  1.32053e-13  0.000800251     0.799415     0.283580  0.000680555      2.98966      1.36506  0.000681050      1.02418      1.09627  1.44478e-13  1.28992e-13     0.764045     0.560720  2.35449e-13  0.000380087       0
      8.61290      22.3333      1.20114  1.10775e-13  0.000845551      1.16239      3.04688  0.000838133      1.21114      1.66667  0.000842389      1.07232      1.28076  1.33830e-13  9.95361e-14      1.03302     0.720490  1.42424e-13  0.000193955       0
      8.61290      22.4167     0.753969  2.40717e-13   0.00204728     0.424517     0.105979   0.00156976      5.53603      1.12997   0.00158774     0.710718     0.725810  2.65624e-13  2.56482e-13     0.431568     0.348326  6.10023e-13   0.00109240       0
      8.61290      22.5000     0.865271  1.91356e-13   0.00156402     0.511127     0.121066   0.00125527      4.47631      1.21250   0.00126002     0.837832     0.781820  2.01914e-13  2.26596e-13     0.500299     0.393928  4.76848e-13  0.000880926       0
      8.61290      22.5833     0.783393  2.25838e-13   0.00229419     0.441975     0.110350   0.00196939      5.53463      1.13597   0.00197668     0.743630     0.762710  2.46321e-13  2.36136e-13     0.439943     0.354837  5.90793e-13   0.00120558       0
      8.61290      22.6667      1.12182  1.24135e-13  0.000995808     0.608410    0.0914966  0.000706024      1.14181      1.69167  0.000855175      1.03866      1.08015  1.41137e-13  1.32217e-13     0.635310     0.480185  3.20223e-13  0.000456599       0
      8.61290      22.7500     0.869909  1.89659e-13   0.00171316     0.555395     0.154742   0.00152223      2.67815      1.32868   0.00152759     0.803971     0.869475  2.16286e-13  1.89817e-13     0.543224     0.421617  4.15716e-13  0.000701250       0
      8.61290      22.8333     0.852284  1.96241e-13   0.00283917     0.341281    0.0575084   0.00253193      13.6360     0.997681   0.00257302     0.826956     0.857632  2.06360e-13  1.94205e-13     0.411564     0.333843  6.60239e-13   0.00150577       0
      8.61290      22.9167     0.745035  2.45547e-13   0.00210097     0.401953    0.0930462   0.00162848      5.60505      1.12585   0.00164314     0.699539     0.715533  2.72736e-13  2.62651e-13     0.434153     0.350056  6.03982e-13   0.00104862       0
      8.61290      23.0000     0.504647  4.70020e-13   0.00491017     0.453827      3.48291   0.00483278     0.469022      1.67136   0.00482342     0.442895     0.578728  5.84245e-13  3.74086e-13     0.530038     0.412616  4.33096e-13  0.000789668       0
      8.61290      23.0833      1.53467  7.36326e-14  0.000706848     0.662505    0.0562649  0.000440639      89.5976     0.913813  0.000447562      1.30414      1.56401  9.65808e-14  7.13450e-14     0.767173     0.561273  2.33852e-13  0.000362870       0
      8.61290      23.1667     0.724659  2.57162e-13   0.00199561     0.373738    0.0824230   0.00132964      6.97347      1.08153   0.00136104     0.653536     0.739832  3.05478e-13  2.48432e-13     0.412980     0.335065  6.56468e-13  0.000923270       0
      8.61290      23.2500     0.711249  2.65293e-13   0.00221889     0.506991     0.239940   0.00199879      2.17233      1.31361   0.00199735     0.644216     0.721441  3.12879e-13  2.59076e-13     0.452673     0.362183  5.63363e-13  0.000805932       0
      8.61290      23.3333     0.597000  3.55199e-13   0.00185799     0.399890     0.179336   0.00115987      1.80565      1.30898   0.00118711     0.574872     0.587748  3.78277e-13  3.64566e-13     0.401057     0.327293  6.89317e-13  0.000863543       0
      8.61290      23.4167      1.07052  1.34206e-13   0.00115025     0.546675    0.0801959  0.000831433      11.6589      1.09636  0.000833298     0.972954      1.00962  1.57377e-13  1.47966e-13     0.585482     0.449104  3.66921e-13  0.000531123       0
      8.61290      23.5000     0.924525  1.71356e-13   0.00151968     0.448449    0.0716448   0.00105480      16.3610      1.01010   0.00106137     0.854448     0.923882  1.95413e-13  1.71554e-13     0.505246     0.397314  4.69092e-13  0.000892683       0
      8.61290      23.5833      1.19281  1.12067e-13  0.000948539     0.558115    0.0644348  0.000548891      22.1651      1.02839  0.000560978      1.06161      1.10681  1.36087e-13  1.26952e-13     0.630857     0.477711  3.23999e-13  0.000541757       0
      8.61290      23.6667      1.34040  9.22650e-14  0.000738204     0.677960    0.0763764  0.000457776      23.6469      1.04562  0.000462313      1.23706      1.24847  1.05466e-13  1.03864e-13     0.753424     0.554946  2.41007e-13  0.000422747       0
      8.61290      23.7500      1.14666  1.19684e-13   0.00102140     0.575657    0.0751630  0.000666258      26.4583     0.996829  0.000662851      1.04372      1.12057  1.39999e-13  1.24365e-13     0.625596     0.474852  3.28553e-13  0.000468157       0
      8.61290      23.8333     0.912958  1.74989e-13   0.00163140     0.514754    0.0975470   0.00130111      7.97445      1.11971   0.00130060     0.830582     0.918079  2.04860e-13  1.73365e-13     0.513981     0.402362  4.55880e-13  0.000659583       0
      8.61290      23.9167      1.34777  9.14259e-14  0.000856356     0.846190     0.142779  0.000734147      5.89429      1.27779  0.000737633      1.18778      1.35033  1.12858e-13  9.11375e-14     0.805843     0.585714  2.15449e-13  0.000306980       0
