      9.16129      0.00000      1.99793  4.74381e-14  0.000563395      1.82663      8.60706  0.000551103      2.00652      1.64011  0.000551119      1.86138      2.16499  5.33789e-14  4.14955e-14      2.66671      1.59417  2.93182e-14  4.86090e-05       0
      9.16129    0.0833333      1.93789  4.99131e-14  0.000502084      1.75677      9.08644  0.000475195      1.95164      1.63667  0.000476081      1.90167      2.22064  5.15074e-14  3.97769e-14      4.15882      2.32095  1.39791e-14  2.15201e-05       0
      9.16129     0.166667      1.93794  4.99107e-14  0.000542591      1.79217      7.77539  0.000533843      1.95232      1.64386  0.000533776      1.83280      2.14723  5.47734e-14  4.20693e-14      2.36590      1.43918  3.57907e-14  6.63855e-05       0
      9.16129     0.250000      2.00486  4.71652e-14  0.000660430      1.80566      9.87311  0.000645677      2.02142      1.63480  0.000646207      1.79286      2.32830  5.68225e-14  3.67590e-14      2.45757      1.48106  3.35932e-14  4.27476e-05       0
      9.16129     0.333333      2.18489  4.08676e-14  0.000693715      1.86864      14.5781  0.000658670      2.20614      1.61542  0.000660226      1.87783      2.53029  5.26018e-14  3.19996e-14      4.04811      2.27313  1.46221e-14  2.82045e-05       0
      9.16129     0.416667      1.15284  1.18617e-13  0.000706198      1.07703      4.29541  0.000694951      1.15534      1.65167  0.000693389      1.12056      1.30224  1.24367e-13  9.68149e-14      1.36457     0.906221  8.95580e-14  0.000129602       0
      9.16129     0.500000      1.85488  5.36912e-14  0.000771307      1.66700      9.58862  0.000755959      1.87113      1.63417  0.000756504      1.66579      2.20652  6.42289e-14  4.02023e-14      2.24981      1.38413  3.89213e-14  5.65953e-05       0
      9.16129     0.583333      1.01454  1.46774e-13  0.000786858     0.967663      2.93750  0.000781392      1.22059      1.59668  0.000781971     0.978842      1.11927  1.55803e-13  1.24605e-13     0.953394     0.672748  1.62795e-13  0.000212037       0
      9.16129     0.666667      1.09709  1.28833e-13  0.000746579      1.02822      4.88287  0.000730206      1.09959      1.65167  0.000729243      1.10968      1.22438  1.26405e-13  1.07292e-13      1.29515     0.866166  9.77000e-14  0.000151443       0
      9.16129     0.750000      1.21220  1.09095e-13  0.000530256      1.17157      25.4220  0.000516523      1.20939      1.65605  0.000516411      1.18144      1.32695  1.13870e-13  9.38293e-14      1.53084     0.998754  7.39403e-14  0.000119875       0
      9.16129     0.833333      1.01988  1.45495e-13  0.000459471     0.997722      26.3801  0.000451003      1.02898      1.65686  0.000451526      1.04654      1.10784  1.39370e-13  1.26756e-13      1.19393     0.812886  1.11891e-13  0.000153880       0
      9.16129     0.916667     0.854610  1.95351e-13  0.000493526     0.811133      3.05859  0.000484996      1.00402      1.60096  0.000487145     0.902655     0.944969  1.78331e-13  1.65222e-13     0.990849     0.701313  1.52669e-13  0.000256557       0
      9.16129      1.00000      2.06642  4.48469e-14  0.000626024      1.87017      9.57812  0.000612767      2.08735      1.63355  0.000612794      1.85799      2.41707  5.35413e-14  3.45368e-14      2.53281      1.52660  3.19466e-14  5.05449e-05       0
      9.16129      1.08333      1.15458  1.18319e-13  0.000709285      1.08896      4.03906  0.000705897      1.15958      1.65667  0.000705199      1.13387      1.27652  1.21943e-13  1.00088e-13      1.35982     0.912237  9.00799e-14  0.000196808       0
      9.16129      1.16667      2.04008  4.58158e-14  0.000715343      1.78849      12.0239  0.000685484      2.05383      1.62417  0.000686528      1.83507      2.43944  5.46606e-14  3.40104e-14      2.52157      1.48725  3.21843e-14  3.62657e-05       0
      9.16129      1.25000      2.05758  4.51684e-14  0.000751391      1.78634      13.0156  0.000717122      2.07663      1.61980  0.000718453      1.82608      2.52578  5.51098e-14  3.20950e-14      3.91146      2.20676  1.54833e-14  2.18411e-05       0
      9.16129      1.33333      2.16838  4.13875e-14  0.000734797      1.87715      13.7656  0.000710441      2.19214      1.61917  0.000711296      1.89501      2.58889  5.18093e-14  3.08016e-14      2.85834      1.68641  2.61159e-14  3.95009e-05       0
      9.16129      1.41667      2.23252  3.94249e-14  0.000552975      1.98160      11.2439  0.000529290      2.24986      1.62761  0.000529651      2.00176      2.61073  4.72871e-14  3.03732e-14      4.08738      2.28761  1.43887e-14  2.21505e-05       0
      9.16129      1.50000      1.88915  5.20777e-14  0.000692919      1.69678      9.83224  0.000669937      1.91540      1.62917  0.000670240      1.80244      2.30473  5.63196e-14  3.73878e-14      3.02290      1.76929  2.37897e-14  3.56007e-05       0
      9.16129      1.58333      2.04358  4.56852e-14  0.000875622      1.72530      13.9182  0.000831520      2.06568      1.61101  0.000833837      1.76389      2.49293  5.83859e-14  3.28028e-14      3.93648      2.21684  1.53196e-14  2.22947e-05       0
      9.16129      1.66667      2.25013  3.89120e-14  0.000785570      1.90237      15.7989  0.000756261      2.26589      1.61266  0.000757284      1.84570      2.71491  5.41371e-14  2.84557e-14      3.01201      1.76523  2.39333e-14  3.16270e-05       0
      9.16129      1.75000      1.39873  8.59426e-14  0.000554295      1.33591      4.01953  0.000552740      1.40716      1.65964  0.000554655      1.35003      1.53936  9.11711e-14  7.32591e-14      1.37324     0.909909  8.86172e-14  0.000114118       0
      9.16129      1.83333      1.56546  7.12345e-14  0.000730336      1.45413      5.96191  0.000722271      1.57328      1.64729  0.000722136      1.47839      1.82782  7.83632e-14  5.50222e-14      1.88036      1.19792  5.24841e-14  8.81442e-05       0
      9.16129      1.91667      1.34117  9.21767e-14   0.00152633      1.14200      9.87311   0.00143767      1.35258      1.61324   0.00144440      1.20106      1.54412  1.10787e-13  7.28831e-14      3.36103      1.94216  1.99361e-14  3.10473e-05       0
      9.16129      2.00000      2.42351  3.43837e-14  0.000787663      1.96691      20.6133  0.000739905      2.45156      1.59589  0.000741491      1.96771      3.00937  4.86586e-14  2.39682e-14      5.16705      2.79427  9.73550e-15  1.56158e-05       0
      9.16129      2.08333      1.28312  9.92318e-14  0.000936543      1.17647      6.55286  0.000908852      1.29171      1.64011  0.000908704      1.22655      1.47209  1.06976e-13  7.89229e-14      1.85344      1.17201  5.37609e-14  8.03014e-05       0
      9.16129      2.16667      2.06454  4.49149e-14   0.00117453      1.60481      20.4648   0.00109812      2.08354      1.58171   0.00110099      1.59424      2.61352  6.91041e-14  3.03193e-14      3.89356      2.19696  1.56021e-14  2.61686e-05       0
      9.16129      2.25000      2.45166  3.37284e-14  0.000448579      2.18042      13.0156  0.000425345      2.47791      1.62917  0.000426473      2.25305      2.89540  3.88280e-14  2.55612e-14      6.06644      3.22323  7.45086e-15  1.32003e-05       0
      9.16129      2.33333      2.60470  3.04906e-14  0.000528504      2.23534      17.5547  0.000503616      2.62845      1.61917  0.000505047      2.23660      3.16499  3.93052e-14  2.20365e-14      4.98809      2.71841  1.03246e-14  1.64907e-05       0
      9.16129      2.41667      1.38708  8.71486e-14   0.00142195      1.17926      9.62891   0.00133133      1.39849      1.61324   0.00133827      1.27704      1.67121  1.00020e-13  6.38819e-14      4.18343      2.33428  1.38423e-14  2.15305e-05       0
      9.16129      2.50000     0.985255  1.54116e-13   0.00149770     0.904045      4.93311   0.00146185     0.989797      1.64286   0.00146018     0.910205      1.05074  1.75872e-13  1.38443e-13      1.58679      1.03733  6.96463e-14  0.000151900       0
      9.16129      2.58333      1.34406  9.18469e-14   0.00112516      1.19155      8.03125   0.00106867      1.36672      1.62573   0.00107300      1.20581      1.59029  1.10060e-13  6.93907e-14      2.50512      1.51563  3.25372e-14  5.03875e-05       0
      9.16129      2.66667      2.11243  4.32305e-14  0.000346958      1.95993      7.78125  0.000333297      2.11853      1.64636  0.000332980      2.05915      2.24110  4.51110e-14  3.91736e-14      3.64864      2.07668  1.73864e-14  2.42061e-05       0
      9.16129      2.75000      2.50159  3.26138e-14  0.000799759      2.01627      21.8477  0.000753804      2.52187      1.59379  0.000754879      1.98275      3.16420  4.80450e-14  2.20457e-14      4.48209      2.47036  1.23394e-14  1.89427e-05       0
      9.16129      2.83333      2.16339  4.15468e-14  0.000534359      1.95137      10.2285  0.000518053      2.17714      1.63667  0.000518916      1.97094      2.45475  4.85258e-14  3.36577e-14      2.66362      1.57226  2.93748e-14  3.66904e-05       0
      9.16129      2.91667      2.79756  2.70684e-14  0.000624158      2.28586      22.6705  0.000591755      2.82568      1.59793  0.000592260      2.14701      3.20499  4.20766e-14  2.15800e-14      5.05054      2.75282  1.01127e-14  2.63680e-05       0
      9.16129      3.00000      1.65852  6.46984e-14  0.000937474      1.45558      10.0564  0.000898118      1.67228      1.62417  0.000899882      1.54198      1.92522  7.30516e-14  5.04618e-14      2.66853      1.58894  2.92849e-14  3.34444e-05       0
      9.16129      3.08333      2.64555  2.97100e-14  0.000702551      2.15885      22.0260  0.000664105      2.67359      1.59589  0.000664492      2.05326      3.13261  4.53267e-14  2.24174e-14      4.32254      2.38675  1.31078e-14  2.16933e-05       0
      9.16129      3.16667      1.80960  5.59491e-14  0.000603523      1.61671      9.88770  0.000567401      1.82835      1.63167  0.000570051      1.65539      2.06907  6.49023e-14  4.47511e-14      3.48725      2.00895  1.87481e-14  4.09565e-05       0
      9.16129      3.25000      1.85226  5.38179e-14  0.000412205      1.70649      7.77539  0.000392377      1.86288      1.64448  0.000393337      1.82870      2.07431  5.49782e-14  4.45629e-14      3.10356      1.81238  2.27682e-14  3.55794e-05       0
      9.16129      3.33333      2.62463  3.01057e-14  0.000704683      2.13934      21.8477  0.000665457      2.64784      1.60021  0.000666963      2.08047      3.27764  4.43431e-14  2.07887e-14      4.84410      2.65295  1.08411e-14  1.81296e-05       0
      9.16129      3.41667      1.85579  5.36472e-14  0.000697021      1.67045      9.57080  0.000673238      1.87454      1.63167  0.000673649      1.73247      2.09342  6.01616e-14  4.38869e-14      2.86454      1.68786  2.60218e-14  3.36612e-05       0
      9.16129      3.50000      1.49774  7.66832e-14  0.000580676      1.42015      4.62817  0.000578993      1.50274      1.65667  0.000578539      1.45002      1.66085  8.09358e-14  6.45474e-14      1.80246      1.15405  5.63187e-14  9.00047e-05       0
      9.16129      3.58333      1.55613  7.19482e-14  0.000586550      1.45073      6.04395  0.000576836      1.56550      1.64886  0.000576821      1.51914      1.74646  7.48913e-14  5.93606e-14      1.88629      1.18808  5.22092e-14  7.16942e-05       0
      9.16129      3.66667      1.86749  5.30882e-14  0.000594211      1.76210      6.04395  0.000593555      1.88249      1.65167  0.000593645      1.68679      2.15597  6.29017e-14  4.17852e-14      1.78297      1.13335  5.73483e-14  6.40564e-05       0
      9.16129      3.75000      1.88728  5.21637e-14  0.000770559      1.67948      9.62891  0.000750463      1.91353      1.62917  0.000751400      1.62049      2.29455  6.72492e-14  3.76647e-14      2.45855      1.48972  3.35710e-14  4.37077e-05       0
      9.16129      3.83333      2.03007  4.61930e-14  0.000649530      1.82538      9.77734  0.000632122      2.04632      1.63417  0.000632814      1.81695      2.39890  5.55721e-14  3.49737e-14      2.81998      1.66735  2.67107e-14  3.25965e-05       0
      9.16129      3.91667     0.949551  1.63895e-13   0.00172278     0.864549      5.06250   0.00168368     0.975800      1.62917   0.00168311     0.918182      1.10719  1.73333e-13  1.26879e-13      1.25920     0.847952  1.02393e-13  0.000126873       0
      9.16129      4.00000      2.51507  3.23231e-14  0.000662202      2.09170      19.4404  0.000624615      2.52819      1.60792  0.000626132      2.08697      3.09693  4.41131e-14  2.28495e-14      5.51901      2.95355  8.72288e-15  1.34422e-05       0
      9.16129      4.08333      1.48749  7.75659e-14  0.000939216      1.33983      7.78540  0.000908722      1.50374      1.63417  0.000910549      1.38970      1.71568  8.68750e-14  6.11461e-14      2.21685      1.36073  3.98905e-14  5.67485e-05       0
      9.16129      4.16667      2.03518  4.59999e-14  0.000835891      1.74395      13.2656  0.000803887      2.06554      1.61581  0.000805626      1.64958      2.32817  6.52841e-14  3.67624e-14      2.88619      1.71097  2.56974e-14  4.31109e-05       0
      9.16129      4.25000      1.80051  5.64207e-14  0.000402128      1.65800      7.53125  0.000376095      1.81166      1.64126  0.000375120      1.71907      1.95541  6.09453e-14  4.91700e-14      3.24495      1.87864  2.11389e-14  3.43276e-05       0
      9.16129      4.33333      1.83278  5.47747e-14  0.000767988      1.60402      10.2344  0.000733234      1.84653      1.62417  0.000734583      1.68513      2.14429  6.30049e-14  4.21653e-14      3.14628      1.83077  2.22553e-14  2.99508e-05       0
      9.16129      4.41667      1.60162  6.85748e-14  0.000537710      1.46319      7.32422  0.000501300      1.61498      1.63901  0.000501930      1.57945      1.81040  7.01861e-14  5.59075e-14      3.09472      1.80025  2.28767e-14  2.88152e-05       0
      9.16129      4.50000      1.93798  4.99092e-14  0.000752443      1.72922      9.98438  0.000732513      1.95532      1.62761  0.000732502      1.68250      2.32966  6.31693e-14  3.67233e-14      2.36485      1.43298  3.58172e-14  3.89528e-05       0
      9.16129      4.58333      1.53295  7.37705e-14  0.000843545      1.37045      7.78125  0.000805412      1.55170      1.63042  0.000807242      1.45128      1.80667  8.08180e-14  5.61002e-14      2.73611      1.62806  2.80893e-14  4.91638e-05       0
      9.16129      4.66667      1.28928  9.84433e-14   0.00126945      1.14678      7.53125   0.00120599      1.30303      1.62417   0.00120567      1.20523      1.49156  1.10149e-13  7.72140e-14      2.98165      1.75602  2.43408e-14  4.06048e-05       0
      9.16129      4.75000      2.43623  3.40853e-14  0.000634334      2.04593      18.1602  0.000594599      2.45832      1.61101  0.000596861      2.03215      3.01902  4.61143e-14  2.38407e-14      6.51527      3.44992  6.61518e-15  1.61107e-05       0
      9.16129      4.83333      2.46974  3.33178e-14  0.000590124      2.10038      17.5547  0.000559386      2.49848      1.61417  0.000560931      2.06343      3.04044  4.49550e-14  2.35614e-14      5.30744      2.87848  9.31011e-15  1.84883e-05       0
      9.16129      4.91667      2.81034  2.68636e-14  0.000594762      2.29557      23.1483  0.000561153      2.83347      1.60293  0.000562668      2.24853      3.41135  3.89581e-14  1.94484e-14      5.28972      2.85080  9.36212e-15  1.47885e-05       0
      9.16129      5.00000      2.62006  3.01933e-14  0.000599252      2.21715      17.9858  0.000571153      2.62565      1.61335  0.000571789      2.14709      3.07684  4.20738e-14  2.30987e-14      4.63222      2.54916  1.16801e-14  1.86951e-05       0
      9.16129      5.08333      2.96633  2.45507e-14  0.000622826      2.33765      27.8149  0.000582268      2.99821      1.59043  0.000583929      2.28070      3.57918  3.80466e-14  1.79524e-14      6.26965      3.30434  7.05272e-15  1.23190e-05       0
      9.16129      5.16667      1.74535  5.94235e-14  0.000684354      1.59285      7.78125  0.000665734      1.75215      1.63839  0.000665343      1.66264      2.06469  6.44316e-14  4.49096e-14      2.42337      1.47077  3.43872e-14  5.12124e-05       0
      9.16129      5.25000      1.76510  5.83194e-14  0.000765042      1.58433      9.21289  0.000744199      1.77752      1.63526  0.000745456      1.62666      1.96985  6.68245e-14  4.85708e-14      2.35658      1.43542  3.60267e-14  6.79766e-05       0
      9.16129      5.33333      1.99346  4.76156e-14  0.000839261      1.70223      13.2656  0.000802726      2.01730      1.61646  0.000805063      1.75005      2.45545  5.91575e-14  3.36417e-14      3.04799      1.77924  2.34642e-14  3.99729e-05       0
      9.16129      5.41667      2.23711  3.92902e-14  0.000906393      1.80310      19.3723  0.000853789      2.25906      1.59746  0.000856694      1.77707      2.66131  5.76661e-14  2.94172e-14      4.09521      2.28936  1.43429e-14  1.91105e-05       0
      9.16129      5.50000      2.11827  4.30324e-14  0.000805908      1.82201      13.8281  0.000775187      2.14694      1.61214  0.000775412      1.78026      2.58476  5.74942e-14  3.08836e-14      3.24949      1.88740  2.10897e-14  3.55525e-05       0
      9.16129      5.58333      2.35264  3.61275e-14  0.000895735      1.87204      21.0703  0.000844946      2.38452      1.59043  0.000847041      1.79576      2.88707  5.66692e-14  2.56843e-14      4.41712      2.49253  1.26434e-14  4.51747e-05       0
      9.16129      5.66667      2.28796  3.78455e-14  0.000897783      1.83236      20.7578  0.000844488      2.30822      1.59379  0.000846806      1.81637      2.73151  5.56020e-14  2.81682e-14      4.57269      2.52410  1.19347e-14  2.28663e-05       0
      9.16129      5.75000      2.13292  4.25406e-14  0.000832069      1.80711      15.6322  0.000794891      2.15753      1.60961  0.000795974      1.80974      2.52101  5.59416e-14  3.21961e-14      3.68338      2.09425  1.71140e-14  2.96244e-05       0
      9.16129      5.83333      2.27876  3.81007e-14  0.000851672      1.85542      19.4404  0.000798652      2.30681      1.59589  0.000800387      1.86297      2.87202  5.33031e-14  2.59090e-14      5.43512      2.92015  8.94843e-15  1.33235e-05       0
      9.16129      5.91667      2.25376  3.88077e-14  0.000902256      1.83039      19.4404  0.000849853      2.27571      1.59746  0.000852170      1.77253      2.79817  5.79124e-14  2.70585e-14      4.46786      2.47029  1.24050e-14  2.05426e-05       0
      9.16129      6.00000      2.01890  4.66199e-14  0.000852170      1.72763      13.7656  0.000819600      2.04925      1.61581  0.000821533      1.70425      2.33334  6.18310e-14  3.66267e-14      2.88960      1.70244  2.56467e-14  4.18138e-05       0
      9.16129      6.08333      2.34628  3.62906e-14  0.000786785      1.91964      19.1846  0.000740963      2.36441      1.60293  0.000743550      1.90181      2.87166  5.15012e-14  2.59144e-14      4.77530      2.60832  1.11027e-14  1.86256e-05       0
      9.16129      6.16667      2.26108  3.85984e-14  0.000817131      1.85297      18.9141  0.000772752      2.28420      1.60293  0.000775187      1.83275      2.78545  5.47759e-14  2.72649e-14      4.20006      2.34130  1.37511e-14  2.02726e-05       0
      9.16129      6.25000      2.06935  4.47411e-14  0.000896344      1.72160      15.7989  0.000848817      2.08248      1.60792  0.000851386      1.72819      2.57966  6.04101e-14  3.09856e-14      2.56740      1.50809  3.12324e-14  3.68323e-05       0
      9.16129      6.33333      1.91751  5.08004e-14  0.000832030      1.65573      12.4098  0.000793187      1.93657      1.61980  0.000795725      1.67378      2.36042  6.37184e-14  3.59291e-14      3.29261      1.90422  2.06314e-14  3.66114e-05       0
      9.16129      6.41667      1.92614  5.04217e-14  0.000967584      1.62238      13.6719  0.000924190      1.94823      1.61101  0.000926653      1.61013      2.44813  6.79715e-14  3.38094e-14      2.36322      1.42202  3.58581e-14  4.38636e-05       0
      9.16129      6.50000      2.06305  4.49689e-14  0.000818184      1.75561      14.0023  0.000775588      2.08389      1.61232  0.000777230      1.76196      2.49592  5.84930e-14  3.27375e-14      3.85563      2.17607  1.58588e-14  2.27654e-05       0
      9.16129      6.58333      1.89151  5.19693e-14  0.000808838      1.66414      10.6743  0.000780546      1.90526      1.62417  0.000781103      1.60920      2.33941  6.80371e-14  3.64687e-14      2.52027      1.52213  3.22119e-14  4.60821e-05       0
      9.16129      6.66667      2.03950  4.58376e-14  0.000787743      1.74733      13.6211  0.000747783      2.06818      1.61214  0.000748864      1.77452      2.42621  5.78043e-14  3.43200e-14      3.64686      2.07145  1.74006e-14  2.93157e-05       0
      9.16129      6.75000      2.13690  4.24088e-14  0.000972595      1.71028      19.1846  0.000908774      2.15717      1.59379  0.000912202      1.72370      2.66301  6.06725e-14  2.93860e-14      4.92296      2.68252  1.05532e-14  1.59554e-05       0
      9.16129      6.83333      2.04001  4.58187e-14  0.000770060      1.76877      13.0156  0.000735354      2.05876      1.61917  0.000736604      1.78494      2.53557  5.72432e-14  3.18886e-14      2.52053      1.48539  3.22065e-14  3.48769e-05       0
      9.16129      6.91694      2.13798  4.23732e-14   0.00101284      1.69851      19.1831  0.000949839      2.16610      1.58793  0.000952217      1.67839      2.75995  6.34272e-14  2.76860e-14      3.72795      2.11441  1.67743e-14  2.37200e-05       0
      9.16129      7.00000      2.09523  4.38238e-14  0.000953154      1.72587      17.5547  0.000899567      2.12494      1.59957  0.000901836      1.71423      2.63760  6.12323e-14  2.98593e-14      3.76861      2.13020  1.64738e-14  2.10467e-05       0
      9.16129      7.08333      2.01010  4.69604e-14  0.000837799      1.71611      13.1357  0.000800418      2.03878      1.61214  0.000801728      1.72012      2.57935  6.08832e-14  3.09917e-14      3.13248      1.82447  2.24189e-14  3.24455e-05       0
      9.16129      7.16667      1.78179  5.74118e-14   0.00112017      1.49053      13.2656   0.00106970      1.79491      1.60792   0.00107179      1.49579      2.21502  7.68502e-14  3.99453e-14      2.47566      1.49485  3.31852e-14  4.60334e-05       0
      9.16129      7.25000      2.06932  4.47421e-14  0.000908720      1.69994      17.5547  0.000854183      2.09213      1.60230  0.000857352      1.71848      2.53960  6.09799e-14  3.18044e-14      4.24080      2.35825  1.35316e-14  1.82387e-05       0
      9.16129      7.33333      1.71900  6.09496e-14  0.000967847      1.51298      10.1143  0.000937876      1.73275      1.62417  0.000938570      1.50332      2.13607  7.62092e-14  4.24363e-14      2.08819      1.29313  4.40704e-14  5.84828e-05       0
      9.16129      7.41667      2.25319  3.88238e-14  0.000907511      1.80615      20.6392  0.000852736      2.27347      1.59379  0.000855090      1.79595      2.78325  5.66594e-14  2.73008e-14      4.31366      2.39351  1.31528e-14  1.71191e-05       0
      9.16129      7.50000      2.10288  4.35585e-14  0.000963711      1.70850      18.3672  0.000902145      2.12483      1.59746  0.000905311      1.70964      2.70133  6.15063e-14  2.86946e-14      4.51815      2.49123  1.21757e-14  1.80582e-05       0
      9.16129      7.58333      2.12659  4.27519e-14   0.00105581      1.67952      20.6392  0.000988291      2.16346      1.58543  0.000991430      1.65399      2.71636  6.49940e-14  2.84304e-14      3.89839      2.19682  1.55699e-14  2.28059e-05       0
      9.16129      7.66667      1.78909  5.70217e-14  0.000929894      1.54205      11.6660  0.000889402      1.80784      1.61917  0.000891941      1.56125      2.21473  7.15553e-14  3.99542e-14      2.19240      1.33044  4.06345e-14  4.39479e-05       0
      9.16129      7.75000      2.31793  3.70334e-14  0.000937831      1.81905      22.5020  0.000876553      2.35481      1.58543  0.000879565      1.80344      2.87484  5.62678e-14  2.58666e-14      4.69148      2.57366  1.14352e-14  1.60794e-05       0
      9.16129      7.83333      2.08253  4.42701e-14  0.000894932      1.73477      15.7989  0.000850047      2.09565      1.60792  0.000852197      1.74302      2.61940  5.95562e-14  3.02059e-14      3.42457      1.96326  1.93235e-14  2.60325e-05       0
      9.16129      7.91667      2.36805  3.57363e-14  0.000943887      1.82226      24.7485  0.000874655      2.39722      1.58103  0.000878315      1.83119      2.98729  5.48539e-14  2.42642e-14      6.61375      3.46610  6.45182e-15  1.06391e-05       0
      9.16129      8.00000      2.25246  3.88449e-14   0.00100594      1.75358      22.5020  0.000939161      2.28043      1.58387  0.000942440      1.74583      2.85431  5.93964e-14  2.61775e-14      4.41602      2.44543  1.26486e-14  1.87753e-05       0
      9.16129      8.08333      2.18990  4.07120e-14   0.00105745      1.70923      21.0703  0.000982421      2.20889      1.58171  0.000984772      1.69199      2.81870  6.25799e-14  2.67309e-14      5.14683      2.79364  9.79932e-15  1.59055e-05       0
      9.16129      8.16667      2.27475  3.82126e-14  0.000945054      1.79412      21.0703  0.000882566      2.30163      1.59043  0.000886613      1.76792      2.88019  5.81644e-14  2.57866e-14      5.09316      2.77181  9.97204e-15  1.73970e-05       0
      9.16129      8.25000      2.28635  3.78900e-14  0.000970817      1.78332      22.6553  0.000903855      2.31432      1.58387  0.000906959      1.76354      2.87928  5.84052e-14  2.58001e-14      4.94650      2.69326  1.04697e-14  1.60234e-05       0
      9.16129      8.33333      2.28857  3.78286e-14  0.000996081      1.80329      21.8477  0.000933272      2.31710      1.58308  0.000934715      1.75046      2.89766  5.91347e-14  2.55280e-14      4.29991      2.38888  1.32230e-14  2.05830e-05       0
      9.16129      8.41667      2.28893  3.78189e-14  0.000969982      1.79004      22.5020  0.000905074      2.32579      1.58543  0.000908830      1.77411      2.83942  5.78267e-14  2.64066e-14      5.10992      2.76859  9.91758e-15  1.47878e-05       0
      9.16129      8.50000      2.25507  3.87701e-14  0.000954295      1.77443      21.0703  0.000889149      2.29194      1.58543  0.000892233      1.78170      2.83612  5.74167e-14  2.64578e-14      5.28708      2.85175  9.36991e-15  1.40543e-05       0
      9.16129      8.58333      2.03297  4.60834e-14  0.000855694      1.71792      14.1741  0.000813393      2.05381      1.61232  0.000815846      1.72585      2.49712  6.05469e-14  3.27112e-14      3.60265      2.05515  1.77579e-14  2.56907e-05       0
      9.16129      8.66667      2.04825  4.55118e-14  0.000890868      1.71661      15.7336  0.000845963      2.06138      1.60792  0.000847585      1.68653      2.57530  6.29177e-14  3.10729e-14      3.62897      2.06899  1.75438e-14  2.42310e-05       0
      9.16129      8.75000      2.06848  4.47723e-14  0.000954221      1.69910      17.5547  0.000898154      2.09821      1.59957  0.000900905      1.68945      2.53537  6.27362e-14  3.18928e-14      3.90061      2.19719  1.55552e-14  2.18186e-05       0
      9.16129      8.83333      2.23894  3.92365e-14  0.000905412      1.81232      19.1846  0.000853405      2.26699      1.59589  0.000855717      1.78515      2.74566  5.72320e-14  2.79266e-14      4.14389      2.31440  1.40631e-14  1.93330e-05       0
      9.16129      8.91667      2.31756  3.70434e-14  0.000922776      1.81863      22.5020  0.000858436      2.35443      1.58543  0.000861683      1.81241      2.94027  5.58044e-14  2.49144e-14      5.53249      2.96845  8.68750e-15  1.30451e-05       0
      9.16129      9.00000      2.31195  3.71934e-14  0.000794656      1.88527      19.1846  0.000744198      2.33007      1.60293  0.000747584      1.88844      2.94379  5.21103e-14  2.48648e-14      5.38523      2.89876  9.08702e-15  1.35987e-05       0
      9.16129      9.08333      2.23995  3.92070e-14   0.00101845      1.75935      21.0703  0.000954338      2.26792      1.58387  0.000956519      1.73933      2.84005  5.97668e-14  2.63969e-14      3.82970      2.16508  1.60382e-14  2.44400e-05       0
      9.16129      9.16667      2.14736  4.20650e-14  0.000829669      1.80548      15.6975  0.000784402      2.16049      1.60792  0.000785486      1.78425      2.63239  5.72798e-14  2.99579e-14      4.54082      2.50794  1.20746e-14  2.01824e-05       0
      9.16129      9.25000      2.18473  4.08728e-14  0.000851954      1.79537      18.3047  0.000800941      2.20753      1.60230  0.000803702      1.80356      2.66263  5.62613e-14  2.93931e-14      5.01118      2.72282  1.02454e-14  1.51482e-05       0
      9.16129      9.33333      2.14804  4.20429e-14  0.000853592      1.77868      17.5547  0.000805121      2.17116      1.60293  0.000806995      1.78004      2.64331  5.75058e-14  2.97520e-14      3.93857      2.21639  1.53061e-14  2.34454e-05       0
      9.16129      9.41667      2.01708  4.66899e-14  0.000977216      1.64772      17.5547  0.000919858      2.03521      1.60293  0.000923933      1.68675      2.57066  6.29038e-14  3.11664e-14      2.49848      1.46830  3.26816e-14  4.27467e-05       0
      9.16129      9.50000      1.66670  6.41701e-14   0.00113653      1.43794      10.2344   0.00109952      1.69705      1.61581   0.00110120      1.49713      2.05828  7.67359e-14  4.51429e-14      2.02436      1.26122  4.64106e-14  6.45587e-05       0
      9.16129      9.58333      2.19798  4.04630e-14  0.000929029      1.77132      19.1846  0.000874693      2.22338      1.59709  0.000877917      1.78204      2.71498  5.73986e-14  2.84546e-14      4.07008      2.27220  1.44908e-14  2.36998e-05       0
      9.16129      9.66667      2.37361  3.55971e-14  0.000894865      1.87293      22.2666  0.000836999      2.41049      1.58543  0.000839006      1.83395      2.93903  5.47164e-14  2.49319e-14      4.44515      2.45445  1.25108e-14  1.84544e-05       0
      9.16129      9.75000      2.12051  4.29563e-14  0.000881070      1.75116      17.5547  0.000830361      2.14364      1.60293  0.000832778      1.75516      2.56397  5.88710e-14  3.13022e-14      2.62117      1.53006  3.01720e-14  3.78095e-05       0
      9.16129      9.83333      2.08524  4.41742e-14  0.000991325      1.69088      18.3672  0.000932829      2.10551      1.59379  0.000934308      1.65718      2.58474  6.47857e-14  3.08841e-14      3.50508      2.00414  1.85894e-14  2.95669e-05       0
      9.16129      9.91667      1.06015  1.36401e-13   0.00104039      1.00327      3.64844   0.00103810      1.07515      1.65167   0.00104418      1.00562      1.14504  1.48949e-13  1.19966e-13     0.927496     0.657305  1.70442e-13  0.000258164       0
      9.16129      10.0000      2.19836  4.04513e-14  0.000827836      1.82898      17.5547  0.000783286      2.21148      1.60792  0.000785542      1.79678      2.74374  5.66159e-14  2.79592e-14      4.01535      2.25215  1.48214e-14  2.23586e-05       0
      9.16129      10.0833      1.97365  4.84150e-14  0.000908571      1.67835      13.4727  0.000871642      1.98941      1.61266  0.000872768      1.64290      2.41459  6.57272e-14  3.45958e-14      2.41426      1.45020  3.46037e-14  4.88356e-05       0
      9.16129      10.1667      1.77267  5.79047e-14  0.000974895      1.52175      11.2439  0.000929284      1.78719      1.61398  0.000930102      1.52103      2.17628  7.47365e-14  4.11373e-14      2.85540      1.68967  2.61607e-14  4.18728e-05       0
      9.16129      10.2500      2.44277  3.39333e-14  0.000926964      1.85922      26.5696  0.000858355      2.47700      1.58069  0.000863032      1.82065      2.93915  5.53843e-14  2.49303e-14      5.86636      3.12585  7.87919e-15  1.39034e-05       0
      9.16129      10.3333      2.30771  3.73072e-14  0.000794182      1.88109      19.1846  0.000744856      2.32584      1.60293  0.000748111      1.87076      2.78194  5.29339e-14  2.73222e-14      5.41373      2.91036  9.00743e-15  1.50322e-05       0
      9.16129      10.4167      2.01106  4.69231e-14  0.000916094      1.69232      14.6799  0.000871596      2.02419      1.60792  0.000872561      1.62160      2.53569  6.71725e-14  3.18861e-14      3.23561      1.87380  2.12407e-14  3.44678e-05       0
      9.16129      10.5000      2.22487  3.96512e-14  0.000814038      1.85551      17.5547  0.000773057      2.23799      1.60792  0.000774747      1.82941      2.80368  5.49426e-14  2.69701e-14      3.53021      2.01796  1.83694e-14  3.04359e-05       0
      9.16129      10.5833      2.05743  4.51737e-14  0.000751432      1.78619      13.0156  0.000718996      2.07618      1.61917  0.000719924      1.75454      2.46192  5.89057e-14  3.34945e-14      2.53676      1.50619  3.18638e-14  3.94122e-05       0
      9.16129      10.6667      2.16716  4.14265e-14  0.000724983      1.85972      14.0023  0.000689071      2.19100      1.61646  0.000690856      1.84899      2.62542  5.39763e-14  3.00907e-14      4.01995      2.25338  1.47932e-14  2.33134e-05       0
      9.16129      10.7500      2.27318  3.82566e-14  0.000772314      1.87973      18.0117  0.000727526      2.28630      1.60792  0.000730366      1.86427      2.79314  5.32414e-14  2.71399e-14      4.36150      2.41487  1.29132e-14  2.12435e-05       0
      9.16129      10.8333      2.04056  4.57981e-14  0.000808391      1.76931      13.0156  0.000780197      2.05930      1.61917  0.000780963      1.66989      2.49416  6.39658e-14  3.27758e-14      2.50371      1.50700  3.25678e-14  5.97467e-05       0
      9.16129      10.9167      2.27956  3.80784e-14  0.000848880      1.85621      19.4404  0.000797711      2.30759      1.59589  0.000799283      1.77674      2.74622  5.76842e-14  2.79171e-14      4.34424      2.41301  1.29989e-14  2.74394e-05       0
      9.16129      11.0000      2.00798  4.70433e-14  0.000843736      1.71580      13.6211  0.000804311      2.01997      1.61538  0.000805851      1.63556      2.43920  6.62190e-14  3.40159e-14      3.03606      1.78183  2.36182e-14  5.52352e-05       0
      9.16129      11.0833      2.47041  3.33029e-14  0.000760939      1.98980      21.0703  0.000714802      2.49845      1.59589  0.000716840      1.93015      2.97273  5.02469e-14  2.44627e-14      4.86511      2.66041  1.07632e-14  1.88583e-05       0
      9.16129      11.1667      1.90441  5.13839e-14  0.000889301      1.61317      13.7656  0.000841059      1.92017      1.61266  0.000843563      1.60422      2.35732  6.83896e-14  3.60080e-14      3.42629      1.96415  1.93073e-14  2.99741e-05       0
      9.16129      11.2500      2.14939  4.19989e-14  0.000980342      1.72277      19.1846  0.000920708      2.16966      1.59379  0.000923520      1.70132      2.70792  6.20086e-14  2.85784e-14      3.76988      2.13363  1.64645e-14  2.58365e-05       0
      9.16129      11.3333      1.80024  5.64344e-14  0.000767725      1.59149      9.98438  0.000731242      1.81536      1.62722  0.000732965      1.64424      2.12069  6.56379e-14  4.29504e-14      3.27318      1.89546  2.08359e-14  3.64724e-05       0
      9.16129      11.4167      1.13965  1.20915e-13   0.00155633      1.02214      6.71875   0.00152991      1.16230      1.62573   0.00152986      1.01480      1.35182  1.46711e-13  9.09695e-14      1.09461     0.754607  1.29320e-13  0.000273224       0
      9.16129      11.5000      2.00143  4.73001e-14  0.000709184      1.76320      10.8402  0.000680541      2.01518      1.62417  0.000680793      1.80788      2.38624  5.60374e-14  3.52836e-14      3.10514      1.80849  2.27489e-14  4.15884e-05       0
      9.16129      11.5833      1.92478  5.04807e-14  0.000790189      1.67362      11.8193  0.000754991      1.94104      1.62042  0.000756204      1.69908      2.39999  6.21449e-14  3.49472e-14      3.09108      1.80482  2.29216e-14  3.84869e-05       0
      9.16129      11.6667      1.76004  5.85991e-14  0.000707091      1.58452      9.00909  0.000682879      1.77879      1.63042  0.000682849      1.56569      2.04813  7.12178e-14  4.55164e-14      2.15204      1.32452  4.19126e-14  6.60306e-05       0
      9.16129      11.7500      1.45311  8.06488e-14  0.000715204      1.34646      6.55286  0.000702735      1.46061      1.64667  0.000703059      1.36583      1.70423  8.94199e-14  6.18321e-14      1.74536      1.11986  5.94231e-14  9.88435e-05       0
      9.16129      11.8333      1.48433  7.78418e-14  0.000899659      1.32183      7.78125  0.000854523      1.50167      1.62761  0.000855790      1.36811      1.75965  8.91718e-14  5.86208e-14      2.55210      1.53323  3.15452e-14  4.86124e-05       0
      9.16129      11.9167      1.95538  4.91711e-14   0.00102818      1.59889      16.5010  0.000973862      1.98343      1.59589  0.000975135      1.51910      2.40416  7.48949e-14  3.48462e-14      2.38351      1.45402  3.53508e-14  0.000114179       0
      9.16129      12.0000      1.65017  6.52449e-14   0.00124988      1.37892      13.0156   0.00119315      1.66954      1.60043   0.00119375      1.32969      2.02559  9.35069e-14  4.63634e-14      1.99919      1.25651  4.73885e-14  0.000132764       0
      9.16129      12.0833      1.35719  9.03712e-14  0.000690357      1.25053      6.55286  0.000664260      1.36719      1.64417  0.000665375      1.29837      1.55551  9.72962e-14  7.19962e-14      1.88854      1.19172  5.21057e-14  0.000101970       0
      9.16129      12.1667      1.67383  6.37155e-14  0.000983291      1.44508      10.2344  0.000938717      1.69258      1.61917  0.000941270      1.47089      2.10002  7.90308e-14  4.36572e-14      2.45422      1.48392  3.36699e-14  5.70919e-05       0
      9.16129      12.2500      2.02880  4.62414e-14  0.000894212      1.69050      15.9545  0.000841729      2.04192      1.60792  0.000844658      1.70021      2.45351  6.20761e-14  3.36860e-14      4.30128      2.38884  1.32160e-14  2.23514e-05       0
      9.16129      12.3333      1.38309  8.75681e-14   0.00149791      1.18263      9.17773   0.00144131      1.39536      1.61321   0.00144282      1.17877      1.65943  1.14301e-13  6.46393e-14      1.65369      1.07129  6.50137e-14  0.000130672       0
      9.16129      12.4167      1.82819  5.50041e-14  0.000783303      1.61945      9.98438  0.000754015      1.85084      1.62573  0.000754891      1.67142      2.15238  6.38684e-14  4.19016e-14      2.66635      1.59211  2.93247e-14  4.31194e-05       0
      9.16129      12.5000      1.10175  1.27926e-13   0.00177518     0.974246      6.71875   0.00173615      1.11549      1.62417   0.00173656     0.996272      1.35146  1.51286e-13  9.10106e-14      1.11253     0.765195  1.25865e-13  0.000210037       0
      9.16129      12.5833      1.18195  1.13788e-13   0.00268138     0.923738      11.7878   0.00252927      1.21108      1.56908   0.00253130     0.918825      1.50258  1.73131e-13  7.62721e-14      1.39699     0.932493  8.61203e-14  0.000205981       0
      9.16129      12.6667      1.74040  5.97053e-14   0.00129032      1.41455      14.0900   0.00122050      1.76236      1.59746   0.00122430      1.42274      2.13218  8.35384e-14  4.25652e-14      2.61021      1.56434  3.03834e-14  5.23007e-05       0
      9.16129      12.7500      1.01520  1.46615e-13   0.00322311     0.816723      9.54736   0.00309929      1.04930      1.57332   0.00309657     0.903667      1.25874  1.77998e-13  1.02455e-13     0.799083     0.579190  2.18495e-13  0.000518864       0
      9.16129      12.8333      2.19830  4.04529e-14  0.000762597      1.84352      16.7512  0.000719522      2.22039      1.61101  0.000722425      1.87771      2.73793  5.26074e-14  2.80582e-14      4.38421      2.42674  1.28020e-14  2.35774e-05       0
      9.16129      12.9167      1.88681  5.21854e-14  0.000722605      1.65188      10.9912  0.000683392      1.90056      1.62417  0.000685271      1.68741      2.26178  6.28630e-14  3.85786e-14      3.71469      2.10786  1.68743e-14  3.10558e-05       0
      9.16129      13.0000      1.20243  1.10576e-13   0.00172461      1.03114      8.60706   0.00167173      1.21625      1.61095   0.00167136     0.987670      1.46763  1.53489e-13  7.93236e-14      1.41518     0.951265  8.42838e-14  0.000250420       0
      9.16129      13.0833      1.57485  7.05280e-14   0.00152711      1.27861      13.8281   0.00143981      1.60205      1.59105   0.00144299      1.29462      1.93635  9.77665e-14  4.99793e-14      2.19733      1.35613  4.04827e-14  7.44541e-05       0
      9.16129      13.1667      2.22666  3.95980e-14  0.000772160      1.85730      17.5547  0.000728603      2.24672      1.60892  0.000731223      1.88302      2.70672  5.23606e-14  2.85995e-14      4.65826      2.55701  1.15715e-14  2.31848e-05       0
      9.16129      13.2500      2.36222  3.58836e-14  0.000984604      1.79161      25.3022  0.000910115      2.38874      1.57629  0.000913707      1.75010      2.88614  5.91550e-14  2.56981e-14      5.55915      2.97516  8.61817e-15  1.79475e-05       0
      9.16129      13.3333     0.891915  1.81924e-13   0.00446948     0.683222      10.2747   0.00420814     0.942376      1.54887   0.00421398     0.676236      1.16625  2.88580e-13  1.16353e-13     0.864233     0.618489  1.91739e-13  0.000428647       0
      9.16129      13.4167      1.06509  1.35347e-13   0.00280165     0.867344      9.98505   0.00265767      1.09296      1.58050   0.00265951     0.853027      1.45217  1.95956e-13  8.07360e-14      1.24932     0.846148  1.03747e-13  0.000273521       0
      9.16129      13.5000      1.18387  1.13480e-13   0.00138702      1.07254      5.96191   0.00137072      1.21012      1.62917   0.00137068      1.01852      1.46606  1.45819e-13  7.94652e-14      1.37834     0.938797  8.80715e-14  0.000357803       0
      9.16129      13.5833      1.95815  4.90552e-14   0.00124787      1.53149      19.1846   0.00117840      1.98730      1.58103   0.00118018      1.46222      2.48919  7.98130e-14  3.28850e-14      2.37750      1.45809  3.55000e-14  8.33993e-05       0
      9.16129      13.6667      1.68640  6.29258e-14  0.000670835      1.51772      8.53809  0.000638645      1.70296      1.63480  0.000640909      1.60994      1.98277  6.79853e-14  4.80444e-14      2.82880      1.67025  2.65721e-14  4.76167e-05       0
      9.16129      13.7500      1.26871  1.01117e-13   0.00130554      1.13028      7.32422   0.00126960      1.28246      1.62417   0.00126934      1.11928      1.58190  1.24603e-13  7.00055e-14      1.50559     0.995592  7.60183e-14  0.000181165       0
      9.16129      13.8333      1.72263  6.07352e-14   0.00122369      1.40530      14.1850   0.00115030      1.74458      1.59746   0.00115363      1.36966      2.15520  8.90038e-14  4.18104e-14      2.57860      1.55037  3.10067e-14  8.20742e-05       0
      9.16129      13.9167      1.30479  9.64995e-14   0.00180784      1.08605      9.98438   0.00172757      1.32065      1.59902   0.00172873      1.10885      1.69080  1.26563e-13  6.26532e-14      1.54741      1.01019  7.26254e-14  0.000179551       0
      9.16129      14.0000      1.44023  8.18542e-14   0.00196821      1.14399      13.8281   0.00185927      1.46675      1.57629   0.00186023      1.10660      1.80235  1.26993e-13  5.63243e-14      1.71986      1.11064  6.08987e-14  0.000136621       0
      9.16129      14.0833     0.730775  2.53585e-13   0.00515480     0.596557      6.72461   0.00497210     0.592338      1.67765   0.00497875     0.684409     0.865368  2.82859e-13  1.91320e-13     0.831209     0.624960  2.04603e-13   0.00116449       0
      9.16129      14.1667      2.15956  4.16696e-14  0.000715730      1.84128      13.9182  0.000674762      2.17406      1.61398  0.000676088      1.84613      2.57849  5.41161e-14  3.10089e-14      4.85647      2.64410  1.07951e-14  1.74829e-05       0
      9.16129      14.2500     0.774269  2.30291e-13   0.00183408     0.710909      3.59277   0.00181245     0.726768      1.67167   0.00181567     0.831232     0.904417  2.04594e-13  1.77752e-13     0.797524     0.578090  2.19208e-13  0.000418679       0
      9.16129      14.3333      1.38172  8.77125e-14   0.00137474      1.20450      9.15674   0.00132368      1.39820      1.61527   0.00132379      1.19196      1.64121  1.12200e-13  6.58400e-14      1.86188      1.17742  5.33550e-14  0.000100836       0
      9.16129      14.4167      1.60224  6.85307e-14   0.00145231      1.32098      13.2656   0.00138633      1.61199      1.60058   0.00138816      1.28876      1.97182  9.85086e-14  4.84897e-14      1.93237      1.22203  5.01508e-14  0.000127625       0
      9.16129      14.5000      2.48093  3.30678e-14  0.000819607      1.96921      22.6705  0.000763576      2.50780      1.59043  0.000766085      1.93901      3.15989  4.98648e-14  2.20958e-14      6.34480      3.33359  6.91406e-15  1.17342e-05       0
      9.16129      14.5833      2.45830  3.35766e-14  0.000793488      1.97767      21.0703  0.000743820      2.47857      1.59379  0.000745259      1.94674      3.01691  4.95353e-14  2.38685e-14      5.08717      2.75299  9.99160e-15  1.77011e-05       0
      9.16129      14.6667      2.12799  4.27052e-14  0.000826994      1.77321      16.7512  0.000777380      2.14111      1.60792  0.000779993      1.77486      2.63241  5.77861e-14  2.99576e-14      4.86957      2.65780  1.07468e-14  1.84376e-05       0
      9.16129      14.7500      2.50176  3.26101e-14  0.000799839      1.99008      22.6705  0.000746542      2.53333      1.58980  0.000748534      1.96415      3.08813  4.88058e-14  2.29581e-14      5.99013      3.17468  7.60972e-15  1.17375e-05       0
      9.16129      14.8333      1.99560  4.75308e-14  0.000851491      1.69935      13.8281  0.000804709      2.01644      1.61232  0.000806651      1.72013      2.39152  6.08829e-14  3.51538e-14      4.21723      2.34514  1.36579e-14  2.20245e-05       0
      9.16129      14.9167      2.21631  3.99065e-14  0.000853970      1.82190      18.3672  0.000803110      2.23444      1.60293  0.000805711      1.80495      2.67024  5.61891e-14  2.92536e-14      4.56746      2.51090  1.19574e-14  1.93928e-05       0
      9.16129      15.0000      2.08768  4.40883e-14  0.000749467      1.79418      13.9580  0.000709720      2.11152      1.61646  0.000711781      1.81427      2.51185  5.57091e-14  3.23920e-14      4.70181      2.57808  1.13934e-14  2.14953e-05       0
      9.16129      15.0833      2.31815  3.70277e-14  0.000870871      1.85755      20.8203  0.000811713      2.35003      1.59043  0.000813795      1.86034      2.78258  5.34290e-14  2.73117e-14      6.49105      3.40496  6.65637e-15  1.27659e-05       0
      9.16129      15.1667      2.32034  3.69694e-14  0.000875121      1.85971      20.8203  0.000816808      2.35222      1.59043  0.000818778      1.86704      2.86880  5.31096e-14  2.59574e-14      6.19257      3.26831  7.19964e-15  1.27180e-05       0
      9.16129      15.2500      2.41971  3.44739e-14  0.000765638      1.97785      19.7109  0.000716570      2.44292      1.60021  0.000718748      1.97744      2.97075  4.82601e-14  2.44898e-14      6.69290      3.49724  6.32516e-15  1.18606e-05       0
      9.16129      15.3333      2.48745  3.29234e-14  0.000836105      1.96907      22.8914  0.000782123      2.51433      1.59043  0.000784663      1.92824      3.09068  5.03300e-14  2.29266e-14      5.17735      2.80022  9.70325e-15  1.46991e-05       0
      9.16129      15.4167      2.00098  4.73177e-14  0.000683387      1.77358      10.6743  0.000656924      2.02309      1.62652  0.000657682      1.76991      2.43182  5.80554e-14  3.41882e-14      3.10097      1.80563  2.27999e-14  2.98128e-05       0
      9.16129      15.5000      2.03859  4.58718e-14  0.000707977      1.78743      11.8193  0.000681423      2.05371      1.62722  0.000683224      1.76727      2.43022  5.82004e-14  3.42257e-14      3.16673      1.83760  2.20163e-14  3.17224e-05       0
      9.16129      15.5833      1.88792  5.21344e-14  0.000697933      1.67917      9.98438  0.000667549      1.90581      1.62683  0.000667876      1.72666      2.24179  6.04992e-14  3.91537e-14      3.30929      1.90539  2.04583e-14  2.76273e-05       0
      9.16129      15.6667      1.93102  5.02094e-14  0.000878318      1.65976      13.0156  0.000841423      1.96137      1.61581  0.000843486      1.62440      2.33004  6.69795e-14  3.67133e-14      2.89025      1.70044  2.56372e-14  3.54773e-05       0
      9.16129      15.7500      1.97057  4.85412e-14  0.000792700      1.71895      12.0239  0.000759362      1.99431      1.61917  0.000760161      1.70607      2.36538  6.17210e-14  3.58038e-14      3.26661      1.88850  2.09058e-14  3.12018e-05       0
      9.16129      15.8333      2.03397  4.60457e-14  0.000732336      1.76273      13.0156  0.000697030      2.05303      1.61980  0.000698577      1.72683      2.49464  6.04897e-14  3.27653e-14      3.58765      2.04517  1.78818e-14  2.69922e-05       0
      9.16129      15.9167      2.19499  4.05548e-14  0.000758858      1.86919      15.6322  0.000724154      2.20698      1.61538  0.000725649      1.82808      2.68858  5.50094e-14  2.89217e-14      3.57494      2.03774  1.79879e-14  2.36104e-05       0
      9.16129      16.0000      1.96248  4.88749e-14  0.000834146      1.69124      13.0156  0.000800158      1.98155      1.61980  0.000802311      1.68597      2.38322  6.29525e-14  3.53580e-14      2.81490      1.66856  2.67911e-14  5.62781e-05       0
      9.16129      16.0833      1.12517  1.23519e-13   0.00164380      1.01510      5.45300   0.00162420      1.15142      1.62917   0.00162455     0.963022      1.30314  1.60092e-13  9.67036e-14      1.08242     0.747497  1.31756e-13  0.000198392       0
      9.16129      16.1667      1.35822  9.02565e-14  0.000828177      1.25283      6.04395  0.000813459      1.37572      1.64167  0.000813601      1.28042      1.57584  9.95801e-14  7.04545e-14      1.53612     0.998725  7.35169e-14  9.03633e-05       0
      9.16129      16.2500      2.46211  3.34902e-14  0.000632380      2.07273      18.3047  0.000599371      2.47786      1.61266  0.000600985      2.07196      2.98722  4.46472e-14  2.42652e-14      3.06704      1.74647  2.32219e-14  3.09734e-05       0
      9.16129      16.3333      1.97443  4.83830e-14  0.000716871      1.76239      10.2285  0.000699421      2.00068      1.62917  0.000699921      1.75929      2.35075  5.86408e-14  3.61758e-14      2.40937      1.45655  3.47208e-14  4.43254e-05       0
      9.16129      16.4167      1.99237  4.76593e-14  0.000885830      1.69613      13.8281  0.000849802      2.01698      1.60961  0.000850317      1.67326      2.43921  6.37517e-14  3.40157e-14      2.44154      1.47021  3.39617e-14  4.65168e-05       0
      9.16129      16.5000     0.907671  1.76691e-13   0.00140813     0.843297      3.58594   0.00139890     0.910171      1.65167   0.00140151     0.868307      1.04471  1.90242e-13  1.39777e-13      1.05581     0.742805  1.37336e-13  0.000299579       0
      9.16129      16.5833     0.985115  1.54153e-13   0.00236951     0.867616      6.71875   0.00231170     0.999626      1.61398   0.00231064     0.834052      1.20199  2.03442e-13  1.10645e-13     0.975978     0.686465  1.56565e-13  0.000258068       0
      9.16129      16.6667      1.56204  7.14950e-14  0.000649949      1.45402      6.11292  0.000643126      1.57454      1.64667  0.000643112      1.50777      1.81741  7.58353e-14  5.55490e-14      1.66908      1.07462  6.40180e-14  0.000105821       0
      9.16129      16.7500      1.29659  9.75191e-14   0.00205528      1.04006      11.6401   0.00195366      1.32988      1.58199   0.00195429      1.09985      1.58824  1.28295e-13  6.95402e-14      1.54117      1.01267  7.31161e-14  0.000157852       0
      9.16129      16.8333      1.74489  5.94495e-14  0.000559785      1.60333      7.17578  0.000544169      1.76239      1.64167  0.000544500      1.66026      2.02488  6.45859e-14  4.63905e-14      2.37659      1.44376  3.55228e-14  5.03008e-05       0
      9.16129      16.9167      1.94197  4.97382e-14  0.000638206      1.71323      10.2344  0.000605329      1.95932      1.62761  0.000607174      1.75840      2.31902  5.86901e-14  3.70046e-14      3.72677      2.11115  1.67832e-14  2.64207e-05       0
      9.16129      17.0000      1.72519  6.05855e-14  0.000598041      1.61717      6.11292  0.000595909      1.72769      1.65167  0.000596325      1.65575      1.85126  6.48789e-14  5.38662e-14      1.74101      1.11692  5.96703e-14  0.000154831       0
      9.16129      17.0833      1.46298  7.97441e-14  0.000830438      1.33065      6.71460  0.000804146      1.48391      1.63355  0.000803787      1.33871      1.70610  9.24595e-14  6.17194e-14      1.90848      1.20000  5.12016e-14  8.59780e-05       0
      9.16129      17.1667      2.24143  3.91640e-14  0.000662865      1.94515      13.8281  0.000634767      2.25768      1.62167  0.000636027      1.95712      2.67686  4.90985e-14  2.91331e-14      3.59758      2.04524  1.77997e-14  2.68934e-05       0
      9.16129      17.2500      2.00800  4.70423e-14  0.000580886      1.79926      9.98438  0.000554610      2.02675      1.63167  0.000555583      1.85117      2.38706  5.38708e-14  3.52634e-14      3.75074      2.12283  1.66048e-14  2.48577e-05       0
      9.16129      17.3333      1.99203  4.76728e-14  0.000653973      1.78328      9.98438  0.000631183      2.01074      1.63066  0.000631721      1.79580      2.39638  5.66672e-14  3.50350e-14      2.87184      1.69096  2.59117e-14  3.41660e-05       0
      9.16129      17.4167      1.93768  4.99219e-14  0.000642637      1.72893      9.98438  0.000614007      1.95640      1.63066  0.000615445      1.78007      2.31313  5.75044e-14  3.71618e-14      3.47789      1.98850  1.88323e-14  2.45244e-05       0
      9.16129      17.5000      1.99584  4.75211e-14  0.000803696      1.72459      13.0156  0.000770649      2.01490      1.61980  0.000772378      1.73717      2.42347  5.98906e-14  3.43847e-14      3.05412      1.78409  2.33858e-14  3.22700e-05       0
      9.16129      17.5833      2.26287  3.85476e-14  0.000738467      1.89351      17.5547  0.000700126      2.28371      1.61232  0.000703016      1.91962      2.71185  5.07074e-14  2.85093e-14      4.19484      2.33787  1.37796e-14  2.06359e-05       0
      9.16129      17.6667      2.07773  4.44407e-14  0.000665115      1.82655      11.8193  0.000639281      2.09984      1.62652  0.000640891      1.84433      2.50231  5.42042e-14  3.25981e-14      3.28985      1.90263  2.06602e-14  3.16958e-05       0
      9.16129      17.7500      2.04909  4.54806e-14  0.000783277      1.75377      13.4727  0.000743528      2.07293      1.61646  0.000746087      1.79763      2.52098  5.65712e-14  3.21968e-14      4.07540      2.27830  1.44592e-14  2.35482e-05       0
      9.16129      17.8333      2.25366  3.88105e-14  0.000813705      1.86336      18.1602  0.000768126      2.27679      1.60293  0.000769881      1.85223      2.75788  5.38191e-14  2.77207e-14      4.30471      2.38831  1.31984e-14  1.90470e-05       0
      9.16129      17.9167     0.969679  1.58264e-13   0.00136590     0.900305      4.00000   0.00135400     0.980304      1.64792   0.00135361     0.960104      1.09679  1.60903e-13  1.28891e-13      1.13466     0.779984  1.21801e-13  0.000166035       0
      9.16129      18.0000     0.850546  1.96909e-13   0.00122133     0.820155      2.45020   0.00118723      1.24845      1.53323   0.00118067     0.765804     0.896582  2.34549e-13  1.80348e-13     0.723898     0.534847  2.57612e-13  0.000323344       0
      9.16129      18.0833      1.03834  1.41210e-13   0.00120497     0.988337      3.12500   0.00120188      1.05334      1.65667   0.00120742     0.964701      1.19305  1.59627e-13  1.12029e-13     0.918953     0.651649  1.73091e-13  0.000200103       0
      9.16129      18.1667      1.14543  1.19900e-13  0.000941271      1.09543      3.12500  0.000938971      1.15293      1.66542  0.000940450      1.06930      1.25354  1.34461e-13  1.03165e-13      1.05018     0.729695  1.38565e-13  0.000162663       0
      9.16129      18.2500      1.54333  7.29457e-14  0.000975190      1.42583      6.71875  0.000967298      1.56083      1.64167  0.000967000      1.36058      1.67582  8.99955e-14  6.35894e-14      1.86146      1.18725  5.33751e-14  9.34974e-05       0
      9.16129      18.3333      1.22941  1.06562e-13   0.00110040      1.15441      3.93750   0.00110062      1.23441      1.65667   0.00109916      1.09095      1.32422  1.30044e-13  9.41520e-14      1.26854     0.854308  1.01140e-13  0.000154527       0
      9.16129      18.4167     0.790966  2.22245e-13   0.00225185     0.758466      2.62500   0.00224044     0.800966      1.66667   0.00224403     0.705592     0.871053  2.68847e-13  1.89244e-13     0.621537     0.470007  3.32137e-13  0.000383538       0
      9.16129      18.5000      1.59657  6.89364e-14   0.00110360      1.41165      9.36621   0.00107747      1.61169      1.62722   0.00107854      1.34104      1.86456  9.21913e-14  5.32276e-14      1.93451      1.21617  5.00586e-14  5.92109e-05       0
      9.16129      18.5833      1.46967  7.91403e-14   0.00155494      1.21315      11.6401   0.00145537      1.48553      1.59902   0.00146064      1.24189      1.77958  1.04783e-13  5.75306e-14      4.69978      2.59876  1.14016e-14  2.99333e-05       0
      9.16129      18.6667      1.30299  9.67222e-14  0.000639399      1.25330      3.46484  0.000637346      1.30987      1.66604  0.000638670      1.23906      1.40702  1.05182e-13  8.50994e-14      1.20821     0.817897  1.09697e-13  0.000121154       0
      9.16129      18.7500      1.39166  8.66710e-14  0.000834230      1.29667      5.31250  0.000826772      1.40557      1.64698  0.000826814      1.36453      1.56461  8.95619e-14  7.12994e-14      1.54480      1.00466  7.28300e-14  8.54632e-05       0
      9.16129      18.8333      1.36703  8.92892e-14   0.00114111      1.25571      5.96191   0.00112999      1.37562      1.64011   0.00112977      1.26361      1.52037  1.01799e-13  7.47908e-14      1.62103      1.06029  6.72117e-14  0.000138161       0
      9.16129      18.9167      1.17288  1.15259e-13   0.00110047      1.10287      4.06250   0.00109851      1.19288      1.64667   0.00109889      1.12152      1.29142  1.24189e-13  9.81705e-14      1.19000     0.808440  1.12508e-13  0.000139410       0
      9.16129      19.0000      1.28338  9.91975e-14   0.00105257      1.20370      4.58984   0.00105139      1.29479      1.65323   0.00105122      1.20551      1.40882  1.10106e-13  8.49187e-14      1.25556     0.844870  1.02888e-13  0.000140288       0
      9.16129      19.0833      1.36157  8.98867e-14   0.00101382      1.26657      5.31250   0.00100687      1.36938      1.64729   0.00100670      1.28892      1.59256  9.84881e-14  6.92264e-14      1.41259     0.932751  8.45417e-14  0.000101393       0
      9.16129      19.1667      1.65735  6.47745e-14   0.00106466      1.45816      9.87311   0.00103732      1.67110      1.62417   0.00103798      1.45484      2.01458  8.04889e-14  4.67867e-14      2.00469      1.25296  4.71718e-14  6.52166e-05       0
      9.16129      19.2500      1.83589  5.46201e-14   0.00100463      1.58291      11.5840  0.000967410      1.86456      1.61214  0.000967917      1.53747      2.09074  7.34091e-14  4.39809e-14      2.57624      1.55142  3.10540e-14  5.13299e-05       0
      9.16129      19.3333      1.93366  5.00950e-14  0.000963284      1.63740      13.8281  0.000918117      1.94679      1.60792  0.000918581      1.64283      2.33932  6.57316e-14  3.64708e-14      3.14690      1.83131  2.22480e-14  2.99696e-05       0
      9.16129      19.4167      1.62585  6.68799e-14  0.000792613      1.48428      7.17578  0.000779779      1.63444      1.64011  0.000779872      1.51224      1.92201  7.54616e-14  5.06022e-14      1.95748      1.23021  4.90831e-14  7.55844e-05       0
      9.16129      19.5000      2.01650  4.67124e-14   0.00106188      1.64714      17.5547   0.00100297      2.03846      1.59746   0.00100534      1.64283      2.56114  6.57315e-14  3.13597e-14      3.66444      2.08259  1.72617e-14  2.39100e-05       0
      9.16129      19.5833      2.05110  4.54065e-14  0.000954991      1.69629      16.7512  0.000907622      2.07422      1.60293  0.000909678      1.69496      2.46960  6.23967e-14  3.33211e-14      3.16164      1.83671  2.20753e-14  2.91445e-05       0
      9.16129      19.6667      2.30139  3.74783e-14   0.00104307      1.75556      24.7485  0.000969482      2.32790      1.57629  0.000972612      1.75969      3.00069  5.86186e-14  2.40840e-14      5.22297      2.82375  9.56238e-15  1.35758e-05       0
      9.16129      19.7500      2.24263  3.91291e-14   0.00106489      1.71844      22.9928  0.000988851      2.27812      1.57937  0.000993546      1.73123      2.76595  6.02335e-14  2.75859e-14      4.97814      2.70043  1.03590e-14  1.34207e-05       0
      9.16129      19.8333      1.89516  5.18029e-14   0.00106175      1.56351      15.7336   0.00100019      1.91360      1.60355   0.00100407      1.60197      2.37462  6.85498e-14  3.55718e-14      3.83722      2.16554  1.59858e-14  2.10444e-05       0
      9.16129      19.9167      2.21520  3.99401e-14   0.00122486      1.63161      26.5696   0.00112839      2.25273      1.56744   0.00113515      1.64547      2.82994  6.55563e-14  2.65542e-14      6.00108      3.19300  7.58658e-15  1.20887e-05       0
      9.16129      20.0000     0.832303  2.04155e-13   0.00176544     0.753868      4.94922   0.00169283     0.586530      1.79042   0.00167405     0.830970     0.937182  2.04701e-13  1.67516e-13      1.30739     0.877383  9.61805e-14  0.000157687       0
      9.16129      20.0833     0.604856  3.47544e-13   0.00171547     0.499224     0.474706   0.00143378      1.27975      1.40759   0.00143541     0.600032     0.649100  3.52213e-13  3.08965e-13     0.474497     0.375246  5.20842e-13  0.000588601       0
      9.16129      20.1667      1.03393  1.42214e-13  0.000500144     0.896908     0.787363  0.000443413      1.84011      1.47573  0.000446492      1.08386      1.03862  1.31465e-13  1.41146e-13     0.888364     0.633265  1.83137e-13  0.000297574       0
      9.16129      20.2500      1.90596  5.13143e-14  0.000895065      1.65435      12.0239  0.000860710      1.92471      1.61917  0.000861916      1.66297      2.22950  6.44104e-14  3.95140e-14      2.75527      1.63287  2.77645e-14  3.88728e-05       0
      9.16129      20.3336      1.66941  6.39969e-14  0.000877669      1.50690      7.78125  0.000862414      1.69035      1.63355  0.000862659      1.56242      1.91377  7.14664e-14  5.09660e-14      2.01897      1.26300  4.66172e-14  8.75594e-05       0
      9.16129      20.4167      1.62417  6.69954e-14  0.000946976      1.46168      7.78125  0.000928195      1.65042      1.62917  0.000928218      1.51728      1.83866  7.50444e-14  5.44830e-14      1.96287      1.23338  4.88590e-14  9.65226e-05       0
      9.16129      20.5000      1.62001  6.72818e-14   0.00104142      1.42806      9.33466   0.00101145      1.63376      1.62417   0.00101200      1.43413      1.91568  8.24360e-14  5.08812e-14      1.97235      1.22938  4.84680e-14  5.91247e-05       0
      9.16129      20.5833      1.80844  5.60086e-14  0.000995943      1.55726      11.8193  0.000960458      1.83491      1.61476  0.000961680      1.57668      2.06343  7.03922e-14  4.49551e-14      2.44001      1.47636  3.39971e-14  5.48598e-05       0
      9.16129      20.6667      1.91971  5.07034e-14   0.00101372      1.62753      13.6211  0.000973788      1.94180      1.61101  0.000975488      1.62838      2.32176  6.67069e-14  3.69316e-14      2.67795      1.59772  2.91132e-14  3.92447e-05       0
      9.16129      20.7500      1.56124  7.15559e-14   0.00102151      1.38045      9.21289  0.000986948      1.58389      1.62573  0.000988872      1.43779      1.84271  8.20858e-14  5.42834e-14      2.19465      1.34715  4.05652e-14  5.18656e-05       0
      9.16129      20.8333      1.94298  4.96953e-14  0.000944779      1.64766      13.4727  0.000904180      1.95746      1.61214  0.000905744      1.64002      2.36782  6.59193e-14  3.57422e-14      2.86804      1.69102  2.59688e-14  3.20206e-05       0
      9.16129      20.9167      1.74251  5.95848e-14  0.000820992      1.55055      9.33466  0.000791934      1.75986      1.62761  0.000792605      1.58811      2.09399  6.95493e-14  4.38671e-14      2.72782      1.61889  2.82316e-14  3.84536e-05       0
      9.16129      21.0000      1.90184  5.15000e-14  0.000957841      1.60652      13.4727  0.000910897      1.92268      1.61232  0.000914015      1.62880      2.22232  6.66782e-14  3.97269e-14      3.26182      1.88755  2.09570e-14  2.83438e-05       0
      9.16129      21.0833      1.92640  5.04100e-14  0.000481742      1.78390      7.53125  0.000469517      1.93640      1.64292  0.000468718      1.86019      2.13970  5.34362e-14  4.23164e-14      2.67496      1.59510  2.91676e-14  3.75813e-05       0
      9.16129      21.1667      1.65281  6.50713e-14  0.000821754      1.51031      7.53125  0.000804541      1.66399      1.63598  0.000803665      1.52626      1.92622  7.43104e-14  5.04179e-14      2.09513      1.29762  4.38271e-14  5.30014e-05       0
      9.16129      21.2500      2.10862  4.33608e-14  0.000894877      1.75384      16.7512  0.000850983      2.12174      1.60792  0.000853231      1.75380      2.65390  5.89470e-14  2.95544e-14      3.39577      1.95162  1.95974e-14  2.73476e-05       0
      9.16129      21.3333      1.18115  1.13917e-13  0.000651746      1.10302      4.53906  0.000638702      1.18365      1.65167  0.000637959      1.22561      1.34832  1.07114e-13  9.13635e-14      1.50509     0.983759  7.60602e-14  0.000113525       0
      9.16129      21.4167      2.15671  4.17616e-14  0.000812415      1.81841      15.9545  0.000775931      2.18132      1.60961  0.000777363      1.81177      2.71990  5.58372e-14  2.83689e-14      3.25366      1.88025  2.10447e-14  2.74711e-05       0
      9.16129      21.5000      2.24622  3.90248e-14  0.000679370      1.95405      13.6211  0.000653997      2.26997      1.61917  0.000654492      1.94568      2.74768  4.95804e-14  2.78924e-14      3.27792      1.90011  2.07857e-14  3.04444e-05       0
      9.16129      21.5833      1.88042  5.24813e-14  0.000666063      1.71175      8.53809  0.000653592      1.89378      1.63901  0.000653919      1.68887      2.20584  6.27727e-14  4.02229e-14      2.29022      1.39842  3.77832e-14  4.99067e-05       0
      9.16129      21.6667      1.08391  1.31455e-13  0.000414436      1.04410      2.89795  0.000402406      1.38032      1.58285  0.000401736      1.08672      1.12979  1.30887e-13  1.22677e-13      1.05238     0.729103  1.38084e-13  0.000199697       0
      9.16129      21.7500     0.822001  2.08437e-13  0.000921638     0.635203     0.342227  0.000675143      2.27528      1.34884  0.000681558     0.781216     0.870188  2.26888e-13  1.89557e-13     0.618459     0.468096  3.34897e-13  0.000412679       0
      9.16129      21.8333     0.967825  1.58770e-13   0.00201311     0.851696      7.15869   0.00193525     0.981577      1.62417   0.00194192     0.923042      1.12905  1.71815e-13  1.22812e-13      1.47960     0.967126  7.82567e-14  0.000100621       0
      9.16129      22.0000      1.53872  7.33097e-14   0.00108436      1.39623      7.53125   0.00107122      1.56498      1.62917   0.00107110      1.34558      1.80698  9.16743e-14  5.60843e-14      1.51883     0.990567  7.49169e-14  0.000101060       0
      9.16129      22.0833      1.98512  4.79496e-14  0.000623564      1.77638      9.98438  0.000596849      2.00383      1.63066  0.000597640      1.82953      2.28229  5.49368e-14  3.80024e-14      3.52806      2.01876  1.83880e-14  2.55567e-05       0
      9.16129      22.1667      2.16477  4.15026e-14  0.000550112      1.91774      11.6660  0.000523397      2.18212      1.62761  0.000524266      1.98078      2.53663  4.81246e-14  3.18664e-14      4.54449      2.50412  1.20583e-14  1.66251e-05       0
      9.16129      22.2500      1.83240  5.47935e-14  0.000534134      1.72439      6.11292  0.000531654      1.84381      1.65323  0.000531530      1.70211      2.06972  6.19608e-14  4.47275e-14      1.99046      1.24132  4.77354e-14  5.18465e-05       0
      9.16129      22.3333      2.12493  4.28075e-14  0.000616760      1.91617      9.98438  0.000602574      2.14118      1.63417  0.000602822      1.88504      2.52509  5.22671e-14  3.21095e-14      2.60930      1.56158  3.04011e-14  3.82705e-05       0
      9.16129      22.4167      1.44980  8.09557e-14  0.000436605      1.39629      3.30176  0.000433663      1.45980      1.66667  0.000435333      1.43415      1.56208  8.24334e-14  7.14920e-14      1.42909     0.942322  8.29207e-14  0.000100306       0
      9.16129      22.5000      1.97501  4.83592e-14  0.000385416      1.87519      5.05835  0.000384206      1.98001      1.65667  0.000383906      1.89935      2.14992  5.16126e-14  4.19815e-14      2.39956      1.46835  3.49576e-14  5.05155e-05       0
      9.16129      22.5833      2.17722  4.11080e-14  0.000469912      1.99643      9.21289  0.000460911      2.18722      1.64417  0.000461396      2.05122      2.47912  4.54019e-14  3.31080e-14      2.75611      1.63432  2.77503e-14  3.50623e-05       0
      9.16129      22.6667      2.16876  4.13754e-14  0.000822089      1.79940      17.5547  0.000771529      2.18188      1.60792  0.000774807      1.85335      2.60474  5.37649e-14  3.04898e-14      5.73294      3.06584  8.18716e-15  1.38440e-05       0
      9.16129      22.7500      1.93632  4.99805e-14  0.000894106      1.66508      13.0156  0.000862626      1.96500      1.61214  0.000862958      1.61552      2.34652  6.75939e-14  3.62847e-14      2.36326      1.43952  3.58571e-14  6.81838e-05       0
      9.16129      22.8333      1.99591  4.75184e-14  0.000889960      1.70059      13.4727  0.000854945      2.01736      1.61497  0.000856742      1.71973      2.39514  6.09064e-14  3.50652e-14      2.91279      1.71191  2.53074e-14  3.13747e-05       0
      9.16129      22.9167      1.76716  5.82060e-14  0.000651307      1.62561      7.17578  0.000640083      1.77717      1.64417  0.000640340      1.65517      2.06131  6.49171e-14  4.50323e-14      2.15919      1.33183  4.16815e-14  6.90449e-05       0
      9.16129      23.0000      1.81854  5.54914e-14  0.000526880      1.67275      7.77539  0.000511098      1.83604      1.64167  0.000511415      1.76978      2.07510  5.80626e-14  4.45347e-14      2.58529      1.54858  3.08730e-14  4.19221e-05       0
      9.16129      23.0833      1.86295  5.33041e-14  0.000501917      1.74544      6.71875  0.000496267      1.87232      1.64886  0.000495860      1.77406      2.14778  5.78296e-14  4.20514e-14      2.26187      1.38731  3.85759e-14  4.85901e-05       0
      9.16129      23.1667      2.07353  4.45907e-14  0.000984211      1.70415      17.5547  0.000934813      2.10326      1.59957  0.000936885      1.68193      2.54714  6.32047e-14  3.16477e-14      2.55248      1.51675  3.15374e-14  3.65392e-05       0
      9.16129      23.2500      1.96178  4.89039e-14  0.000971291      1.66960      13.6211  0.000939453      1.98263      1.61232  0.000940332      1.59926      2.42546  6.87431e-14  3.43377e-14      2.39357      1.46045  3.51036e-14  5.45201e-05       0
      9.16129      23.3333     0.748869  2.43455e-13   0.00129249     0.716168      14.0509   0.00125145     0.718869      1.66792   0.00124711     0.770948     0.790436  2.31946e-13  2.22494e-13     0.934219     0.659616  1.68402e-13  0.000227524       0
      9.16129      23.4167      1.35744  9.03434e-14   0.00128617      1.23993      6.71875   0.00126982      1.37400      1.63480   0.00126940      1.14521      1.63474  1.19937e-13  6.62749e-14      1.61143      1.05067  6.78804e-14  0.000127681       0
      9.16129      23.5000      1.36260  8.97735e-14   0.00102932      1.21010      8.03125  0.000970951      1.37463      1.62948  0.000975368      1.27919      1.50566  9.97407e-14  7.60121e-14      3.05698      1.78718  2.33493e-14  3.63386e-05       0
      9.16129      23.5833      1.43631  8.22273e-14   0.00189987      1.14098      13.4727   0.00176380      1.46170      1.58374   0.00177264      1.21167      1.78531  1.09174e-13  5.72231e-14      5.28921      2.84621  9.36362e-15  1.35105e-05       0
      9.16129      23.6667      1.94303  4.96932e-14  0.000904105      1.65177      13.7656  0.000863161      1.95879      1.61266  0.000864640      1.68353      2.42656  6.31048e-14  3.43119e-14      3.19019      1.85126  2.17471e-14  3.54610e-05       0
      9.16129      23.7500      1.49075  7.72840e-14  0.000755226      1.40887      4.46094  0.000754302      1.50575      1.65167  0.000755293      1.39047      1.71233  8.67943e-14  6.13455e-14      1.41333     0.932211  8.44679e-14  9.46440e-05       0
      9.16129      23.8333      2.06929  4.47431e-14  0.000657688      1.82226      11.6660  0.000631241      2.07874      1.62745  0.000632359      1.87058      2.41168  5.29421e-14  3.46653e-14      3.63105      2.06704  1.75270e-14  2.39675e-05       0
      9.16129      23.9167      2.26135  3.85906e-14  0.000618325      1.99012      13.0156  0.000595482      2.27511      1.62417  0.000595730      1.97280      2.67347  4.84497e-14  2.91947e-14      3.52526      2.01569  1.84124e-14  2.25674e-05       0
