      9.16129      0.00000     0.466427  5.35947e-13   0.00225582     0.448052      1.60885   0.00179166      1.06135      1.36702   0.00168543     0.447584     0.527921  5.74078e-13  4.35994e-13     0.364677     0.301938  8.07698e-13   0.00112819       0
      9.16129    0.0833333      1.15181  1.18794e-13  0.000921190      1.08118      3.87500  0.000918873      1.16650      1.65104  0.000919585      1.05109      1.51367  1.38367e-13  7.53430e-14      1.35236     0.907972  9.09095e-14  0.000179707       0
      9.16129     0.166944     0.616004  3.37124e-13   0.00186285     0.517788     0.619145   0.00173640     0.626004      1.67167   0.00180690     0.582985     0.657354  3.69545e-13  3.02526e-13     0.520077     0.407375  4.47008e-13  0.000871102       0
      9.16129     0.250000     0.351450  8.58993e-13   0.00860790     0.201329     0.130199   0.00796289      1.20853      1.20717   0.00800290     0.292197     0.413892  1.16852e-12  6.54060e-13     0.219427     0.197315  1.88341e-12   0.00315868       0
      9.16129     0.333333     0.489405  4.94670e-13   0.00154593     0.412498     0.648330   0.00124568     0.841515      1.45282   0.00126723     0.478446     0.548735  5.13697e-13  4.08781e-13     0.415531     0.336015  6.49766e-13  0.000928272       0
      9.16129     0.416667      1.62113  6.72045e-14  0.000582116      1.51244      5.89294  0.000574066      1.63363      1.64667  0.000573259      1.38576      1.82965  8.72869e-14  5.49305e-14      1.95201      1.23206  4.93128e-14  0.000150176       0
      9.16129     0.500000     0.624586  3.29440e-13   0.00188493     0.519004     0.532243   0.00168647     0.912302      1.52806   0.00172403     0.597785     0.670262  3.54422e-13  2.92879e-13     0.474530     0.374587  5.20783e-13  0.000649642       0
      9.16129     0.583333      1.41470  8.43313e-14  0.000416545      1.22907     0.915617  0.000400947      1.42220      1.66417  0.000416881      1.35825      1.47531  9.02533e-14  7.86367e-14      1.27709     0.857923  1.00014e-13  0.000161617       0
      9.16129     0.666667     0.479936  5.11042e-13   0.00466357     0.440561      2.77344   0.00464462     0.459936      1.66917   0.00466232     0.438886     0.554875  5.93167e-13  4.01270e-13     0.441166     0.354236  5.88064e-13   0.00112146       0
      9.16129     0.750000     0.998793  1.50650e-13   0.00220595     0.890092      5.89294   0.00218008      1.02223      1.61855   0.00218036     0.836764      1.16084  2.02344e-13  1.17258e-13     0.898788     0.640529  1.79611e-13  0.000341891       0
      9.16129     0.833333     0.921284  1.72361e-13  0.000949816     0.871283      3.12500  0.000944062     0.936284      1.65667  0.000950657     0.900167      1.02905  1.79153e-13  1.43340e-13     0.897933     0.639643  1.79896e-13  0.000241334       0
      9.16129     0.916667     0.466637  5.35546e-13   0.00423177     0.400168      1.07475   0.00417420     0.449137      1.67042   0.00426383     0.442219     0.522312  5.85734e-13  4.43825e-13     0.514372     0.413200  4.55303e-13   0.00123706       0
      9.16129      1.00000     0.534720  4.26794e-13   0.00201089     0.407059     0.321174   0.00153383      1.33226      1.34941   0.00154295     0.509454     0.602527  4.62651e-13  3.49785e-13     0.589398     0.472290  3.62868e-13   0.00125178       0
      9.16129      1.08333     0.545329  4.13046e-13   0.00320232     0.510330      2.75000   0.00319317     0.540329      1.66792   0.00320660     0.506082     0.634864  4.67801e-13  3.20598e-13     0.482758     0.380817  5.06074e-13  0.000758990       0
      9.16129      1.16667     0.463739  5.41136e-13   0.00260074     0.413193      1.00781   0.00249054     0.714391      1.48827   0.00249221     0.447048     0.524860  5.75227e-13  4.40240e-13     0.398396     0.324445  6.97008e-13  0.000911633       0
      9.16129      1.25000      1.03963  1.40917e-13  0.000702146     0.989634      3.12500  0.000697241      1.04963      1.66167  0.000702550      1.01718      1.13220  1.46139e-13  1.22244e-13      1.00472     0.702670  1.49171e-13  0.000214847       0
      9.16129      1.33333     0.410448  6.63231e-13   0.00302242     0.342432     0.570002   0.00268599     0.736400      1.43132   0.00268838     0.411149     0.445197  6.61349e-13  5.79219e-13     0.322200     0.271544  9.92857e-13   0.00140428       0
      9.16129      1.41667     0.805011  2.15821e-13   0.00136292     0.624835     0.388977   0.00125337      1.85378      1.38990   0.00125829     0.706035     0.832439  2.68567e-13  2.04099e-13     0.610350     0.463128  3.42345e-13  0.000606974       0
      9.16129      1.50000     0.980313  1.55413e-13  0.000650341     0.937657      3.08789  0.000640997     0.987813      1.66542  0.000648155     0.951911     0.976553  1.63218e-13  1.56412e-13      1.14508     0.795686  1.19959e-13  0.000287089       0
      9.16129      1.58333     0.373343  7.76692e-13   0.00614873     0.261040     0.251487   0.00560677      1.04118      1.27593   0.00562183     0.334192     0.406051  9.34193e-13  6.75246e-13     0.259804     0.227759  1.42130e-12   0.00200863       0
      9.16129      1.66667     0.344356  8.88687e-13   0.00475804     0.221458     0.156261   0.00296423      1.15179      1.23563   0.00301898     0.322113     0.373460  9.93302e-13  7.76285e-13     0.237310     0.210775  1.65286e-12   0.00212095       0
      9.16129      1.75000      1.05134  1.38311e-13  0.000480020     0.947579      1.11289  0.000432712      1.78545      1.48998  0.000434134      1.04973      1.13092  1.38666e-13  1.22473e-13     0.916848     0.650214  1.73753e-13  0.000233670       0
      9.16129      1.83333     0.434567  6.03023e-13   0.00260618     0.339515     0.372963   0.00195126     0.945452      1.37625   0.00197510     0.413021     0.470873  6.56360e-13  5.27540e-13     0.330385     0.277429  9.52200e-13   0.00119371       0
      9.16129      1.91667     0.435253  6.01440e-13   0.00367377     0.394339     0.969208   0.00338189     0.945184      1.36909   0.00335813     0.414856     0.485066  6.51528e-13  5.02067e-13     0.328414     0.276311  9.61744e-13   0.00142689       0
      9.16129      2.00000     0.467366  5.34154e-13   0.00292702     0.390413     0.628552   0.00274967     0.750087      1.47483   0.00276488     0.454322     0.508843  5.59958e-13  4.63577e-13     0.380399     0.311465  7.52829e-13  0.000998897       0
      9.16129      2.08333     0.874478  1.88010e-13   0.00191206     0.536573     0.154587   0.00178309      3.24454      1.26852   0.00179285     0.709750     0.903320  2.66228e-13  1.78112e-13     0.548348     0.422152  4.09263e-13  0.000521409       0
      9.16129      2.16667      1.08540  1.31153e-13   0.00139633     0.636880     0.138418   0.00129722      1.09540      1.67167   0.00137615     0.885405      1.12165  1.84159e-13  1.24166e-13     0.666627     0.497794  2.95545e-13  0.000367117       0
      9.16129      2.25000     0.569201  3.84579e-13   0.00135587     0.452918     0.456564   0.00105582      1.16832      1.40197   0.00107812     0.599365     0.656945  3.52866e-13  3.02841e-13     0.471408     0.373681  5.26542e-13  0.000692998       0
      9.16129      2.33333     0.622303  3.31456e-13   0.00145334     0.481209     0.361953   0.00110657      1.62851      1.34213   0.00112022     0.673974     0.635065  2.90195e-13  3.20429e-13     0.475070     0.375640  5.19796e-13  0.000749682       0
      9.16129      2.41667     0.410319  6.63581e-13   0.00429296     0.332160     0.466405   0.00383647     0.999844      1.33118   0.00383417     0.389893     0.467377  7.22527e-13  5.34133e-13     0.301383     0.257042  1.10976e-12   0.00144250       0
      9.16129      2.50000     0.518795  4.48851e-13   0.00384428     0.471235      14.9310   0.00352263     0.287185      1.94755   0.00340338     0.474852     0.559687  5.20193e-13  3.95537e-13      1.05266     0.725323  1.38022e-13  0.000381387       0
      9.16129      2.58333     0.971783  1.57693e-13   0.00286663     0.852915      6.27881   0.00285384     0.985531      1.62417   0.00285054     0.679468      1.15178  2.86295e-13  1.18800e-13      1.12681     0.795122  1.23219e-13  0.000531327       0
      9.16129      2.66667     0.435641  6.00548e-13   0.00413770     0.356038     0.491985   0.00385540     0.817446      1.41812   0.00386724     0.399303     0.453113  6.94372e-13  5.62451e-13     0.331698     0.278367  9.45927e-13   0.00142397       0
      9.16129      2.75000     0.506412  4.67292e-13   0.00421667     0.448890      1.17266   0.00417716     0.501413      1.66792   0.00422647     0.435118     0.587722  6.01751e-13  3.64593e-13     0.412360     0.334217  6.58116e-13  0.000977727       0
      9.16129      2.83333     0.385033  7.37790e-13   0.00502631     0.295320     0.381235   0.00466690     0.851136      1.35117   0.00468825     0.358733     0.424573  8.30125e-13  6.26866e-13     0.299448     0.255524  1.12174e-12   0.00146923       0
      9.16129      2.91667     0.561215  3.93744e-13   0.00214301     0.409543     0.279962   0.00177340      1.51734      1.32590   0.00178824     0.529238     0.620030  4.34187e-13  3.33483e-13     0.408516     0.331371  6.68467e-13  0.000911201       0
      9.16129      3.00000     0.781364  2.26816e-13   0.00404181     0.706363      3.93750   0.00406984     0.726363      1.67229   0.00408147     0.555785     0.765688  4.00176e-13  2.34608e-13     0.466269     0.371311  5.36251e-13  0.000907608       0
      9.16129      3.08333     0.504324  4.70521e-13   0.00412924     0.349267     0.261195   0.00390034      1.29551      1.31842   0.00392104     0.432578     0.527127  6.07652e-13  4.37089e-13     0.348988     0.290751  8.69117e-13   0.00142757       0
      9.16129      3.16667     0.556435  3.99397e-13   0.00371402     0.262797    0.0706657   0.00284129      6.68622      1.01358   0.00288533     0.517304     0.613265  4.51010e-13  3.39637e-13     0.308098     0.261187  1.06975e-12   0.00137450       0
      9.16129      3.25000     0.391981  7.16124e-13   0.00346902     0.291896     0.307652   0.00275508     0.951991      1.32976   0.00279024     0.378309     0.416898  7.59775e-13  6.46217e-13     0.287371     0.246919  1.20141e-12   0.00158998       0
      9.16129      3.33333     0.309389  1.06232e-12   0.00511342     0.237829     0.330714   0.00325389     0.897301      1.26110   0.00323169     0.296940     0.325242  1.13758e-12  9.77430e-13     0.325482     0.288451  9.76225e-13   0.00316124       0
      9.16129      3.41667     0.478940  5.12815e-13   0.00531688     0.440815      2.56250   0.00531282     0.461440      1.67042   0.00534996     0.399878     0.548952  6.92706e-13  4.08513e-13     0.375776     0.308509  7.68330e-13   0.00104128       0
      9.16129      3.50000     0.807841  2.14562e-13   0.00213025     0.744091      3.85938   0.00212213     0.829675      1.63440   0.00212767     0.917226     0.913295  1.73634e-13  1.74882e-13     0.702460     0.520519  2.70848e-13  0.000377729       0
      9.16129      3.58333     0.472857  5.23857e-13   0.00250339     0.393660     0.666346   0.00236220     0.786551      1.45647   0.00238445     0.461085     0.516959  5.46338e-13  4.51512e-13     0.413086     0.335191  6.56189e-13  0.000980538       0
      9.16129      3.66667     0.745282  2.45411e-13   0.00132913     0.668738     0.868164   0.00121678      1.38685      1.45173   0.00121709     0.753937     0.828162  2.40734e-13  2.05859e-13     0.586273     0.447627  3.66097e-13  0.000507218       0
      9.16129      3.75000     0.711298  2.65263e-13   0.00143450     0.527293     0.275654   0.00111923      2.03396      1.33264   0.00112486     0.679209     0.782061  2.86477e-13  2.26479e-13     0.516299     0.402585  4.52474e-13  0.000582858       0
      9.16129      3.83333     0.483004  5.05644e-13   0.00258530     0.366608     0.308092   0.00198079      1.27678      1.32798   0.00198399     0.478653     0.507161  5.13327e-13  4.66143e-13     0.350954     0.292085  8.61016e-13   0.00109811       0
      9.16129      3.91667     0.714403  2.63344e-13   0.00515716     0.596902      6.71875   0.00493831     0.596902      1.67324   0.00493105     0.549539     0.877478  4.07786e-13  1.86940e-13     0.952054     0.671514  1.63177e-13  0.000230151       0
      9.16129      4.00000     0.432971  6.06734e-13   0.00377549     0.278352     0.164404   0.00298192      1.52079      1.23687   0.00300937     0.400298     0.481597  6.91496e-13  5.08108e-13     0.290162     0.249151  1.18221e-12   0.00164312       0
      9.16129      4.08333     0.950779  1.63542e-13   0.00158402     0.668326     0.244939   0.00147320      3.99088      1.25267   0.00147080     0.784158      1.02279  2.25471e-13  1.44805e-13     0.613553     0.463973  3.39372e-13  0.000477493       0
      9.16129      4.16667      1.06503  1.35360e-13   0.00247771     0.926594      7.32422   0.00244893      1.08712      1.61101   0.00244818     0.778724      1.17189  2.28099e-13  1.15420e-13     0.849854     0.609733  1.97177e-13  0.000271154       0
      9.16129      4.25028      1.06509  1.35348e-13   0.00122764     0.689655     0.170234   0.00109689      5.08502      1.23567   0.00110061     0.920882      1.15649  1.72487e-13  1.17994e-13     0.678129     0.504517  2.87238e-13  0.000328473       0
      9.16129      4.33333      1.24320  1.04599e-13   0.00147034      1.24164      1.17969   0.00130060      97.8508     0.862213   0.00119834      1.08705      1.14219  1.30822e-13  1.20466e-13     0.549462     0.422062  4.07880e-13   0.00110201       0
      9.16129      4.41667      1.02339  1.44664e-13   0.00135750     0.984642      3.04688   0.00134525      1.03339      1.66667   0.00135209     0.850809      1.05157  1.96808e-13  1.38262e-13     0.778284     0.566464  2.28314e-13  0.000257234       0
      9.16129      4.50000     0.423363  6.29856e-13   0.00504614     0.229347    0.0912909   0.00357658      3.06923      1.08146   0.00357693     0.412296     0.437539  6.58284e-13  5.96211e-13     0.246468     0.217920  1.55177e-12   0.00242966       0
      9.16129      4.58333     0.478770  5.13118e-13   0.00396130     0.318610     0.187783   0.00337108      1.82273      1.22344   0.00338866     0.426370     0.496698  6.22468e-13  4.82623e-13     0.309133     0.262646  1.06378e-12   0.00168088       0
      9.16129      4.66667      1.19648  1.11495e-13   0.00128613      1.13908      3.55933   0.00128317      1.21148      1.65667   0.00129172     0.940876      1.24432  1.66421e-13  1.04442e-13     0.794065     0.576756  2.20801e-13  0.000280638       0
      9.16129      4.75000      1.18003  1.14097e-13  0.000547459      1.12480      3.87012  0.000547413      1.18003      1.66167  0.000547815      1.15717      1.23579  1.17878e-13  1.05646e-13      1.39440     0.931424  8.63873e-14  0.000164038       0
      9.16129      4.83333     0.598285  3.53928e-13   0.00181992     0.478222     0.455628   0.00161541      1.29891      1.39102   0.00162658     0.563280     0.655418  3.91341e-13  3.04017e-13     0.468630     0.371230  5.31756e-13  0.000698349       0
      9.16129      4.91667     0.614885  3.38147e-13   0.00166611     0.486136     0.410389   0.00142068      1.40379      1.37988   0.00142474     0.587131     0.647905  3.65205e-13  3.09916e-13     0.470228     0.372728  5.28747e-13  0.000734721       0
      9.16129      5.00000     0.642546  3.14236e-13  0.000975248     0.529969     0.523489  0.000669175      1.30994      1.41686  0.000680915     0.644395     0.684325  3.12735e-13  2.82916e-13     0.521374     0.406947  4.45157e-13  0.000631017       0
      9.16129      5.08333     0.409045  6.67027e-13   0.00337858     0.305851     0.289263   0.00262028      1.00110      1.33654   0.00262033     0.405778     0.435073  6.76001e-13  6.01855e-13     0.293707     0.251573  1.15853e-12   0.00167774       0
      9.16129      5.16667     0.539548  4.20448e-13   0.00403733     0.505172      2.93750   0.00402724     0.522048      1.67042   0.00405531     0.487810     0.630386  4.97369e-13  3.24403e-13     0.459858     0.365470  5.48769e-13  0.000709414       0
      9.16129      5.25000     0.674105  2.90101e-13   0.00198666     0.581225     0.970315   0.00195443      1.05070      1.49103   0.00195922     0.638803     0.752317  3.17310e-13  2.41598e-13     0.586448     0.448504  3.65914e-13  0.000551698       0
      9.16129      5.33333     0.680743  2.85402e-13   0.00137413     0.576200     0.651641   0.00125512      1.30241      1.43549   0.00125796     0.658192     0.720009  3.01885e-13  2.59936e-13     0.556942     0.428843  3.98792e-13  0.000529600       0
      9.16129      5.41667     0.521213  4.45387e-13   0.00592112     0.471213      3.12500   0.00592553     0.491213      1.66792   0.00594822     0.422618     0.641921  6.31706e-13  3.14745e-13     0.412701     0.333888  6.57208e-13  0.000935410       0
      9.16129      5.50000     0.557932  3.97613e-13   0.00757172     0.467931      4.68750   0.00743448     0.472931      1.67355   0.00744776     0.410686     0.662161  6.62592e-13  2.98875e-13     0.428299     0.344245  6.17804e-13   0.00101349       0
      9.16129      5.58333     0.661054  2.99709e-13   0.00381635     0.607149      3.00195   0.00382255      1.48536      1.35750   0.00378098     0.544663     0.783550  4.13887e-13  2.25762e-13     0.446006     0.356678  5.77468e-13   0.00106752       0
      9.16129      5.66667     0.505546  4.68628e-13   0.00493895     0.463906      3.21973   0.00494612     0.848299      1.44057   0.00489017     0.426852     0.532337  6.21297e-13  4.29984e-13     0.384368     0.314692  7.39919e-13   0.00129010       0
      9.16129      5.75028     0.492545  4.89425e-13    0.0109167     0.397545      5.31250    0.0106211     0.396295      1.67839    0.0106363     0.353263     0.539833  8.51659e-13  4.20078e-13     0.369471     0.304478  7.90305e-13   0.00152928       0
      9.16129      5.83333     0.563834  3.90701e-13   0.00323681     0.407164     0.301743   0.00307345      1.33799      1.35467   0.00308203     0.483118     0.623267  5.05445e-13  3.30602e-13     0.400348     0.326076  6.91354e-13   0.00108865       0
      9.16129      5.91667     0.454830  5.58917e-13   0.00652371     0.394534      1.15479   0.00648031     0.439830      1.67042   0.00655561     0.386917     0.525218  7.31812e-13  4.39740e-13     0.331111     0.277881  9.48724e-13   0.00142609       0
      9.16129      6.00000     0.585634  3.66762e-13   0.00341286     0.360448     0.149865   0.00309362      2.44210      1.21493   0.00310107     0.547990     0.698397  4.09708e-13  2.73479e-13     0.368202     0.303598  7.94850e-13   0.00117514       0
      9.16129      6.08333     0.630965  3.23907e-13   0.00364044     0.584715      2.96875   0.00363782     0.890970      1.51345   0.00361955     0.526427     0.710377  4.38059e-13  2.65836e-13     0.460289     0.365865  5.47913e-13  0.000893106       0
      9.16129      6.16667     0.643429  3.13517e-13   0.00321990     0.431172     0.238866   0.00312633      1.27625      1.40880   0.00314564     0.512767     0.732605  4.57680e-13  2.52530e-13     0.421002     0.339723  6.35754e-13   0.00106447       0
      9.16129      6.25000     0.518010  4.49986e-13   0.00734505     0.458010      4.25000   0.00736010     0.468010      1.67042   0.00738522     0.400362     0.581364  6.91314e-13  3.71263e-13     0.357682     0.296831  8.34194e-13   0.00170760       0
      9.16129      6.33333     0.635008  3.20477e-13   0.00346911     0.476109     0.400969   0.00336242      2.02005      1.27356   0.00335093     0.500071     0.700890  4.77210e-13  2.71860e-13     0.399317     0.324771  6.94331e-13   0.00120326       0
      9.16129      6.41667     0.596536  3.55659e-13   0.00414327     0.332925     0.131268   0.00394296     0.586537      1.66917   0.00416757     0.484280     0.571264  5.03425e-13  3.82267e-13     0.348043     0.290306  8.73052e-13   0.00191879       0
      9.16129      6.50000     0.436531  5.98509e-13   0.00612300     0.333443     0.378992   0.00593792     0.436531      1.66667   0.00612300     0.390829     0.518532  7.19643e-13  4.49231e-13     0.308328     0.262112  1.06842e-12   0.00151338       0
      9.16129      6.58333     0.491544  4.91087e-13   0.00799161     0.432950      3.65430   0.00800136     0.441544      1.67542   0.00803265     0.371633     0.533333  7.82658e-13  4.28645e-13     0.334544     0.280290  9.32552e-13   0.00159653       0
      9.16129      6.66667     0.504155  4.70785e-13   0.00454404     0.347189     0.244239   0.00434536      1.15651      1.35323   0.00436305     0.412013     0.537067  6.59039e-13  4.23690e-13     0.328574     0.275555  9.60963e-13   0.00148777       0
      9.16129      6.75000     0.534377  4.27251e-13   0.00334723     0.298405     0.108180   0.00269860      2.26955      1.21011   0.00274460     0.481546     0.570109  5.08198e-13  3.83559e-13     0.323643     0.272436  9.85490e-13   0.00165548       0
      9.16129      6.83333     0.503046  4.72515e-13   0.00761437     0.431874      4.10059   0.00747928     0.437420      1.67409   0.00749341     0.377679     0.531241  7.61889e-13  4.31463e-13     0.557926     0.440111  3.97620e-13   0.00120033       0
      9.16129      6.91667     0.474272  5.21254e-13   0.00903410     0.404273      3.81250   0.00897157     0.416577      1.67045   0.00899542     0.355126     0.554642  8.44226e-13  4.01551e-13     0.336926     0.282350  9.21592e-13   0.00154572       0
      9.16129      7.00000     0.632493  3.22604e-13   0.00252622     0.371967     0.129921   0.00218932      2.67689      1.22040   0.00220361     0.548360     0.689457  4.09248e-13  2.79415e-13     0.401774     0.325638  6.87269e-13  0.000983058       0
      9.16129      7.08333     0.485718  5.00944e-13   0.00963277     0.400719      5.06250   0.00945692     0.407594      1.67534   0.00946323     0.362437     0.556666  8.16033e-13  3.99121e-13     0.391548     0.319602  7.17443e-13   0.00107618       0
      9.16129      7.16667     0.620249  3.33287e-13   0.00401881     0.328808     0.106867   0.00380895      2.33747      1.23483   0.00383423     0.505017     0.637084  4.69446e-13  3.18739e-13     0.354536     0.293762  8.46567e-13   0.00149365       0
      9.16129      7.25000     0.538801  4.21420e-13   0.00796563     0.463801      3.93750   0.00796635     0.480050      1.67058   0.00798176     0.395238     0.546463  7.06316e-13  4.11618e-13     0.327767     0.275502  9.64912e-13   0.00179492       0
      9.16129      7.33333     0.497006  4.82126e-13   0.00797220     0.440131      3.64844   0.00797729     0.452006      1.67167   0.00801592     0.387119     0.491288  7.31174e-13  4.91513e-13     0.328937     0.277029  9.59198e-13   0.00179793       0
      9.16129      7.41667     0.624022  3.29935e-13   0.00260271     0.340691    0.0975937   0.00201906      4.02784      1.13552   0.00204169     0.535400     0.677385  4.25892e-13  2.87764e-13     0.376389     0.308590  7.66244e-13   0.00106197       0
      9.16129      7.50000     0.608307  3.44264e-13   0.00634317     0.527370      4.23047   0.00635308     0.530183      1.67534   0.00638774     0.453811     0.635118  5.61009e-13  3.20385e-13     0.371774     0.306283  7.82163e-13   0.00143960       0
      9.16129      7.58333     0.747336  2.44288e-13   0.00261083     0.393812     0.102470   0.00234822      3.93722      1.17979   0.00237732     0.660008     0.796327  3.00502e-13  2.19757e-13     0.423163     0.341382  6.30351e-13   0.00120376       0
      9.16129      7.66667     0.649842  3.08377e-13   0.00490729     0.574842      3.93750   0.00494279      1.16149      1.40944   0.00488042     0.484423     0.708287  5.03178e-13  2.67145e-13     0.394280     0.321293  7.09176e-13   0.00127266       0
      9.16129      7.75000     0.670039  2.93041e-13   0.00532513     0.565036      5.31250   0.00527260     0.761000      1.55287   0.00525910     0.499865     0.728523  4.77538e-13  2.54893e-13     0.476292     0.376409  5.17575e-13  0.000847147       0
      9.16129      7.83333     0.610786  3.41938e-13   0.00439668     0.560787      3.12500   0.00440797     0.580787      1.66792   0.00444559     0.501428     0.758454  4.75060e-13  2.38349e-13     0.414295     0.335727  6.52998e-13  0.000989961       0
      9.16129      7.91667     0.614993  3.38049e-13   0.00327976     0.414936     0.222733   0.00306461      2.04017      1.27182   0.00307064     0.506438     0.674411  4.67252e-13  2.89882e-13     0.404172     0.327715  6.80486e-13   0.00111977       0
      9.16129      8.00000     0.714291  2.63413e-13   0.00288628     0.408539     0.129795   0.00268540      2.69139      1.24688   0.00270748     0.566436     0.814463  3.87714e-13  2.11662e-13     0.420390     0.340073  6.37296e-13   0.00130005       0
      9.16129      8.08333     0.684708  2.82653e-13   0.00310146     0.359482    0.0993524   0.00281972      3.18768      1.20061   0.00284505     0.547733     0.735171  4.10028e-13  2.51062e-13     0.376867     0.308949  7.64627e-13   0.00134645       0
      9.16129      8.16667     0.601111  3.51160e-13   0.00281959     0.314774    0.0861743   0.00205418      5.36400      1.07534   0.00207517     0.535345     0.649310  4.25964e-13  3.08798e-13     0.657575     0.539126  3.02357e-13   0.00168592       0
      9.16129      8.25000     0.593172  3.59028e-13   0.00490125     0.536415      3.02588   0.00491787      1.10665      1.40447   0.00486366     0.479589     0.668826  5.11658e-13  2.93928e-13     0.401653     0.325906  6.87612e-13   0.00101501       0
      9.16129      8.33333     0.719572  2.60199e-13   0.00305436     0.420227     0.145864   0.00293478      2.47338      1.26539   0.00294820     0.591385     0.791185  3.60838e-13  2.22143e-13     0.439285     0.351006  5.92267e-13  0.000943150       0
      9.16129      8.41667     0.659406  3.00959e-13   0.00738625     0.531901      6.46875   0.00721823     0.537681      1.66935   0.00722606     0.462782     0.674020  5.43002e-13  2.90162e-13     0.459908     0.365406  5.48670e-13   0.00101172       0
      9.16129      8.50000     0.685052  2.82416e-13   0.00321538     0.514977     0.440695   0.00315891      1.10212      1.47383   0.00318110     0.562521     0.753522  3.92221e-13  2.40955e-13     0.447248     0.355506  5.74798e-13  0.000898358       0
      9.16129      8.58333     0.795089  2.20328e-13   0.00319056     0.427721     0.127369   0.00309224      3.02313      1.24297   0.00310331     0.618871     0.919473  3.34525e-13  1.72928e-13     0.437321     0.349834  5.96707e-13  0.000982988       0
      9.16129      8.66667     0.666532  2.95616e-13   0.00361049     0.346104     0.103932   0.00341097      2.89741      1.20319   0.00343650     0.551645     0.700300  4.05194e-13  2.72242e-13     0.384959     0.315614  7.38025e-13   0.00125421       0
      9.16129      8.75000     0.724777  2.57092e-13   0.00422472     0.649778      3.93750   0.00424607     0.649778      1.67480   0.00429030     0.568436     0.826388  3.85443e-13  2.06596e-13     0.418712     0.338361  6.41558e-13   0.00117790       0
      9.16129      8.83333     0.791313  2.22083e-13   0.00296113     0.505619     0.208386   0.00288650      1.76855      1.38175   0.00290645     0.622814     0.893477  3.31003e-13  1.81394e-13     0.464331     0.368012  5.39987e-13   0.00105534       0
      9.16129      8.91667     0.764779  2.35073e-13   0.00369114     0.684467      4.41016   0.00368205     0.694155      1.67003   0.00369544     0.585116     0.848012  3.67304e-13  1.97891e-13     0.554559     0.427131  4.01651e-13  0.000600878       0
      9.16129      9.00000     0.808142  2.14429e-13   0.00316505     0.508902     0.195105   0.00308360      2.87646      1.25862   0.00309262     0.638807     0.780827  3.17307e-13  2.27076e-13     0.448543     0.358397  5.72034e-13   0.00108140       0
      9.16129      9.08333     0.905935  1.77256e-13   0.00120740     0.605947     0.198180   0.00104451      3.17587      1.29090   0.00105001     0.883958     0.947135  1.84662e-13  1.64592e-13     0.603553     0.458994  3.48795e-13  0.000644069       0
      9.16129      9.16667     0.988357  1.53311e-13   0.00221797     0.874226      5.97589   0.00218440      1.00211      1.62417   0.00218424     0.767195      1.13923  2.33840e-13  1.20989e-13     0.890254     0.635160  1.82490e-13  0.000338887       0
      9.16129      9.25000     0.980321  1.55411e-13   0.00259679     0.852816      6.96875   0.00254904      1.00241      1.61101   0.00254856     0.730477      1.14447  2.53757e-13  1.20066e-13     0.889075     0.634182  1.82894e-13  0.000318755       0
      9.16129      9.33333     0.709445  2.66419e-13   0.00379290     0.634446      3.93750   0.00379543     0.634447      1.67480   0.00383000     0.522880     0.721540  4.43022e-13  2.59017e-13     0.482997     0.382220  5.05655e-13   0.00111108       0
      9.16129      9.41667     0.743354  2.46473e-13   0.00396650     0.658352      5.06250   0.00395227     0.658352      1.67355   0.00396803     0.563716     0.822382  3.90836e-13  2.08276e-13     0.546300     0.421669  4.11823e-13  0.000616252       0
      9.16129      9.50000     0.901539  1.78699e-13   0.00256838     0.806538      4.81250   0.00254605     0.915286      1.62417   0.00254777     0.704444     0.889121  2.69578e-13  1.82878e-13     0.760901     0.557396  2.37073e-13  0.000383734       0
      9.16129      9.58333     0.965318  1.59457e-13   0.00171537     0.908755      3.23828   0.00171272     0.985317      1.64667   0.00172586     0.794317      1.15352  2.20685e-13  1.18501e-13     0.699228     0.519136  2.72938e-13  0.000460644       0
      9.16129      9.66667     0.929320  1.69884e-13   0.00151151     0.705082     0.380084   0.00144155      2.01221      1.41101   0.00144821     0.784283      1.02988  2.25410e-13  1.43147e-13     0.640099     0.481293  3.16240e-13  0.000469307       0
      9.16129      9.75000     0.852625  1.96110e-13   0.00228742     0.777625      3.93750   0.00228154     0.878873      1.62917   0.00228472     0.706595      1.00049  2.68212e-13  1.50225e-13     0.735272     0.541655  2.51005e-13  0.000481308       0
      9.16129      9.83333     0.794983  2.20377e-13   0.00238221     0.727171      3.76953   0.00238206     0.744983      1.67042   0.00239633     0.637737     0.893425  3.18195e-13  1.81412e-13     0.664601     0.497418  2.97048e-13  0.000499223       0
      9.16129      9.91667     0.954944  1.62355e-13   0.00129488     0.708360     0.329057   0.00122080      1.53004      1.50592   0.00124097     0.807774      1.05872  2.14591e-13  1.36708e-13     0.706671     0.523593  2.68164e-13  0.000458954       0
      9.16129      10.0000     0.944616  1.65324e-13   0.00301173     0.806184      7.32422   0.00294859     0.970882      1.59943   0.00294735     0.678797      1.17290  2.86767e-13  1.15255e-13      1.09705     0.778118  1.28841e-13  0.000450724       0
      9.16129      10.0833     0.933137  1.68728e-13   0.00289184     0.824435      5.89294   0.00288442     0.955750      1.61472   0.00288472     0.684116      1.08614  2.83060e-13  1.31005e-13     0.629378     0.475524  3.25269e-13  0.000716767       0
      9.16129      10.1667     0.839914  2.01081e-13   0.00238045     0.776162      3.85938   0.00238686     0.857413      1.63667   0.00239690     0.657305     0.945527  3.02564e-13  1.65059e-13     0.618644     0.469898  3.34730e-13  0.000665658       0
      9.16129      10.2500      1.27111  1.00799e-13  0.000945246     0.908442     0.293306  0.000912278      1.28111      1.66167  0.000947535      1.05315      1.49539  1.37914e-13  7.68845e-14     0.858095     0.616226  1.94031e-13  0.000378454       0
      9.16129      10.3333     0.854609  1.95351e-13   0.00202883     0.677543     0.514868   0.00199281      1.54220      1.45115   0.00200007     0.729491      1.05528  2.54329e-13  1.37451e-13     0.629780     0.474986  3.24923e-13  0.000517547       0
      9.16129      10.4167     0.789344  2.23007e-13   0.00333863     0.704344      5.06250   0.00331984     0.704344      1.67355   0.00333028     0.593126     0.866443  3.59075e-13  1.90925e-13     0.596259     0.454022  3.55935e-13  0.000687530       0
      9.16129      10.5000      1.23499  1.05760e-13   0.00129077      1.13749      5.06250   0.00128785      1.24359      1.64011   0.00129052      1.00741      1.55198  1.48508e-13  7.22687e-14      1.06395     0.737145  1.35589e-13  0.000268160       0
      9.16129      10.5833     0.916960  1.73718e-13   0.00171273     0.860398      3.23828   0.00171251     0.931961      1.64792   0.00172113     0.767862      1.04550  2.33502e-13  1.39601e-13     0.723920     0.534217  2.57599e-13  0.000533151       0
      9.16129      10.6667     0.963094  1.60072e-13   0.00161654     0.888094      3.93750   0.00161538     0.980595      1.64167   0.00161732     0.804192      1.07173  2.16187e-13  1.33954e-13      1.10960     0.795182  1.26421e-13  0.000463777       0
      9.16129      10.7500     0.649773  3.08432e-13   0.00211248     0.602897      2.93750   0.00210354     0.825596      1.55769   0.00210266     0.631983     0.744669  3.23038e-13  2.45748e-13     0.733329     0.550634  2.52114e-13  0.000659294       0
      9.16129      10.8333     0.810078  2.13575e-13   0.00272547     0.735078      3.93750   0.00271829     0.836327      1.62917   0.00271965     0.673761     0.851755  2.90348e-13  1.96443e-13     0.673038     0.502216  2.90868e-13  0.000481089       0
      9.16129      10.9167      1.04042  1.40738e-13   0.00176481     0.965422      3.93750   0.00177037      1.05792      1.64167   0.00177903     0.798655      1.28589  2.18691e-13  9.88759e-14     0.682478     0.507933  2.84194e-13  0.000618890       0
      9.16129      11.0000      1.08472  1.31291e-13   0.00128247     0.997222      4.81250   0.00127263      1.10394      1.63636   0.00127479     0.949281      1.13072  1.63972e-13  1.22510e-13     0.984593     0.691237  1.54289e-13  0.000296357       0
      9.16129      11.0833      1.89692  5.17228e-14  0.000304036      1.50104     0.491314  0.000286231      1.90317      1.66542  0.000304026      1.86433      2.01268  5.32385e-14  4.68603e-14      1.50416     0.982669  7.61389e-14  0.000149386       0
      9.16129      11.1667     0.884382  1.84514e-13   0.00328591     0.756880      6.71875   0.00324438     0.908016      1.60113   0.00324171     0.666915      1.11487  2.95333e-13  1.25427e-13      1.01318     0.742326  1.47101e-13  0.000645677       0
      9.16129      11.2500      1.71219  6.13540e-14   0.00101850      1.50617      10.1143   0.00100627      1.73594      1.61917   0.00100608      1.35188      1.92306  9.09636e-14  5.05562e-14      1.36027     0.903475  9.00305e-14  0.000197337       0
      9.16129      11.3333      1.09506  1.29231e-13   0.00111984      1.02006      3.93750   0.00111705      1.09756      1.65167   0.00111928     0.991273      1.19026  1.52560e-13  1.12468e-13      1.02922     0.717172  1.43300e-13  0.000245734       0
      9.16129      11.4167      1.50333  7.62086e-14  0.000542874      1.44989      3.38672  0.000538255      1.51083      1.66417  0.000543211      1.34111      1.59544  9.21843e-14  6.90180e-14      1.24882     0.842184  1.03816e-13  0.000173165       0
      9.16129      11.5000      1.68444  6.30477e-14  0.000573301      1.60475      4.58984  0.000573569      1.69944      1.65667  0.000574954      1.41741      1.82016  8.40627e-14  5.54089e-14      2.01053      1.31255  4.69437e-14  0.000179163       0
      9.16129      11.5833      1.08441  1.31353e-13   0.00105791      1.02004      3.58594   0.00105697      1.09816      1.65417   0.00105981     0.932511      1.16281  1.68917e-13  1.16926e-13     0.973905     0.684183  1.57121e-13  0.000308769       0
      9.16129      11.6669      1.66670  6.41700e-14  0.000555323      1.60170      3.68750  0.000552124      1.67670      1.66167  0.000556979      1.42502      1.64470  8.33159e-14  6.56072e-14      1.29998     0.871972  9.70964e-14  0.000145703       0
      9.16129      11.7500      1.40394  8.54117e-14  0.000808665      1.32893      3.93750  0.000808075      1.41643      1.65542  0.000810632      1.19638      1.51059  1.11510e-13  7.55998e-14      1.19219     0.809898  1.12164e-13  0.000170205       0
      9.16129      11.8333      1.50522  7.60492e-14   0.00102139      1.37289      6.71460   0.00101209      1.51655      1.64120   0.00101226      1.17647      1.67595  1.14673e-13  6.35812e-14      1.79738      1.16289  5.65840e-14  0.000146186       0
      9.16129      11.9167      1.49641  7.67973e-14  0.000794904      1.41141      5.06250  0.000794633      1.49891      1.65167  0.000796832      1.22878      1.80132  1.06653e-13  5.63784e-14      1.31099     0.880122  9.57403e-14  0.000192740       0
      9.16129      12.0000      1.27316  1.00529e-13   0.00102788      1.19816      3.93750   0.00102729      1.28691      1.65417   0.00102931      1.06018      1.51466  1.36395e-13  7.52610e-14      1.09234     0.754608  1.29768e-13  0.000239725       0
      9.16129      12.0833      1.65817  6.47214e-14  0.000532014      1.56067      5.06250  0.000530501      1.66821      1.65018  0.000532215      1.52378      1.81596  7.45117e-14  5.56226e-14      1.98362      1.28753  4.80098e-14  0.000188667       0
      9.16129      12.1667      1.97479  4.83682e-14  0.000545393      1.81229      7.78125  0.000541303      1.98339      1.64011  0.000541627      1.55649      2.07225  7.19200e-14  4.46367e-14      1.79246      1.14258  5.68434e-14  0.000114833       0
      9.16129      12.2500      1.30779  9.61319e-14  0.000519900      1.16832      1.29822  0.000511536      1.31841      1.65979  0.000521461      1.26804      1.40862  1.01206e-13  8.49392e-14      1.28800     0.863806  9.86058e-14  0.000158248       0
      9.16129      12.3336      1.96376  4.88219e-14  0.000627734      1.83626      6.96875  0.000628491      1.97626      1.64667  0.000629147      1.52898      2.10883  7.40903e-14  4.33536e-14      1.55438      1.01269  7.20832e-14  0.000138737       0
      9.16129      12.4167      1.29968  9.71332e-14  0.000518556      1.18012      1.48108  0.000511056      1.30968      1.66167  0.000520146      1.14769      1.49761  1.19506e-13  7.66941e-14      1.13025     0.775810  1.22596e-13  0.000219919       0
      9.16129      12.5000      2.30703  3.73256e-14  0.000505619      2.10327      9.42188  0.000500959      2.31617      1.63933  0.000500963      1.81415      2.66660  5.57150e-14  2.93201e-14      2.14519      1.32464  4.21359e-14  7.71003e-05       0
      9.16129      12.5833      1.67682  6.35262e-14  0.000416672      1.35758     0.483974  0.000389868      3.86721      1.42436  0.000391032      1.47087      1.82157  7.90326e-14  5.53372e-14      1.28416     0.859445  9.90981e-14  0.000178303       0
      9.16129      12.6667      2.23234  3.94303e-14  0.000590548      2.00360      10.2344  0.000587540      2.24859      1.63417  0.000587077      1.62510      2.17919  6.69311e-14  4.10458e-14      1.72921      1.10618  6.03507e-14  0.000115907       0
      9.16129      12.7500      1.30772  9.61407e-14  0.000999125      1.21272      5.06250  0.000997951      1.32521      1.64167  0.000999847      1.08005      1.62073  1.32239e-13  6.72324e-14      1.12976     0.775159  1.22683e-13  0.000220405       0
      9.16129      12.8333      1.94206  4.97344e-14  0.000665125      1.83073      5.96191  0.000667999      1.94456      1.65167  0.000670582      1.54426      2.15888  7.28722e-14  4.16915e-14      2.28242      1.53188  3.79988e-14  0.000333691       0
      9.16129      12.9167      1.57551  7.04791e-14  0.000648017      1.49520      4.41016  0.000647556      1.58051      1.65667  0.000648475      1.34112      1.80620  9.21822e-14  5.61246e-14      1.51450     0.991131  7.52745e-14  0.000116076       0
      9.16129      13.0000      1.81769  5.55343e-14  0.000467342      1.38674     0.386540  0.000451819      1.82769      1.66667  0.000465763      1.52773      2.18637  7.41914e-14  4.08215e-14      1.37225     0.914859  8.87241e-14  0.000205908       0
      9.16129      13.0836      1.79633  5.66392e-14  0.000847128      1.60606      9.18701  0.000842622      1.82259      1.62917  0.000841866      1.33802      1.87065  9.25389e-14  5.29391e-14      1.42084     0.937284  8.37244e-14  0.000141369       0
      9.16129      13.1667      1.58759  6.95874e-14  0.000346549      1.53759      3.12500  0.000341422      1.59822      1.66823  0.000343876      1.53088      1.62025  7.39365e-14  6.72653e-14      1.90097      1.23317  5.15389e-14  0.000147403       0
      9.16129      13.2500      1.93111  5.02054e-14  0.000500358      1.82939      5.06836  0.000500234      1.94299      1.65386  0.000500805      1.61926      1.91917  6.73341e-14  5.07271e-14      1.88841      1.19419  5.21116e-14  9.25788e-05       0
      9.16129      13.3333      1.48949  7.73930e-14  0.000940839      1.38147      6.11292  0.000944111      1.49730      1.64729  0.000943845      1.24328      1.73960  1.04588e-13  5.97514e-14      1.13046     0.774160  1.22556e-13  0.000231823       0
      9.16129      13.4167      1.47766  7.84282e-14   0.00126507      1.30568      8.38708   0.00126150      1.50141      1.61917   0.00126180      1.07943      1.49735  1.32365e-13  7.67169e-14      1.08829     0.756940  1.30574e-13  0.000486205       0
      9.16129      13.5000      1.29020  9.83255e-14  0.000784598      1.23551      3.77734  0.000781987      1.30020      1.66167  0.000785857      1.08616      1.47738  1.31000e-13  7.84526e-14      1.06804     0.740456  1.34727e-13  0.000261887       0
      9.16129      13.5833      1.33445  9.29525e-14  0.000840686      1.26945      3.43750  0.000836058      1.34945      1.65667  0.000844868      1.15776      1.32445  1.17778e-13  9.41248e-14      1.54010      1.07727  7.32004e-14  0.000454480       0
      9.16129      13.6667      1.38154  8.77321e-14   0.00100089      1.27352      6.11292  0.000992440      1.39904      1.64167  0.000992240      1.19643      1.56100  1.11502e-13  7.15742e-14      1.50223     0.985240  7.63022e-14  0.000151840       0
      9.16129      13.7500      1.58448  6.98152e-14  0.000279345      1.53448      3.12500  0.000273258      1.59511      1.66823  0.000276041      1.40059      1.71555  8.57523e-14  6.11537e-14      1.47742     0.970429  7.84493e-14  0.000144635       0
      9.16129      13.8333      1.71483  6.11965e-14  0.000270890      1.57109      1.31388  0.000261854      2.47257      1.55177  0.000262395      1.56233      1.77596  7.14727e-14  5.77262e-14      1.60819      1.04253  6.81080e-14  0.000120480       0
      9.16129      13.9167      1.70274  6.19222e-14   0.00144948      1.40742      13.4727   0.00140909      1.72087      1.60293   0.00141011      1.46551      1.97048  7.95144e-14  4.85446e-14      1.64354      1.06413  6.56843e-14  0.000155436       0
      9.16129      14.0000      3.17154  2.19607e-14  0.000274644      2.96684      9.77734  0.000273788      3.17654      1.64792  0.000273880      2.49198      3.76112  3.28237e-14  1.65285e-14      2.77810      1.64743  2.73852e-14  6.26981e-05       0
      9.16129      14.0833      1.40809  8.49918e-14   0.00146726      1.22553      8.97754   0.00144211      1.44895      1.60902   0.00144179      1.05840      1.64212  1.36777e-13  6.57791e-14      1.66358      1.10233  6.43706e-14  0.000273105       0
      9.16129      14.1667      1.50230  7.62957e-14  0.000390748      1.45230      3.12500  0.000385284      1.51230      1.66667  0.000388717      1.29917      1.57828  9.71963e-14  7.02734e-14      1.80187      1.16929  5.63496e-14  0.000195671       0
      9.16129      14.2500      1.42892  8.29374e-14  0.000562772      1.27397      1.03101  0.000548731      1.43954      1.66823  0.000558676      1.29042      1.50408  9.82979e-14  7.61454e-14      1.17822     0.801977  1.14389e-13  0.000172799       0
      9.16129      14.3333      2.50848  3.24647e-14  0.000749065      2.02785      21.0703  0.000718578      2.53652      1.59589  0.000718873      1.65127      2.40152  6.51724e-14  3.49103e-14      3.06971      1.83976  2.31882e-14  7.38458e-05       0
      9.16129      14.4167      1.45169  8.07801e-14   0.00110790      1.33419      6.71875   0.00110444      1.48572      1.63128   0.00110571      1.16870      1.65283  1.15946e-13  6.50705e-14      1.14159     0.780027  1.20571e-13  0.000208643       0
      9.16129      14.5000      1.52739  7.42183e-14   0.00103900      1.40989      6.71875   0.00103396      1.54489      1.64167   0.00103399      1.31242      1.69370  9.55670e-14  6.24744e-14      1.82273      1.18922  5.52790e-14  0.000160092       0
      9.16129      14.5833      1.52622  7.43130e-14  0.000547167      1.45841      3.76953  0.000545643      1.53622      1.66167  0.000548533      1.47971      1.65756  7.82469e-14  6.47610e-14      1.27818     0.858213  9.98714e-14  0.000186206       0
      9.16129      14.6667      1.33696  9.26615e-14  0.000855599      1.27321      3.85938  0.000854505      1.35196      1.65667  0.000857872      1.17404      1.75550  1.15068e-13  5.88519e-14      1.14439     0.784717  1.20081e-13  0.000209529       0
      9.16129      14.7500     0.996399  1.51254e-13   0.00172231     0.885724      6.28674   0.00166975      1.02515      1.61417   0.00166935     0.846347      1.12113  1.98540e-13  1.24261e-13      1.03304     0.717343  1.42420e-13  0.000299936       0
      9.16129      14.8333      1.21422  1.08793e-13   0.00152191      1.07672      6.96875   0.00149615      1.22797      1.62417   0.00149604      1.03880      1.29480  1.41104e-13  9.77440e-14      1.42695     0.963056  8.31279e-14  0.000281507       0
      9.16129      14.9167      1.64669  6.54748e-14  0.000682958      1.51919      6.96875  0.000673029      1.65665      1.64315  0.000673027      1.36983      1.89988  8.89852e-14  5.15885e-14      1.98185      1.25858  4.80813e-14  0.000110633       0
      9.16129      15.0000      1.46791  7.92982e-14  0.000526605      1.36728      5.25000  0.000520092      1.48103      1.64823  0.000521092      1.42555      1.45900  8.32643e-14  8.01069e-14      1.41203     0.934370  8.45969e-14  0.000170770       0
      9.16129      15.0833      1.54427  7.28716e-14  0.000675305      1.41677      6.96875  0.000654319      1.55126      1.64097  0.000654348      1.43861      1.70357  8.20082e-14  6.18720e-14      1.87448      1.17625  5.27589e-14  8.20376e-05       0
      9.16129      15.1667      1.88148  5.24322e-14  0.000328246      1.80179      4.58984  0.000327352      1.88773      1.66042  0.000328565      1.79928      1.99625  5.64846e-14  4.75047e-14      2.28157      1.41829  3.80224e-14  0.000107494       0
      9.16129      15.2500      1.14190  1.20516e-13   0.00106644      1.06691      3.93750   0.00106343      1.15190      1.64917   0.00106626      1.05132      1.36576  1.38315e-13  8.94273e-14      1.10983     0.763082  1.26377e-13  0.000212072       0
      9.16129      15.3333      1.63666  6.61452e-14  0.000441400      1.23819     0.300399  0.000380687      1.64666      1.68292  0.000409245      1.51999      1.74033  7.48220e-14  5.97095e-14      1.19112     0.808891  1.12332e-13  0.000145409       0
      9.16129      15.4167      1.79033  5.69560e-14  0.000305633      1.23351     0.188534  0.000186405      9.68670      1.25692  0.000185998      1.66582      1.77421  6.42265e-14  5.78213e-14      2.12308      1.40816  4.28700e-14  0.000180801       0
      9.16129      15.5000      1.60170  6.85686e-14  0.000390737      1.23645     0.317685  0.000307477      5.72835      1.33045  0.000307169      1.48831      1.67324  7.74952e-14  6.37526e-14      1.15507     0.788903  1.18235e-13  0.000145934       0
      9.16129      15.5833      1.63914  6.59786e-14  0.000347242      1.45233     0.612397  0.000251455      5.32626      1.35405  0.000249324      1.55183      1.69092  7.22806e-14  6.26456e-14      1.93443      1.30095  5.00619e-14  0.000208215       0
      9.16129      15.6667      1.67564  6.36003e-14  0.000322029      1.22991     0.248984  0.000218971      6.96208      1.30253  0.000218875      1.58401      1.70567  6.98499e-14  6.17452e-14      1.18236     0.803980  1.13722e-13  0.000132035       0
      9.16129      15.7500      1.75496  5.88823e-14  0.000380896      1.40517     0.404182  0.000337594      1.76636      1.67940  0.000358240      1.57474      1.89973  7.05364e-14  5.15951e-14      2.08951      1.37685  4.40240e-14  0.000165606       0
      9.16129      15.8333      1.58962  6.94399e-14  0.000366020      1.38454     0.590940  0.000289123      4.65586      1.37376  0.000288334      1.56420      1.61770  7.13306e-14  6.74425e-14      1.18742     0.806838  1.12915e-13  0.000145740       0
      9.16129      15.9167      1.58289  6.99319e-14  0.000356900      1.17853     0.271961  0.000261582      5.09435      1.35308  0.000262363      1.53207      1.63918  7.38413e-14  6.59755e-14      1.17550     0.801009  1.14831e-13  0.000140501       0
      9.16129      16.0000      1.70319  6.18952e-14  0.000381365      1.68319      1.75000  0.000333798      1.71257      1.68479  0.000348009      1.56014      1.77451  7.16404e-14  5.78048e-14      1.24965     0.841582  1.03700e-13  0.000123356       0
      9.16129      16.0833      1.74802  5.92725e-14  0.000341275      1.41468     0.431299  0.000299324      3.54480      1.46447  0.000302230      1.62911      1.85785  6.66567e-14  5.35481e-14      2.08257      1.36991  4.42688e-14  0.000164675       0
      9.16129      16.1667      1.56779  7.10582e-14  0.000548903      1.52404      2.85938  0.000539585      1.57779      1.67167  0.000543049      1.39612      1.71989  8.62096e-14  6.08969e-14      1.85773      1.22550  5.35537e-14  0.000165802       0
      9.16129      16.2500      1.61976  6.72991e-14  0.000400193      1.36127     0.549544  0.000364089      1.63477      1.67917  0.000377882      1.52861      1.70784  7.41194e-14  6.16143e-14      1.26411     0.849002  1.01731e-13  0.000120258       0
      9.16129      16.3333      1.79337  5.67955e-14  0.000392030      1.77087      2.00000  0.000360477      1.82118      1.67714  0.000371472      1.60201      1.92353  6.85471e-14  5.05358e-14      1.35390     0.900433  9.07368e-14  0.000108029       0
      9.16129      16.4167      1.76478  5.83369e-14  0.000343070      1.43465     0.434397  0.000295071      4.71416      1.39840  0.000295534      1.71758      1.87585  6.10337e-14  5.26947e-14      1.34366     0.895328  9.18929e-14  0.000119630       0
      9.16129      16.5003      1.60891  6.80575e-14  0.000348932      1.30971     0.442572  0.000292311      1.62032      1.67940  0.000318273      1.51540      1.66696  7.51996e-14  6.41533e-14      1.25731     0.847388  1.02650e-13  0.000128221       0
      9.16129      16.5833      1.55809  7.17974e-14  0.000449513      1.35652     0.696358  0.000421894      1.58059      1.67292  0.000434292      1.41075      1.68324  8.47254e-14  6.31225e-14      1.25976     0.848412  1.02317e-13  0.000124278       0
      9.16129      16.6667      1.79734  5.65862e-14  0.000401865      1.76359      2.23438  0.000382710      1.80922      1.67636  0.000389512      1.58051      1.94265  7.01083e-14  4.97094e-14      1.43025     0.944713  8.28082e-14  0.000105250       0
      9.16129      16.7500      1.59469  6.90717e-14  0.000295512      1.25992     0.354329  0.000195018      4.96490      1.36188  0.000194138      1.51647      1.62615  7.51118e-14  6.68593e-14      1.88902      1.25906  5.20838e-14  0.000196885       0
      9.16129      16.8333      1.63745  6.60917e-14  0.000350610      1.39481     0.587222  0.000305230      3.74952      1.43381  0.000304230      1.51940      1.73194  7.48704e-14  6.01925e-14      1.25609     0.845577  1.02816e-13  0.000149067       0
      9.16129      16.9167      1.80666  5.61007e-14  0.000337880      1.45090     0.408078  0.000298322      3.71910      1.46677  0.000298653      1.64393      1.93158  6.56585e-14  5.01849e-14      1.32311     0.881978  9.42838e-14  0.000167997       0
      9.16129      17.0000      1.65326  6.50420e-14  0.000325898      1.39825     0.532149  0.000264754      1.66326      1.68292  0.000287112      1.51005      1.71058  7.56445e-14  6.14500e-14      1.29146     0.866649  9.81658e-14  0.000165864       0
      9.16129      17.0833      1.50933  7.57044e-14  0.000466128      1.46433      2.00000  0.000443494      1.52433      1.67417  0.000451770      1.35174      1.55815  9.09787e-14  7.17930e-14      1.25953     0.848142  1.02348e-13  0.000123052       0
      9.16129      17.1667      1.56085  7.15859e-14  0.000411444      1.54085      1.75000  0.000357029      4.37628      1.38328  0.000351242      1.45637      1.65493  8.03481e-14  6.49328e-14      1.15891     0.789726  1.17584e-13  0.000136044       0
      9.16129      17.2500      1.49499  7.69184e-14  0.000374479      1.22610     0.450044  0.000301964      4.10742      1.38580  0.000300089      1.42084      1.54493  8.37250e-14  7.28198e-14      1.14176     0.780645  1.20542e-13  0.000146337       0
      9.16129      17.3333      1.54441  7.28604e-14  0.000331437      1.33186     0.607814  0.000274860      1.55428      1.68132  0.000294109      1.44010      1.58557  8.18668e-14  6.97354e-14      1.22370     0.828075  1.07391e-13  0.000131344       0
      9.16129      17.4167      1.92559  5.04456e-14  0.000266826      1.51151     0.340849  0.000205087      6.97223      1.33787  0.000204015      1.81634      1.93471  5.56032e-14  5.00499e-14      1.40408     0.928297  8.53970e-14  0.000114787       0
      9.16129      17.5000      1.70062  6.20513e-14  0.000341439      1.42500     0.503478  0.000297708      1.71258      1.68188  0.000312560      1.56930      1.77758  7.09449e-14  5.76386e-14      1.28899     0.864025  9.84793e-14  0.000126080       0
      9.16129      17.5833      1.51883  7.49167e-14  0.000430453      1.32754     0.714609  0.000395935      1.53133      1.67667  0.000409622      1.36268      1.55556  8.97642e-14  7.19922e-14      1.20244     0.814927  1.10575e-13  0.000139047       0
      9.16129      17.6667      1.69432  6.24361e-14  0.000266800      1.43196     0.526757  0.000198123      4.63585      1.39330  0.000196509      1.61182      1.66595  6.78526e-14  6.42185e-14      1.28086     0.859468  9.95239e-14  0.000138007       0
      9.16129      17.7500      1.59565  6.90028e-14  0.000278507      1.30260     0.428309  0.000190391      4.36756      1.39097  0.000189382      1.54827      1.55081  7.25582e-14  7.23598e-14      1.20804     0.817928  1.09722e-13  0.000173812       0
      9.16129      17.8333      1.54917  7.24879e-14  0.000454087      1.51917      2.37500  0.000429557      1.57229      1.67448  0.000436381      1.40296      1.64918  8.55111e-14  6.53107e-14      1.20028     0.814328  1.10907e-13  0.000159369       0
      9.16129      17.9169     0.738456  2.49204e-13   0.00113678     0.712910      1.28321  0.000766239      2.35948      1.31057  0.000697228     0.693569     0.762972  2.76660e-13  2.36002e-13     0.529442     0.411296  4.33908e-13  0.000543331       0
      9.16129      18.0000     0.942084  1.66066e-13   0.00127971     0.684414     0.277423   0.00118129      2.90887      1.32352   0.00118478     0.834107     0.984039  2.03420e-13  1.54434e-13     0.682045     0.508387  2.84494e-13  0.000395054       0
      9.16129      18.0833     0.709704  2.66256e-13   0.00129293     0.481498     0.179769  0.000662414      2.88093      1.25211  0.000667898     0.669090     0.727518  2.93734e-13  2.55480e-13     0.488292     0.384386  4.96550e-13  0.000553047       0
      9.16129      18.1667     0.693751  2.76539e-13   0.00357407     0.649376      3.18750   0.00357716      1.18197      1.45085   0.00355775     0.514257     0.760855  4.55472e-13  2.37097e-13     0.477204     0.376415  5.15928e-13  0.000644306       0
      9.16129      18.2500     0.461716  5.45094e-13   0.00370621     0.295841     0.151207   0.00287302      1.89895      1.20950   0.00287940     0.414306     0.478253  6.52970e-13  5.14043e-13     0.309635     0.262893  1.06091e-12   0.00139046       0
      9.16129      18.3333      1.01090  1.47655e-13   0.00126815     0.888228     0.741913   0.00120484      2.74791      1.35915   0.00120211     0.865624      1.04628  1.91226e-13  1.39427e-13     0.750208     0.549658  2.42731e-13  0.000292133       0
      9.16129      18.4167     0.386172  7.34165e-13   0.00550076     0.263726     0.198868   0.00476708      1.26350      1.24789   0.00477186     0.336395     0.387732  9.24017e-13  7.29250e-13     0.270198     0.234665  1.33135e-12   0.00149403       0
      9.16129      18.5000      1.02932  1.43278e-13  0.000954948     0.681882     0.163514  0.000713059      5.12689      1.23666  0.000712577     0.960496      1.05320  1.60794e-13  1.37904e-13     0.667456     0.499546  2.94934e-13  0.000350425       0
      9.16129      18.5833     0.581970  3.70619e-13   0.00293557     0.560213      1.86035   0.00280670      1.17555      1.41061   0.00277522     0.515212     0.643589  4.54066e-13  3.13387e-13     0.426944     0.343589  6.21076e-13  0.000765671       0
      9.16129      18.6667     0.686103  2.81696e-13   0.00271978     0.578434     0.573242   0.00259037      1.91361      1.32586   0.00258564     0.564199     0.808342  3.90279e-13  2.14340e-13     0.461065     0.365826  5.46377e-13  0.000672505       0
      9.16129      18.7500     0.807052  2.14912e-13   0.00113717     0.544893     0.174130  0.000627915      3.93190      1.22311  0.000625757     0.802099     0.792910  2.17128e-13  2.21338e-13     0.536351     0.415136  4.24633e-13  0.000454314       0
      9.16129      18.8333      1.07958  1.32334e-13  0.000747372     0.733972     0.181470  0.000487459      5.21134      1.24556  0.000486711      1.08046      1.06969  1.32154e-13  1.34380e-13     0.738486     0.542656  2.49187e-13  0.000283525       0
      9.16129      18.9167      1.24123  1.04876e-13  0.000681619     0.909349     0.237194  0.000520924      4.75016      1.30631  0.000517712      1.11080      1.22827  1.26193e-13  1.06727e-13     0.867125     0.620679  1.90674e-13  0.000307946       0
      9.16129      19.0000      1.20030  1.10903e-13   0.00144883      1.17780      2.00000   0.00140376      1.21530      1.67417   0.00142382     0.968367      1.14479  1.58622e-13  1.20010e-13      1.35675      1.02268  9.04197e-14  0.000712080       0
      9.16129      19.0833      1.08633  1.30966e-13  0.000593083     0.793998     0.248988  0.000360688      3.77357      1.31564  0.000360705      1.02987      1.06560  1.43151e-13  1.35239e-13     0.783440     0.569457  2.25815e-13  0.000274754       0
      9.16129      19.1667      1.15701  1.17906e-13  0.000674173     0.829489     0.218270  0.000462108      1.17467      1.69195  0.000537357      1.07639      1.13409  1.32989e-13  1.21903e-13     0.791476     0.574990  2.22007e-13  0.000280080       0
      9.16129      19.2500      1.21206  1.09116e-13  0.000555216     0.900620     0.268545  0.000390184      4.38935      1.31115  0.000390884      1.19306      1.23324  1.12027e-13  1.06011e-13     0.855073     0.613666  1.95175e-13  0.000223876       0
      9.16129      19.3333      1.21095  1.09283e-13  0.000939167     0.883338     0.247680  0.000840862      1.23175      1.68498  0.000875509      1.04935      1.11490  1.38748e-13  1.25421e-13     0.779068     0.566974  2.27931e-13  0.000313873       0
      9.16129      19.4167      1.32528  9.40266e-14  0.000494713     0.978481     0.258751  0.000358112      4.96163      1.30995  0.000358082      1.28292      1.31614  9.92576e-14  9.51177e-14     0.948267     0.668929  1.64265e-13  0.000198073       0
      9.16129      19.5000      1.19144  1.12281e-13  0.000682701     0.890461     0.276259  0.000555280      3.21234      1.38127  0.000557952      1.14879      1.18510  1.19315e-13  1.13285e-13     0.840160     0.603817  2.00983e-13  0.000264446       0
      9.16129      19.5833      1.23483  1.05783e-13  0.000598125     0.869417     0.205120  0.000398013      5.92690      1.25596  0.000396420      1.15129      1.23951  1.18884e-13  1.05118e-13     0.852011     0.611812  1.96345e-13  0.000233010       0
      9.16129      19.6667      1.09159  1.29917e-13  0.000668051     0.791290     0.235914  0.000454617      4.12015      1.29700  0.000452840      1.04349      1.08987  1.40050e-13  1.30258e-13     0.761598     0.556597  2.36711e-13  0.000273790       0
      9.16129      19.7500      1.10245  1.27790e-13  0.000711245     0.769796     0.202269  0.000468031      5.27471      1.24796  0.000468084      1.07426      1.11792  1.33427e-13  1.24856e-13     0.756032     0.553351  2.39623e-13  0.000279485       0
      9.16129      19.8333      1.09966  1.28331e-13  0.000818760     0.690655     0.137086  0.000558243      6.85527      1.19577  0.000557602      1.00474      1.01172  1.49168e-13  1.47457e-13     0.714300     0.527935  2.63407e-13  0.000311798       0
      9.16129      19.9167      1.08054  1.32137e-13  0.000679718     0.856229     0.334189  0.000398156      5.38269      1.23908  0.000389409      1.06554      1.06354  1.35253e-13  1.35678e-13     0.741010     0.543647  2.47774e-13  0.000284138       0
      9.16129      20.0000     0.539894  4.19999e-13   0.00221342     0.404576     0.277850   0.00164078      1.64634      1.29871   0.00164274     0.500098     0.547187  4.77167e-13  4.10710e-13     0.391595     0.319853  7.17300e-13  0.000806791       0
      9.16129      20.0833     0.428701  6.16839e-13   0.00407309     0.235712    0.0942215   0.00230247      2.72239      1.10894   0.00235111     0.403574     0.419116  6.82167e-13  6.40529e-13     0.264543     0.230492  1.37912e-12   0.00175926       0
      9.16129      20.1667     0.707002  2.67955e-13   0.00166589     0.523736     0.242114   0.00106252      3.75590      1.19481   0.00104489     0.684878     0.716370  2.82536e-13  2.62140e-13     0.453134     0.361107  5.62407e-13  0.000655293       0
      9.16129      20.2500      1.09811  1.28632e-13  0.000807031     0.619610    0.0975284  0.000372367      12.7230      1.09192  0.000378819      1.12152      1.09517  1.24189e-13  1.29210e-13     0.676906     0.505065  2.88103e-13  0.000337326       0
      9.16129      20.3333      1.14623  1.19760e-13  0.000609189     0.805408     0.207341  0.000373827      5.16458      1.26283  0.000373749      1.10293      1.15548  1.27697e-13  1.18165e-13     0.813036     0.588039  2.12282e-13  0.000247483       0
      9.16129      20.4167      1.17764  1.14483e-13  0.000595869     0.915671     0.342895  0.000468232      3.66166      1.34263  0.000467890      1.10940      1.24605  1.26458e-13  1.04200e-13     0.864071     0.617971  1.91799e-13  0.000217505       0
      9.16129      20.5000      1.29804  9.73376e-14  0.000597963     0.927700     0.233542  0.000483757      4.19683      1.34174  0.000485089      1.24216      1.33337  1.04745e-13  9.30777e-14     0.907464     0.644830  1.76758e-13  0.000215546       0
      9.16129      20.5833      1.24726  1.04032e-13  0.000592953     0.918926     0.259010  0.000454528      4.85788      1.29807  0.000452733      1.18520      1.26390  1.13269e-13  1.01759e-13     0.865944     0.619700  1.91108e-13  0.000219211       0
      9.16129      20.6667      1.31386  9.53921e-14  0.000584891     0.843616     0.149654  0.000396669      8.22423      1.20726  0.000397077      1.32527      1.28714  9.40271e-14  9.87161e-14     0.863344     0.618443  1.92068e-13  0.000240344       0
      9.16129      20.7500      1.27266  1.00594e-13  0.000579663      1.05461     0.451429  0.000468332      3.85745      1.35605  0.000466246      1.18411      1.30900  1.13442e-13  9.59835e-14     0.907769     0.644520  1.76659e-13  0.000213912       0
      9.16129      20.8333      1.24754  1.03993e-13  0.000460409     0.940511     0.284699  0.000280584      4.39326      1.31985  0.000280308      1.18310      1.27043  1.13603e-13  1.00889e-13     0.924626     0.656193  1.71324e-13  0.000219457       0
      9.16129      20.9167      1.25926  1.02384e-13  0.000502722     0.932750     0.260272  0.000342280      3.92643      1.34820  0.000342938      1.22760      1.30284  1.06823e-13  9.67405e-14     0.896354     0.637685  1.80425e-13  0.000214483       0
      9.16129      21.0000      1.46718  7.93640e-14  0.000455243      1.12825     0.305887  0.000352533      5.39796      1.31906  0.000352267      1.36547      1.54424  8.94597e-14  7.28736e-14      1.04768     0.727874  1.39117e-13  0.000169186       0
      9.16129      21.0833      1.31696  9.50180e-14  0.000480660     0.936508     0.219441  0.000312762      5.20391      1.29940  0.000312161      1.33057      1.30167  9.34043e-14  9.68860e-14     0.921298     0.653727  1.72357e-13  0.000220033       0
      9.16129      21.1667      1.32682  9.38444e-14  0.000486209     0.936371     0.209076  0.000312137      5.49360      1.29089  0.000311451      1.29865      1.30317  9.72616e-14  9.67004e-14      1.54004      1.07595  7.32054e-14  0.000304653       0
      9.16129      21.2500      1.14099  1.20677e-13  0.000551522     0.893272     0.342443  0.000387305      3.32084      1.35754  0.000388323      1.07580      1.21051  1.33109e-13  1.09350e-13     0.845145     0.607725  1.99011e-13  0.000239700       0
      9.16129      21.3333      1.24361  1.04541e-13  0.000637828     0.862608     0.204028  0.000491744      4.54226      1.31258  0.000493529      1.24903      1.24109  1.03787e-13  1.04895e-13     0.858050     0.615708  1.94047e-13  0.000250330       0
      9.16129      21.4167      1.34488  9.17540e-14  0.000415810      1.02541     0.299669  0.000276057      4.16094      1.35593  0.000275664      1.29637      1.36741  9.75468e-14  8.92474e-14     0.997239     0.697922  1.51042e-13  0.000180120       0
      9.16129      21.5000      1.31216  9.55982e-14  0.000619981      1.03243     0.372939  0.000547167      3.60334      1.37946  0.000546914      1.22746      1.38026  1.06843e-13  8.78679e-14     0.973217     0.684207  1.57306e-13  0.000203872       0
      9.16129      21.5833      1.30436  9.65528e-14  0.000576650     0.942436     0.236320  0.000452356      4.52317      1.32523  0.000454071      1.27908      1.31729  9.97541e-14  9.49789e-14     0.930821     0.658655  1.69428e-13  0.000215338       0
      9.16129      21.6667     0.786030  2.24576e-13   0.00124059     0.527196     0.174579  0.000815855      3.45212      1.24071  0.000820407     0.772992     0.793915  2.30925e-13  2.20871e-13     0.541428     0.418920  4.18018e-13  0.000477563       0
      9.16129      21.7500     0.668412  2.94231e-13   0.00178485     0.394267     0.110381  0.000893076      3.91797      1.16983  0.000902764     0.642174     0.669438  3.14539e-13  2.93480e-13     0.415454     0.335809  6.49967e-13  0.000717107       0
      9.16129      21.8333     0.775573  2.29646e-13   0.00380384     0.690573      5.06250   0.00379352     0.690573      1.67355   0.00380701     0.593462     0.972996  3.58736e-13  1.57366e-13     0.586941     0.447415  3.65403e-13  0.000497112       0
      9.16129      21.9167     0.766177  2.34358e-13   0.00182294     0.539079     0.241276   0.00165730      2.59957      1.28731   0.00166099     0.695799     0.804731  2.75184e-13  2.15945e-13     0.542044     0.419692  4.17226e-13  0.000602947       0
      9.16129      22.0000     0.780509  2.27230e-13   0.00156685     0.474048     0.123817   0.00106836      5.12834      1.15925   0.00107449     0.773818     0.792272  2.30514e-13  2.21635e-13     0.492141     0.386417  4.90095e-13  0.000520151       0
      9.16129      22.0833     0.810525  2.13379e-13   0.00118741     0.527125     0.153132  0.000702030      3.91774      1.22447  0.000704336     0.768113     0.811255  2.33375e-13  2.13059e-13     0.546103     0.422626  4.12071e-13  0.000492723       0
      9.16129      22.1667     0.943688  1.65595e-13   0.00142501     0.909627      2.45703   0.00138942      1.86149      1.43954   0.00137202     0.885931     0.992394  1.83977e-13  1.52273e-13     0.719164     0.530971  2.60445e-13  0.000320036       0
      9.16129      22.2500     0.833388  2.03712e-13   0.00106215     0.572811     0.189783  0.000657840      3.49560      1.25542  0.000663130     0.792923     0.863117  2.21332e-13  1.92152e-13     0.582075     0.445529  3.70507e-13  0.000436292       0
      9.16129      22.3333     0.696494  2.74726e-13   0.00139912     0.475898     0.187055  0.000818957      2.90676      1.24382  0.000822869     0.668036     0.693749  2.94507e-13  2.76540e-13     0.480841     0.379667  5.09440e-13  0.000598269       0
      9.16129      22.4167     0.753572  2.40928e-13   0.00133444     0.481880     0.144615  0.000744699      3.95452      1.20136  0.000747635     0.775829     0.768721  2.29519e-13  2.33067e-13     0.498439     0.390955  4.79818e-13  0.000533629       0
      9.16129      22.5000     0.688628  2.79976e-13   0.00167792     0.437906     0.144227   0.00107651      3.62221      1.19296   0.00107849     0.657235     0.697615  3.02618e-13  2.73991e-13     0.449523     0.358632  5.69958e-13  0.000668741       0
      9.16129      22.5833     0.767529  2.33671e-13   0.00118511     0.484749     0.138403  0.000439490      4.31504      1.18943  0.000450727     0.743691     0.755067  2.46287e-13  2.40133e-13     0.511196     0.399499  4.60027e-13  0.000513867       0
      9.16129      22.6667     0.799347  2.18375e-13   0.00112235     0.544689     0.184661  0.000644779      3.63457      1.23501  0.000647449     0.820495     0.784999  2.09075e-13  2.25068e-13     0.551729     0.426052  4.05091e-13  0.000488289       0
      9.16129      22.7500      1.04063  1.40692e-13  0.000867994     0.626407     0.118167  0.000480119      7.92011      1.15734  0.000482550      1.05493      1.04978  1.37528e-13  1.38655e-13     0.661957     0.495289  2.99029e-13  0.000336276       0
      9.16129      22.8333     0.985546  1.54040e-13  0.000966945     0.585446     0.114610  0.000558369      7.72438      1.14709  0.000560362     0.979705     0.969825  1.55574e-13  1.58224e-13     0.620026     0.468742  3.33488e-13  0.000404480       0
      9.16129      22.9167     0.775380  2.29741e-13   0.00146808     0.530665     0.188056   0.00111406      3.41987      1.23779   0.00111501     0.773280     0.788222  2.30782e-13  2.23536e-13     0.530243     0.411838  4.32816e-13  0.000502977       0
      9.16129      23.0000     0.783919  2.25585e-13   0.00145214     0.487251     0.134600  0.000991313      4.05023      1.20653  0.000999607     0.776556     0.786467  2.29161e-13  2.24368e-13     0.515820     0.402230  4.53174e-13  0.000518103       0
      9.16129      23.0833     0.784242  2.25430e-13   0.00137474     0.480203     0.127460  0.000852375      4.56107      1.18342  0.000858533     0.783333     0.773092  2.25866e-13  2.30875e-13     0.509062     0.397842  4.63246e-13  0.000527614       0
      9.16129      23.1667     0.672065  2.91570e-13   0.00150508     0.471372     0.210196   0.00101037      2.34493      1.28184   0.00101193     0.647090     0.689594  3.10566e-13  2.79323e-13     0.485105     0.382907  5.01998e-13  0.000610242       0
      9.16129      23.2500      1.00257  1.49706e-13  0.000901394     0.688100     0.189459  0.000635742      4.50176      1.25436  0.000636319      1.00773     0.995436  1.48430e-13  1.51498e-13     0.680966     0.507570  2.85246e-13  0.000334211       0
      9.16129      23.3333     0.708052  2.67293e-13   0.00352173     0.629611      4.94922   0.00345546     0.638050      1.67605   0.00345469     0.567005     0.759631  3.87065e-13  2.37734e-13     0.798819     0.577816  2.18616e-13  0.000300827       0
      9.16129      23.4167      1.64031  6.59003e-14  0.000608574      1.51280      6.96875  0.000589454      1.65030      1.64417  0.000589630      1.43725      1.92176  8.21373e-14  5.06133e-14      2.81313      1.65835  2.68192e-14  6.18996e-05       0
      9.16129      23.5000      1.72049  6.08617e-14  0.000993050      1.63549      4.56250  0.000995133      1.73549      1.65167   0.00100078      1.30624      1.65150  9.63215e-14  6.51574e-14      2.01647      1.37272  4.67134e-14  0.000471662       0
      9.16129      23.5833      1.35621  9.04798e-14  0.000568075      1.09970     0.459802  0.000518607      3.32719      1.40308  0.000519344      1.23956      1.52489  1.05111e-13  7.44216e-14      1.07827     0.745098  1.32602e-13  0.000166396       0
      9.16129      23.6667      1.29574  9.76266e-14  0.000467865     0.993593     0.303079  0.000319806      4.09667      1.34743  0.000319694      1.29596      1.27992  9.75980e-14  9.96460e-14      1.50895      1.04487  7.57367e-14  0.000272746       0
      9.16129      23.7500     0.910582  1.75751e-13  0.000985048     0.554440     0.123274  0.000459788      6.48529      1.15780  0.000468234     0.918514     0.891490  1.73228e-13  1.82068e-13     0.595040     0.453009  3.57151e-13  0.000418652       0
      9.16129      23.8333     0.835749  2.02754e-13   0.00122096     0.503885     0.118102  0.000639940      5.80934      1.15604  0.000643194     0.836865     0.833971  2.02303e-13  2.03475e-13     0.533690     0.414369  4.28167e-13  0.000489162       0
      9.16129      23.9167     0.940961  1.66396e-13  0.000877780     0.660997     0.207250  0.000573956      3.73278      1.27591  0.000576934     0.942111     0.948101  1.66058e-13  1.64313e-13     0.677755     0.504879  2.87502e-13  0.000312950       0
