      9.16129      0.00000     0.491187  4.91682e-13    0.0168304     0.346422      7.22363    0.0156241     0.347516      1.67876    0.0156207     0.333660     0.602955  9.36675e-13  3.49372e-13     0.636804     0.480398  3.18972e-13  0.000473745       0
      9.16129    0.0833333     0.969292  1.58369e-13   0.00220026     0.887415      4.46094   0.00219380     0.985717      1.63374   0.00219567     0.821458      1.11437  2.08667e-13  1.25520e-13     0.832755     0.600962  2.03970e-13  0.000287545       0
      9.16129     0.166667     0.278877  1.26301e-12     0.108432     0.129722      7.69012    0.0930463     0.126843      1.68410    0.0928349     0.127186     0.274999  4.67410e-12  1.29284e-12     0.883576     0.631766  1.84794e-13  0.000289858       0
      9.16129     0.250000     0.321686  9.95501e-13    0.0717500     0.161686      7.71875    0.0622599     0.160436      1.68168    0.0621891     0.160214     0.334738  3.18123e-12  9.31652e-13     0.784070     0.571863  2.25513e-13  0.000342107       0
      9.16129     0.333333     0.184703  2.50981e-12    0.0114760     0.170255      425.629   0.00728512     0.116566      1.96765   0.00536002     0.199368     0.202333  2.20972e-12  2.15602e-12      1.01952     0.714581  1.45582e-13  0.000269122       0
      9.16129     0.416667     0.508354  4.64321e-13    0.0101006     0.413354      5.06250   0.00972343     0.413354      1.67855   0.00971551     0.403784     0.626167  6.81575e-13  3.28054e-13     0.567026     0.435503  3.87042e-13  0.000603478       0
      9.16129     0.500000     0.359613  8.26744e-13    0.0135174     0.299613      4.25000    0.0127097     0.307308      1.67414    0.0126829     0.322831     0.435074  9.89623e-13  6.01853e-13     0.954034     0.673866  1.62613e-13  0.000236970       0
      9.16129     0.583333     0.540822  4.18799e-13    0.0155904     0.368322      8.90625    0.0144021     0.363415      1.68568    0.0143994     0.356030     0.656968  8.40654e-13  3.02823e-13     0.740479     0.545305  2.48070e-13  0.000375416       0
      9.16129     0.666667     0.698477  2.73427e-13   0.00651681     0.564256      6.72461   0.00626178     0.557274      1.67772   0.00625676     0.537038     0.856059  4.23728e-13  1.94800e-13     0.794447     0.580035  2.20625e-13  0.000358889       0
      9.16129     0.750000     0.398573  6.96491e-13    0.0410225     0.222532      8.90997    0.0361740     0.224617      1.68085    0.0362009     0.219427     0.439359  1.88342e-12  5.92103e-13     0.935818     0.662743  1.67923e-13  0.000216232       0
      9.16129     0.833333     0.375170  7.70398e-13    0.0424825     0.217670      7.90625    0.0377109     0.212670      1.68511    0.0376414     0.213109     0.437985  1.97740e-12  5.95200e-13     0.858563     0.617688  1.93854e-13  0.000318042       0
      9.16129     0.916667     0.599909  3.52333e-13   0.00610416     0.514909      5.06250   0.00594498     0.518034      1.67800   0.00594064     0.508107     0.699144  4.64697e-13  2.72993e-13     0.644363     0.485758  3.12760e-13  0.000600024       0
      9.16129      1.00000     0.559852  3.95343e-13   0.00508819     0.491103      4.09375   0.00492934     0.502431      1.67547   0.00492182     0.514325     0.639745  4.55371e-13  3.16532e-13     0.816077     0.590378  2.10965e-13  0.000328144       0
      9.16129      1.08333     0.639525  3.16713e-13   0.00470524     0.569525      3.81250   0.00467660     0.589525      1.67542   0.00467701     0.539304     0.745618  4.20765e-13  2.45227e-13     0.722026     0.550150  2.58727e-13  0.000878166       0
      9.16129      1.16667     0.547768  4.09985e-13    0.0129513     0.395269      7.53125    0.0120792     0.394019      1.68246    0.0120772     0.385275     0.659948  7.37017e-13  3.00547e-13     0.748483     0.549754  2.43665e-13  0.000358672       0
      9.16129      1.25000     0.255226  1.46405e-12     0.910303    0.0827257      8.90625     0.891296    0.0827257      1.67886     0.890822     0.167186     0.159698  2.96320e-12  3.19837e-12     0.119679     0.381456  5.17289e-12    0.0850201       1
      9.16129      1.33333     0.892130  1.81851e-13   0.00246163     0.817130      3.93750   0.00245500     0.913281      1.63663   0.00245538     0.763796      1.03245  2.35577e-13  1.42554e-13     0.772846     0.564902  2.30998e-13  0.000358974       0
      9.16129      1.41667     0.809050  2.14028e-13   0.00340102     0.714051      5.31250   0.00333398     0.714911      1.67846   0.00333195     0.691254     0.953635  2.78206e-13  1.62727e-13     0.936738     0.663881  1.67648e-13  0.000257118       0
      9.16129      1.50000     0.714831  2.63082e-13   0.00569212     0.587331      7.21875   0.00547146     0.577331      1.68074   0.00546673     0.560899     0.869852  3.94114e-13  1.89679e-13     0.867179     0.622476  1.90655e-13  0.000268606       0
      9.16129      1.58333     0.305472  1.08512e-12     0.226991     0.138283      8.43359     0.217242     0.138283      1.68093     0.217051     0.180407     0.370619  2.61020e-12  7.86230e-13     0.210471     0.386720  2.01887e-12    0.0276645       0
      9.16129      1.66667     0.252849  1.48705e-12     0.118619     0.120552      7.01431     0.102056     0.121849      1.68014     0.102029     0.119855     0.259822  5.16022e-12  1.42114e-12     0.768949     0.564006  2.32952e-13  0.000411992       0
      9.16129      1.75000     0.662580  2.98560e-13   0.00992613     0.477661      9.36621   0.00928181     0.460825      1.68964   0.00927493     0.454606     0.796580  5.59377e-13  2.19641e-13     0.763940     0.557418  2.35503e-13  0.000328464       0
      9.16129      1.83333     0.381575  7.48967e-13   0.00908400     0.336694      13.8462   0.00837931     0.216777      1.94046   0.00821590     0.356511     0.459872  8.38766e-13  5.48742e-13      1.26239     0.855080  1.01962e-13  0.000264247       0
      9.16129      1.91667    0.0648009  1.43811e-11      105.713    0.0648009      1.50000      105.730    0.0648009      1.66667      105.713    0.0265118    0.0238248  6.37819e-11  7.62162e-11      10000.0      10000.0  3.23914e-20  0.000264247       1
      9.16129      2.00000     0.258923  1.42937e-12     0.105086     0.129549      6.55469    0.0911676     0.129549      1.68081    0.0910544     0.127464     0.268798  4.65711e-12  1.34293e-12     0.605160     0.460853  3.47252e-13  0.000524308       0
      9.16129      2.08333    0.0599551  1.63701e-11     0.891974    0.0431583      1.90820     0.866741    0.0459708      1.66757     0.861480    0.0558531    0.0748601  1.84226e-11  1.13069e-11     0.101374     0.247730  6.82157e-12     0.100985       0
      9.16129      2.16667     0.168614  2.92151e-12    0.0476260     0.135098      3.05176    0.0437978     0.141348      1.67369    0.0436474     0.152272     0.213503  3.46256e-12  1.97132e-12      3.32432      2.38440  2.03044e-14  0.000185884       0
      9.16129      2.25000     0.707487  2.67649e-13   0.00820612     0.530262      9.15674   0.00770672     0.509971      1.68993   0.00769796     0.500283     0.843851  4.76873e-13  1.99520e-13      1.01070     0.707838  1.47705e-13  0.000217453       0
      9.16129      2.33333     0.305774  1.08333e-12    0.0526545     0.186103      6.65586    0.0469325     0.188274      1.67324    0.0468901     0.186525     0.366005  2.46908e-12  8.02818e-13      1.12519     0.774636  1.23515e-13  0.000242424       0
      9.16129      2.41667    0.0840435  9.32370e-12      38.5623       0       0          NaN       0       0      38.6216    0.0331095    0.0437460  4.40394e-11  2.76821e-11      10000.0      10000.0  3.23914e-20  0.000242424       1
      9.16129      2.50000    0.0957775  7.49877e-12    0.0926186    0.0814740      4.27715    0.0849771    0.0839025      1.66964    0.0844778    0.0903585     0.118074  8.26319e-12  5.29057e-12     0.348010     0.287588  8.73191e-13   0.00297930       0
      9.16129      2.58333     0.104432  6.49189e-12     0.110459    0.0870925      6.01172     0.102308    0.0883386      1.67116     0.101901    0.0929948     0.131000  7.87646e-12  4.44947e-12      1.64769      1.24906  6.54086e-14  0.000991340       0
      9.16129      2.66667     0.416387  6.47541e-13    0.0198250     0.307684      5.89294    0.0186472     0.308368      1.67455    0.0186293     0.292024     0.521300  1.16967e-12  4.45262e-13     0.492451     0.387138  4.89581e-13   0.00111310       0
      9.16129      2.75000     0.337611  9.18478e-13    0.0305769     0.237612      5.68750    0.0281707     0.237612      1.67980    0.0281328     0.237860     0.417760  1.64649e-12  6.43997e-13     0.688052     0.513189  2.80367e-13  0.000452604       0
      9.16129      2.83333     0.308092  1.06978e-12    0.0897828     0.145592      7.78125    0.0772025     0.143854      1.68364    0.0770829     0.141635     0.304462  3.90670e-12  1.09112e-12     0.813729     0.590620  2.11981e-13  0.000344997       0
      9.16129      2.91667     0.585643  3.66753e-13   0.00628650     0.500643      5.06250   0.00607466     0.503768      1.67800   0.00606808     0.486321     0.685556  4.99909e-13  2.82070e-13     0.764638     0.560989  2.35145e-13  0.000394056       0
      9.16129      3.00000     0.133346  4.31978e-12      10.3775       0       0          NaN       0       0      10.4010    0.0437407    0.0499338  2.76877e-11  2.22043e-11      10000.0      10000.0  3.23914e-20  0.000394056       1
      9.16129      3.08333     0.593313  3.58885e-13   0.00652822     0.500813      5.31250   0.00633294     0.508313      1.67355   0.00633035     0.490091     0.742759  4.93515e-13  2.46802e-13     0.676749     0.504094  2.88215e-13  0.000417410       0
      9.16129      3.16667    0.0845150  9.23718e-12    0.0792794    0.0756264      84.1658    0.0673074    0.0754134      1.67133    0.0672153    0.0810849     0.100013  9.89758e-12  6.97693e-12      4.75769      3.77661  1.11712e-14  0.000184452       0
      9.16129      3.25000     0.599211  3.53017e-13    0.0107513     0.446712      7.78125    0.0100389     0.436712      1.68511    0.0100263     0.430790     0.743052  6.11861e-13  2.46640e-13     0.945733     0.667501  1.64999e-13  0.000209373       0
      9.16129      3.33333     0.169121  2.90693e-12    0.0316923     0.150858      28.4545    0.0286665     0.112583      1.89894    0.0279181     0.167355     0.200446  2.95824e-12  2.18995e-12      1.00567     0.704969  1.48936e-13  0.000252866       0
      9.16129      3.41667     0.355078  8.44413e-13    0.0306790     0.242320      6.41583    0.0279712     0.240953      1.67898    0.0279246     0.244709     0.438434  1.57041e-12  5.94185e-13      1.00360     0.703555  1.49449e-13  0.000216351       0
      9.16129      3.50000     0.302412  1.10348e-12    0.0523323     0.184912      6.71875    0.0468023     0.187180      1.67995    0.0468058     0.185608     0.362790  2.48943e-12  8.14709e-13     0.981866     0.690468  1.55004e-13  0.000256168       0
      9.16129      3.58333     0.668370  2.94262e-13    0.0108508     0.461659      10.3331   0.00995192     0.439628      1.69371   0.00993741     0.443181     0.773199  5.83616e-13  2.30822e-13      1.12221     0.772796  1.24062e-13  0.000204647       0
      9.16129      3.66667     0.136682  4.14551e-12    0.0848860     0.106682      2.87500    0.0784696     0.111467      1.67090    0.0781021     0.116120     0.175452  5.43980e-12  2.73421e-12      3.44822      2.65174  1.91031e-14  0.000232668       0
      9.16129      3.75000     0.771376  2.31732e-13   0.00371336     0.678173      5.14551   0.00364543     0.686376      1.67355   0.00364346     0.655123     0.862365  3.04245e-13  1.92432e-13     0.799550     0.582731  2.18283e-13  0.000425615       0
      9.16129      3.83333     0.393696  7.10932e-13    0.0252838     0.273212      6.73016    0.0230707     0.270288      1.67806    0.0230161     0.270293     0.484887  1.33057e-12  5.02375e-13      1.14376     0.785046  1.20191e-13  0.000168377       0
      9.16129      3.91667    0.0458566  2.55913e-11      86.1584       0       0          NaN       0       0      86.3470    0.0138404    0.0949443  1.88444e-10  7.60876e-12      10000.0      10000.0  3.23914e-20  0.000168377       1
      9.16129      4.00000     0.524528  4.40705e-13    0.0144052     0.380476      7.80750    0.0134162     0.376203      1.68104    0.0134043     0.367502     0.642774  7.97374e-13  3.14050e-13     0.748009     0.549716  2.43922e-13  0.000384096       0
      9.16129      4.08333    0.0333212  4.35740e-11      4.42249      0.00000      0.00000          NaN    0.0167880      1.66867      3.90883    0.0300589    0.0382380  5.17376e-11  3.46421e-11    0.0177036    0.0642685  1.25024e-10      3.25976       0
      9.16129      4.16667    0.0789165  1.03550e-11    0.0525800    0.0720832      102.300    0.0338737    0.0556822      1.98431    0.0256883    0.0830865    0.0887358  9.50339e-12  8.51656e-12      4.78793      3.90065  1.10539e-14  0.000198404       0
      9.16129      4.25000    0.0805625  1.00048e-11     0.106271    0.0712201      56.6142    0.0941619    0.0567336      1.94708    0.0917406    0.0790094    0.0982250  1.03347e-11  7.18994e-12      1.67423      1.08805  6.36898e-14  0.000181432       0
      9.16129      4.33333     0.148483  3.61104e-12    0.0334398     0.132422      14.7982    0.0293165    0.0921907      1.99569    0.0281228     0.149184     0.176994  3.58281e-12  2.69461e-12      1.32790     0.889604  9.37173e-14  0.000181322       0
      9.16129      4.41667    0.0659014  1.39831e-11    0.0915344    0.0597825      77.6114    0.0715718    0.0483133      1.96500    0.0651996    0.0700123    0.0738054  1.26417e-11  1.15775e-11      4.07692      3.15497  1.44503e-14  0.000237065       0
      9.16129      4.50000     0.406663  6.73553e-13    0.0338821     0.244163      7.78125    0.0302902     0.240335      1.68366    0.0302535     0.241423     0.467096  1.60619e-12  5.34669e-13      1.00496     0.704583  1.49112e-13  0.000189307       0
      9.16129      4.58333     0.152307  3.46121e-12      30.0559     0.152307      1.50000      30.0581     0.152307      1.66667      30.0559    0.0664352    0.0664151  1.37964e-11  1.38033e-11     0.152307     0.162307  3.46121e-12    0.0532379       1
      9.16129      4.66667    0.0394828  3.28410e-11      102.111       0       0          NaN       0       0      102.328    0.0273237    0.0323435  6.06546e-11  4.57914e-11      10000.0      10000.0  3.23914e-20    0.0532379       0
      9.16129      4.75000     0.474413  5.20996e-13   0.00715170     0.405663      4.09375   0.00676983     0.417538      1.67362   0.00675586     0.437006     0.561107  5.97425e-13  3.93870e-13      1.01077     0.707446  1.47688e-13  0.000342497       0
      9.16129      4.83333     0.402587  6.84957e-13    0.0146213     0.324774      5.12891    0.0138186     0.324462      1.67534    0.0137725     0.349532     0.491674  8.66866e-13  4.90871e-13     0.698935     0.521840  2.73129e-13  0.000876828       0
      9.16129      4.91667     0.507911  4.64996e-13    0.0102933     0.412911      5.31250   0.00990140     0.411662      1.67839   0.00988892     0.410465     0.577920  6.63187e-13  3.74958e-13     0.566232     0.436290  3.87946e-13   0.00101868       0
      9.16129      5.00000     0.636348  3.19353e-13   0.00619819     0.531347      5.31250   0.00601075     0.540878      1.67575   0.00600913     0.553837     0.753313  4.02524e-13  2.41066e-13     0.718307     0.531389  2.60963e-13  0.000492638       0
      9.16129      5.08333     0.998419  1.50744e-13   0.00196265     0.913419      5.06250   0.00194844      1.02467      1.62917   0.00194820     0.867586      1.12236  1.90506e-13  1.24035e-13     0.971045     0.685424  1.57893e-13  0.000287499       0
      9.16129      5.16667     0.281691  1.24205e-12    0.0617635     0.168932      6.41583    0.0551552     0.170619      1.67676    0.0551172     0.167514     0.331523  2.95354e-12  9.46757e-13     0.543630     0.421204  4.15199e-13  0.000862479       0
      9.16129      5.25000     0.756701  2.39270e-13   0.00546283     0.622484      6.72461   0.00529423     0.618265      1.67765   0.00529200     0.579047     0.896113  3.73743e-13  1.80506e-13     0.867328     0.632327  1.90600e-13  0.000417557       0
      9.16129      5.33333     0.630389  3.24401e-13   0.00469244     0.567028      3.59277   0.00467601     0.580387      1.67042   0.00468369     0.540900     0.747500  4.18697e-13  2.44199e-13     0.496718     0.389699  4.82590e-13  0.000813568       0
      9.16129      5.41667     0.845904  1.98714e-13   0.00180507     0.813404      2.62500   0.00178058      1.41957      1.48225   0.00177017     0.761324     0.842080  2.36854e-13  2.00220e-13     0.642285     0.484900  3.14448e-13  0.000642873       0
      9.16129      5.50000      1.40923  8.48773e-14   0.00233103      1.07759      15.7336   0.00220896      1.44677      1.56744   0.00221199      1.02069      1.68521  1.45303e-13  6.29997e-14      1.34063     0.896094  9.22387e-14  0.000213438       0
      9.16129      5.58333      1.22551  1.07127e-13   0.00403442     0.843621      17.9609   0.00368290      1.27802      1.51169   0.00369618     0.801565      1.39711  2.17369e-13  8.61077e-14      2.28179      1.39743  3.80163e-14  8.37420e-05       0
      9.16129      5.66667      1.24511  1.04331e-13   0.00492184     0.774519      20.8203   0.00442453      1.29339      1.48201   0.00445026     0.730859      1.39673  2.53536e-13  8.61472e-14      1.97115      1.24006  4.85174e-14  0.000122414       0
      9.16129      5.75000      1.46466  7.95919e-14   0.00237452      1.09527      17.5547   0.00221593      1.51873      1.55231   0.00222199      1.02800      1.67090  1.43585e-13  6.39015e-14      2.16079      1.33955  4.16303e-14  8.00098e-05       0
      9.16129      5.83333     0.762277  2.36360e-13    0.0220813     0.339102      19.4430    0.0187985     0.318857      1.70940    0.0187946     0.331853     0.708118  9.45191e-13  2.67251e-13      2.89319      1.71719  2.55938e-14  7.93854e-05       0
      9.16129      5.91667      1.14171  1.20550e-13   0.00772245     0.618594      23.8516   0.00675210      1.22043      1.41736   0.00681751     0.593251      1.19108  3.58948e-13  1.12338e-13      2.11868      1.31660  4.30184e-14  0.000111001       0
      9.16129      6.00000      1.54318  7.29568e-14   0.00202367      1.18673      16.5010   0.00190785      1.59725      1.55231   0.00190771      1.09046      1.78109  1.30140e-13  5.74494e-14      1.85836      1.18450  5.35237e-14  0.000131508       0
      9.16129      6.08333      1.72703  6.04775e-14   0.00187353      1.27144      20.2578   0.00173764      1.77111      1.55731   0.00174470      1.17782      1.90197  1.14454e-13  5.14938e-14      2.71116      1.62442  2.85213e-14  7.93743e-05       0
      9.16129      6.16667     0.850197  1.97044e-13   0.00931617     0.531901      13.9182   0.00832791     0.915606      1.45094   0.00838713     0.515529     0.949235  4.53601e-13  1.63986e-13      2.45648      1.49352  3.36182e-14  8.14321e-05       0
      9.16129      6.25000      1.21295  1.08982e-13   0.00748884     0.642338      25.5159   0.00652734      1.29677      1.40954   0.00658969     0.612645      1.13829  3.40211e-13  1.21155e-13      3.26272      1.89344  2.09474e-14  6.97589e-05       0
      9.16129      6.33333      1.55520  7.20201e-14   0.00393200     0.904982      28.8839   0.00348549      1.61228      1.47154   0.00351428     0.853368      1.65145  1.95825e-13  6.51605e-14      2.77084      1.65819  2.75049e-14  7.88631e-05       0
      9.16129      6.41667      1.41193  8.46069e-14   0.00384707     0.897614      23.0258   0.00344878      1.45959      1.49143   0.00346634     0.856568      1.61101  1.94607e-13  6.79097e-14      3.38155      1.96104  1.97349e-14  6.59070e-05       0
      9.16129      6.50000      2.06074  4.50530e-14   0.00190072      1.36083      30.0671   0.00172349      2.11660      1.51903   0.00172971      1.25699      2.16174  1.02694e-13  4.15997e-14      2.54216      1.51333  3.17509e-14  6.50115e-05       0
      9.16129      6.58333      1.88396  5.23170e-14   0.00151963      1.42611      20.9502   0.00141422      1.91644      1.56862   0.00141868      1.32071      2.15647  9.45689e-14  4.17693e-14      2.30505      1.38708  3.73791e-14  6.83272e-05       0
      9.16129      6.66667      2.02682  4.63166e-14   0.00134687      1.52375      22.6553   0.00124807      2.05595      1.56908   0.00125254      1.43926      2.37455  8.19466e-14  3.55736e-14      2.50567      1.47440  3.25255e-14  5.73988e-05       0
      9.16129      6.75000      1.79474  5.67229e-14   0.00214869      1.23873      24.7124   0.00196240      1.83567      1.53106   0.00196861      1.14485      1.93617  1.20001e-13  4.99869e-14      2.75131      1.63661  2.78310e-14  7.20268e-05       0
      9.16129      6.83333      2.08490  4.41864e-14   0.00128162      1.57013      23.1483   0.00120320      2.11003      1.57024   0.00120521      1.39683      2.39841  8.61367e-14  3.49855e-14      2.54362      1.54646  3.17207e-14  9.28240e-05       0
      9.16129      6.91667      1.85443  5.37127e-14   0.00194966      1.28383      25.3022   0.00177899      1.89677      1.53712   0.00178741      1.21439      2.04006  1.08767e-13  4.58169e-14      4.58268      2.55197  1.18913e-14  5.37415e-05       0
      9.16129      7.00000      2.67966  2.90823e-14  0.000588903      2.23255      20.6392  0.000562689      2.69279      1.60792  0.000563207      2.02474      3.10269  4.63961e-14  2.27788e-14      3.31757      1.92398  2.03734e-14  6.24292e-05       0
      9.16129      7.08333      2.33478  3.65891e-14   0.00139675      1.59599      32.3728   0.00127769      2.38851      1.53842   0.00128319      1.45274      2.48323  8.06833e-14  3.30167e-14      4.49606      2.52565  1.22756e-14  5.48165e-05       0
      9.16129      7.16667      2.24399  3.90897e-14   0.00145307      1.53824      30.1685   0.00132632      2.29645      1.53758   0.00133130      1.43149      2.56066  8.26895e-14  3.13696e-14      3.62460      2.07407  1.75791e-14  5.70115e-05       0
      9.16129      7.25000      2.59949  3.05925e-14  0.000635650      2.16551      19.3723  0.000608844      2.62158      1.61101  0.000610171      1.99012      3.01660  4.77491e-14  2.38726e-14      3.21842      1.87386  2.14301e-14  7.00720e-05       0
      9.16129      7.33333      1.93275  5.01345e-14   0.00183354      1.34659      26.4368   0.00167495      1.97508      1.53712   0.00168072      1.25391      2.25240  1.03114e-13  3.88466e-14      3.83778      2.18204  1.59820e-14  5.72033e-05       0
      9.16129      7.41667      2.64373  2.97441e-14  0.000723145      2.09793      24.7485  0.000685192      2.66164      1.59350  0.000686273      1.88652      2.91770  5.21989e-14  2.52364e-14      3.26169      1.90276  2.09584e-14  5.96858e-05       0
      9.16129      7.50000      2.08813  4.40723e-14   0.00155648      1.44825      27.3037   0.00143387      2.14186      1.53842   0.00143658      1.30477      2.21478  9.65026e-14  3.99525e-14      2.54282      1.55920  3.17373e-14  0.000107415       0
      9.16129      7.58333      1.88240  5.23892e-14   0.00153492      1.42582      20.6133   0.00143398      1.91154      1.56908   0.00143789      1.29598      2.13409  9.75962e-14  4.25018e-14      3.15116      1.84839  2.21979e-14  8.34325e-05       0
      9.16129      7.66667      1.75957  5.86251e-14   0.00156359      1.36520      18.3672   0.00146679      1.78898      1.57612   0.00147016      1.26285      1.96311  1.01900e-13  4.88489e-14      2.31298      1.41672  3.71658e-14  8.95093e-05       0
      9.16129      7.75000      1.98732  4.78610e-14   0.00179873      1.36446      27.8353   0.00164748      2.03091      1.53580   0.00165360      1.26954      2.14013  1.01007e-13  4.23023e-14      2.45224      1.46310  3.37152e-14  7.57375e-05       0
      9.16129      7.83333      1.35167  9.09867e-14   0.00420720     0.848627      22.6553   0.00379951      1.39551      1.49215   0.00382065     0.777444      1.45009  2.28725e-13  8.09294e-14      1.71132      1.09523  6.14061e-14  0.000154893       0
      9.16129      7.91667      1.18442  1.13392e-13   0.00455144     0.790990      18.0117   0.00417607      1.25049      1.49937   0.00419367     0.684971      1.33748  2.82472e-13  9.26018e-14      1.39679     0.929338  8.61413e-14  0.000269484       0
      9.16129      8.00000      1.15926  1.17524e-13   0.00497182     0.744865      18.6172   0.00448562      1.20690      1.49143   0.00451034     0.716651      1.30162  2.61969e-13  9.68923e-14      1.75268      1.12137  5.90100e-14  0.000140683       0
      9.16129      8.08333      1.12862  1.22890e-13   0.00672582     0.668000      20.8203   0.00596500      1.19724      1.44827   0.00600843     0.630280      1.22607  3.24494e-13  1.07046e-13      2.19564      1.35229  4.05347e-14  0.000104532       0
      9.16129      8.16667      1.26921  1.01050e-13   0.00401733     0.855095      18.4463   0.00365566      1.32235      1.51082   0.00367559     0.814940      1.37375  2.11456e-13  8.85625e-14      2.27488      1.39420  3.82089e-14  9.01295e-05       0
      9.16129      8.25000      1.04730  1.39201e-13   0.00971553     0.538926      22.4761   0.00843751      1.12815      1.39380   0.00853379     0.524581      1.05778  4.40631e-13  1.36909e-13      2.18663      1.35050  4.08135e-14  0.000103497       0
      9.16129      8.33333      2.02618  4.63412e-14   0.00175810      1.38799      27.7891   0.00160703      2.07483      1.53546   0.00161381      1.26866      2.30028  1.01123e-13  3.75084e-14      2.87629      1.70122  2.58449e-14  6.74327e-05       0
      9.16129      8.41667      2.13770  4.23822e-14  0.000993663      1.72124      18.4573  0.000943298      2.16208      1.59168  0.000944311      1.56688      2.28023  7.11275e-14  3.80595e-14      2.62704      1.57207  3.00597e-14  7.56660e-05       0
      9.16129      8.50000      1.82076  5.53786e-14   0.00237763      1.17952      27.6406   0.00216132      1.88232      1.50918   0.00216891      1.08357      1.89028  1.31523e-13  5.20256e-14      2.21715      1.36380  3.98813e-14  9.62970e-05       0
      9.16129      8.58333      2.11009  4.33105e-14   0.00155885      1.47200      27.7891   0.00142804      2.15696      1.54213   0.00143308      1.34844      2.46073  9.13506e-14  3.35214e-14      2.60530      1.55367  3.04789e-14  7.92879e-05       0
      9.16129      8.66667      1.72608  6.05332e-14   0.00108676      1.52234      9.42188   0.00108552      1.73983      1.62417   0.00108539      1.18838      1.90273  1.12764e-13  5.14597e-14      1.25241     0.845525  1.03320e-13  0.000291179       0
      9.16129      8.75000      1.42807  8.30196e-14   0.00436698     0.844513      26.5696   0.00387373      1.47297      1.47467   0.00390559     0.813140      1.45100  2.12237e-13  8.08442e-14      3.10670      1.81864  2.27298e-14  7.41464e-05       0
      9.16129      8.83333      2.46013  3.35351e-14  0.000957765      1.86432      26.6941  0.000893674      2.48663      1.57629  0.000896181      1.71002      2.69403  6.14838e-14  2.88243e-14      3.04391      1.76029  2.35167e-14  5.72243e-05       0
      9.16129      8.91667      1.99512  4.75498e-14   0.00212434      1.28060      30.8706   0.00191606      2.05871      1.50803   0.00192435      1.18172      2.22019  1.13825e-13  3.97904e-14      2.45362      1.47013  3.36835e-14  7.82817e-05       0
      9.16129      9.00000      2.13539  4.24586e-14   0.00153180      1.49320      27.9961   0.00140818      2.18228      1.54213   0.00141229      1.35852      2.44726  9.02236e-14  3.38294e-14      2.61730      1.57122  3.02464e-14  9.12255e-05       0
      9.16129      9.08333      2.43974  3.40035e-14  0.000511866      2.14755      13.6211  0.000497411      2.46240      1.62573  0.000497475      1.93325      2.58131  5.01130e-14  3.09524e-14      2.98466      1.77754  2.42999e-14  9.57970e-05       0
      9.16129      9.16667      2.30843  3.72879e-14  0.000881400      1.88509      19.4404  0.000841885      2.33648      1.59589  0.000842490      1.71784      2.64692  6.10179e-14  2.96844e-14      2.83700      1.68885  2.64442e-14  6.59681e-05       0
      9.16129      9.25000      2.41539  3.45766e-14  0.000781714      1.95879      20.6133  0.000739736      2.44344      1.59589  0.000740766      1.82673      2.93460  5.50770e-14  2.49947e-14      2.97808      1.74037  2.43894e-14  6.96750e-05       0
      9.16129      9.33333      2.05964  4.50932e-14   0.00109983      1.62566      19.3723   0.00103213      2.09651      1.58543   0.00103487      1.56434      2.52461  7.13196e-14  3.21197e-14      2.54214      1.51069  3.17514e-14  6.89809e-05       0
      9.16129      9.41667      1.33087  9.33696e-14   0.00183998      1.08384      11.6660   0.00171881      1.33896      1.59691   0.00172593      1.08688      1.52692  1.30856e-13  7.42570e-14      2.86665      1.69936  2.59899e-14  6.57156e-05       0
      9.16129      9.50000      2.43115  3.42040e-14  0.000867180      1.93047      22.2666  0.000823401      2.46803      1.58543  0.000823927      1.71229      2.67483  6.13477e-14  2.91699e-14      2.99082      1.76236  2.42165e-14  6.41121e-05       0
      9.16129      9.58333      1.15462  1.18312e-13   0.00162087      1.00213      8.03125   0.00153365      1.17859      1.61482   0.00153931      1.04059      1.33578  1.40701e-13  9.27974e-14      1.88043      1.19186  5.24808e-14  0.000105770       0
      9.16129      9.66667      2.14035  4.22950e-14  0.000897410      1.80112      15.2794  0.000867019      2.15347      1.60792  0.000867334      1.63649      2.42596  6.61566e-14  3.43261e-14      2.62035      1.58715  3.01877e-14  7.05704e-05       0
      9.16129      9.75000      2.36207  3.58872e-14  0.000253325      2.16833      9.42188  0.000239694      2.37957      1.64167  0.000239955      2.25904      2.24563  3.86564e-14  3.90419e-14      2.89933      1.72136  2.55035e-14  7.05244e-05       0
      9.16129      9.83333      2.38093  3.54147e-14  0.000729051      1.97802      17.9858  0.000691638      2.39655      1.60418  0.000692327      1.79930      2.75403  5.64835e-14  2.77853e-14      2.93773      1.71737  2.49504e-14  5.83977e-05       0
      9.16129      9.91667      1.04453  1.39818e-13   0.00559978     0.694251      15.9885   0.00505811      1.10503      1.49155   0.00508775     0.672627      1.26236  2.91165e-13  1.01966e-13      2.57380      1.55022  3.11032e-14  7.36545e-05       0
      9.16129      10.0000      2.01741  4.66773e-14  0.000562845      1.87163      7.77539  0.000560837      2.02522      1.64729  0.000560664      1.74744      2.28387  5.93053e-14  3.79587e-14      2.41722      1.54803  3.45330e-14  0.000241741       0
      9.16129      10.0833      2.28020  3.80603e-14  0.000197675      2.13442      7.77539  0.000184927      2.28270      1.65167  0.000185074      2.23622      2.25952  3.93162e-14  3.86427e-14      3.89840      2.21441  1.55698e-14  5.45914e-05       0
      9.16129      10.1667      2.77839  2.73805e-14  0.000903830      2.00665      33.9662  0.000836600      2.81584      1.56067  0.000838742      1.81930      2.93084  5.54524e-14  2.50481e-14      3.46708      1.97936  1.89302e-14  4.98208e-05       0
      9.16129      10.2500      2.42150  3.44315e-14  0.000429626      2.23893      8.97754  0.000424680      2.43900      1.64167  0.000424607      1.99302      2.67647  4.76331e-14  2.91402e-14      2.96837      1.76767  2.45225e-14  6.05636e-05       0
      9.16129      10.3333      1.47642  7.85376e-14   0.00277899      1.03957      19.9119   0.00254084      1.51650      1.53634   0.00255424     0.995361      1.65057  1.51517e-13  6.52188e-14      3.34791      1.94031  2.00666e-14  5.40380e-05       0
      9.16129      10.4167      1.70374  6.18620e-14   0.00194615      1.24536      20.1279   0.00179756      1.75780      1.55231   0.00180557      1.18328      1.94526  1.13575e-13  4.95983e-14      3.34998      1.94325  2.00458e-14  5.95414e-05       0
      9.16129      10.5000      1.64375  6.56705e-14  0.000969474      1.46117      8.97754  0.000947034      1.67009      1.62546  0.000947348      1.32339      1.84747  9.42507e-14  5.40504e-14      1.97762      1.24941  4.82531e-14  0.000115126       0
      9.16129      10.5833      1.78749  5.71072e-14   0.00145350      1.41063      17.3984   0.00137568      1.82437      1.58543   0.00138003      1.31146      2.13525  9.56833e-14  4.24635e-14      2.42782      1.47788  3.42820e-14  7.42295e-05       0
      9.16129      10.6667      1.60810  6.81145e-14   0.00252756      1.10920      22.5020   0.00231466      1.64903      1.53106   0.00232447      1.04617      1.84861  1.39453e-13  5.39950e-14      2.68301      1.61203  2.90219e-14  7.14046e-05       0
      9.16129      10.7500      2.00640  4.71050e-14  0.000731972      1.73516      13.0156  0.000697586      2.02514      1.61917  0.000698841      1.66079      2.28189  6.45515e-14  3.80134e-14      2.46519      1.48768  3.34204e-14  7.75429e-05       0
      9.16129      10.8333      1.63930  6.59679e-14   0.00102503      1.41804      10.3906  0.000986890      1.66797      1.61214  0.000986947      1.34042      1.79637  9.22626e-14  5.66375e-14      1.97353      1.24795  4.84196e-14  0.000131242       0
      9.16129      10.9167      1.69707  6.22679e-14  0.000621168      1.58837      5.89294  0.000621284      1.70957      1.64667  0.000623144      1.43958      1.81306  8.19157e-14  5.57711e-14      1.37481     0.915116  8.84489e-14  0.000200231       0
      9.16129      11.0000      2.27065  3.83277e-14  0.000584214      2.06191      9.98438  0.000578890      2.27565      1.63667  0.000578989      1.72370      2.39118  6.06727e-14  3.51621e-14      2.21662      1.36431  3.98975e-14  0.000111392       0
      9.16129      11.0833      3.43343  1.92405e-14  0.000401481      2.87734      24.7124  0.000384620      3.45428      1.61232  0.000385019      2.61713      3.61221  3.02496e-14  1.76797e-14      4.32709      2.39834  1.30849e-14  4.71377e-05       0
      9.16129      11.1667      3.13440  2.23961e-14  0.000530782      2.54655      25.9435  0.000503634      3.15253      1.60293  0.000504663      2.27966      3.41148  3.80755e-14  1.94472e-14      3.92361      2.20416  1.54035e-14  4.96096e-05       0
      9.16129      11.2500      3.08701  2.29720e-14  0.000260826      2.79169      13.4727  0.000252068      3.10038      1.63901  0.000252450      2.63725      3.14976  2.98660e-14  2.22144e-14      3.84748      2.19258  1.59148e-14  5.30833e-05       0
      9.16129      11.3333      2.56504  3.12804e-14   0.00103680      1.87176      29.8463  0.000962747      2.60250      1.56067  0.000965050      1.68897      2.71452  6.27660e-14  2.84626e-14      3.18395      1.83937  2.18181e-14  6.83465e-05       0
      9.16129      11.4167      2.33403  3.66088e-14  0.000502007      2.04276      13.2656  0.000477550      2.35668      1.62573  0.000478838      1.92793      2.59684  5.03434e-14  3.06446e-14      2.88331      1.68907  2.57400e-14  6.33033e-05       0
      9.16129      11.5000      2.30013  3.75124e-14  0.000838663      1.87351      19.1846  0.000792906      2.32826      1.59793  0.000794650      1.75658      2.54824  5.87919e-14  3.16249e-14      4.01825      2.25896  1.48036e-14  4.80903e-05       0
      9.16129      11.5833      2.71946  2.83764e-14  0.000972330      1.95075      33.4884  0.000896472      2.75851      1.56231  0.000900795      1.76942      3.08428  5.80826e-14  2.30059e-14      3.39880      1.92935  1.95683e-14  5.33789e-05       0
      9.16129      11.6669      2.51865  3.22465e-14   0.00100983      1.85649      28.2461  0.000935150      2.55616      1.56744  0.000938692      1.71561      2.79121  6.11504e-14  2.71711e-14      4.88001      2.69278  1.07085e-14  4.02364e-05       0
      9.16129      11.7500      2.03844  4.58773e-14  0.000877529      1.72015      13.9182  0.000833131      2.06052      1.61101  0.000835516      1.64300      2.41932  6.57201e-14  3.44830e-14      4.04117      2.28607  1.46640e-14  4.49336e-05       0
      9.16129      11.8336      2.88341  2.57386e-14   0.00116302      1.84043      45.5391   0.00104539      2.93925      1.51903   0.00104927      1.66258      3.14726  6.44356e-14  2.22437e-14      4.88917      2.69044  1.06751e-14  4.58124e-05       0
      9.16129      11.9167      2.94495  2.48485e-14  0.000324325      2.69200      11.5840  0.000320261      2.95409      1.63933  0.000320286      2.49492      3.09971  3.27594e-14  2.28154e-14      3.63628      2.13217  1.74850e-14  8.68247e-05       0
      9.16129      12.0000      2.26294  3.85456e-14   0.00102528      1.73868      22.9928  0.000952432      2.29718      1.58069  0.000956740      1.60351      2.47318  6.84399e-14  3.32405e-14      4.31381      2.41652  1.31521e-14  5.60005e-05       0
      9.16129      12.0833      2.35879  3.59705e-14  0.000710276      1.98943      17.5547  0.000680255      2.37209      1.61775  0.000682716      1.85617      2.65114  5.36290e-14  2.96056e-14      3.49938      2.02420  1.86400e-14  5.27954e-05       0
      9.16129      12.1667      2.77718  2.74004e-14  0.000776339      2.15426      27.8353  0.000749750      2.81406      1.58543  0.000749647      1.77167      3.05992  5.79597e-14  2.33120e-14      3.40627      2.03567  1.94968e-14  0.000108110       0
      9.16129      12.2500      2.47234  3.32596e-14  0.000457269      2.20108      13.0156  0.000437955      2.49858      1.62917  0.000438650      2.06929      2.57962  4.47432e-14  3.09862e-14      4.32861      2.43190  1.30772e-14  5.06111e-05       0
      9.16129      12.3333      2.09793  4.37299e-14   0.00121401      1.59491      22.6553   0.00112667      2.12553      1.57422   0.00113077      1.50198      2.45258  7.63226e-14  3.37073e-14      4.50402      2.51554  1.22395e-14  5.30677e-05       0
      9.16129      12.4167      1.72303  6.07119e-14   0.00130584      1.41560      14.0023   0.00123430      1.74498      1.59746   0.00123704      1.33132      2.07575  9.33163e-14  4.45114e-14      2.83119      1.68428  2.65347e-14  6.21499e-05       0
      9.16129      12.5000      2.42609  3.43230e-14   0.00118394      1.73285      29.8463   0.00108902      2.48015      1.55231   0.00109290      1.58446      2.64605  6.98166e-14  2.97006e-14      4.75473      2.63471  1.11829e-14  5.03882e-05       0
      9.16129      12.5833      1.56957  7.09240e-14   0.00201380      1.20023      17.5547   0.00187427      1.59030      1.57072   0.00188113      1.13074      1.89327  1.22505e-13  5.18888e-14      3.00054      1.76678  2.40860e-14  5.70272e-05       0
      9.16129      12.6667      3.03386  2.36467e-14  0.000752250      2.23104      35.5664  0.000699764      3.06024      1.56892  0.000701341      1.97924      3.22308  4.81871e-14  2.13785e-14      3.78076      2.14122  1.63857e-14  5.71709e-05       0
      9.16129      12.7500      1.78901  5.70265e-14   0.00150258      1.39964      17.8047   0.00141547      1.82325      1.58069   0.00142025      1.26143      1.98791  1.02091e-13  4.78375e-14      3.01776      1.78574  2.38573e-14  8.21033e-05       0
      9.16129      12.8333      2.99989  2.40947e-14   0.00102688      1.97621      45.4948  0.000929260      3.04979      1.53415  0.000933874      1.79335      3.09156  5.67966e-14  2.29157e-14      3.77742      2.08935  1.64098e-14  4.30257e-05       0
      9.16129      12.9167      2.47325  3.32391e-14  0.000797253      1.99265      21.0703  0.000756957      2.50130      1.59589  0.000758344      1.84575      2.82520  5.41344e-14  2.66285e-14      3.06060      1.76986  2.33034e-14  6.29466e-05       0
      9.16129      13.0000      1.86623  5.31479e-14   0.00362045     0.979560      38.3660   0.00314967      1.92208      1.44481   0.00318054     0.930438      1.83005  1.69544e-13  5.49110e-14      4.62754      2.56472  1.16998e-14  4.71352e-05       0
      9.16129      13.0833      4.21027  1.36955e-14  0.000540444      2.87246      57.8613  0.000493310      4.25539      1.55075  0.000494866      2.52402      4.32306  3.21323e-14  1.31052e-14      5.35625      2.84840  9.16911e-15  3.83524e-05       0
      9.16129      13.1667      2.89845  2.55164e-14  0.000426032      2.50405      18.3672  0.000405371      2.92220      1.61917  0.000405873      2.35577      3.19880  3.60475e-14  2.16496e-14      5.34784      2.91012  9.19316e-15  4.56268e-05       0
      9.16129      13.2500      3.24243  2.11663e-14  0.000530744      2.56192      29.6777  0.000498585      3.26269      1.59379  0.000499748      2.33846      3.64327  3.64933e-14  1.74292e-14      4.09747      2.25804  1.43296e-14  4.66777e-05       0
      9.16129      13.3333      2.45610  3.36268e-14   0.00129911      1.68070      33.7092   0.00118159      2.49843      1.53712   0.00118524      1.54656      2.78814  7.26915e-14  2.72211e-14      4.98806      2.73890  1.03247e-14  4.63631e-05       0
      9.16129      13.4167      2.46871  3.33410e-14  0.000740507      2.00811      20.8203  0.000694297      2.49674      1.59589  0.000695438      1.88521      2.71225  5.22590e-14  2.85023e-14      4.86906      2.68705  1.07487e-14  4.84493e-05       0
      9.16129      13.5000      2.51891  3.22410e-14   0.00152009      1.58572      39.4726   0.00136382      2.57358      1.51356   0.00137119      1.46184      2.52591  7.98475e-14  3.20923e-14      5.29472      2.88539  9.34740e-15  4.19426e-05       0
      9.16129      13.5833      3.06473  2.32511e-14  0.000491691      2.52711      24.5333  0.000465127      3.07786      1.60792  0.000466093      2.26244      3.55852  3.85596e-14  1.81265e-14      3.84074      2.15524  1.59614e-14  4.87837e-05       0
      9.16129      13.6667      2.39941  3.49614e-14  0.000935598      1.82881      25.3022  0.000865747      2.43363      1.58069  0.000870219      1.69903      2.63062  6.21478e-14  2.99915e-14      5.46028      2.97313  8.87981e-15  4.34279e-05       0
      9.16129      13.7500      2.79063  2.71805e-14   0.00106889      1.89654      38.8320  0.000973226      2.83722      1.54300  0.000978005      1.72790      2.95084  6.04273e-14  2.47658e-14      6.13228      3.32278  7.31800e-15  4.74471e-05       0
      9.16129      13.8333      2.12400  4.28388e-14   0.00143535      1.53468      25.4498   0.00132646      2.17807      1.55231   0.00133113      1.39375      2.47402  8.64547e-14  3.32218e-14      3.75681      2.14692  1.65601e-14  5.42076e-05       0
      9.16129      13.9167      1.13032  1.22582e-13   0.00988720     0.540252      27.1877   0.00848338      1.22968      1.36611   0.00859053     0.523620      1.01559  4.41979e-13  1.46520e-13      5.08962      2.83185  9.98360e-15  5.56658e-05       0
      9.16129      14.0000      2.31177  3.71981e-14  0.000894792      1.83110      21.0703  0.000835081      2.34865      1.58543  0.000836936      1.72725      2.54132  6.04651e-14  3.17685e-14      5.15089      2.82068  9.78646e-15  4.54194e-05       0
      9.16129      14.0833      2.99091  2.42154e-14   0.00100302      1.97066      44.2312  0.000909905      3.02432      1.53649  0.000914040      1.79748      3.04897  5.65790e-14  2.34517e-14      5.94902      3.22932  7.69757e-15  5.11781e-05       0
      9.16129      14.1667      2.22996  3.95002e-14   0.00161682      1.47781      32.4780   0.00146488      2.27091      1.53106   0.00147358      1.36812      2.32185  8.91706e-14  3.69295e-14      5.28416      2.90256  9.37855e-15  4.62860e-05       0
      9.16129      14.2500      2.71974  2.83716e-14   0.00108954      1.85224      37.3840  0.000994219      2.76104      1.54495  0.000999064      1.68459      3.07530  6.30383e-14  2.31179e-14      3.40654      1.91977  1.94943e-14  4.46794e-05       0
      9.16129      14.3333      1.95410  4.92249e-14   0.00204749      1.29196      28.2461   0.00185001      2.01163      1.52270   0.00186187      1.22113      2.21205  1.07769e-13  4.00348e-14      5.13717      2.81591  9.83006e-15  4.43563e-05       0
      9.16129      14.4167      1.63607  6.61849e-14   0.00266842      1.09029      24.7485   0.00241310      1.67364      1.52372   0.00242972      1.03681      1.82217  1.41557e-13  5.53071e-14      3.96868      2.24515  1.51131e-14  5.18257e-05       0
      9.16129      14.5000      1.92359  5.05328e-14   0.00142747      1.46705      20.6133   0.00132421      1.94874      1.57024   0.00132752      1.38802      2.26389  8.70504e-14  3.85186e-14      4.40910      2.46377  1.26817e-14  4.27486e-05       0
      9.16129      14.5833      1.90514  5.13514e-14   0.00103936      1.56686      15.9545  0.000973955      1.92327      1.60293  0.000978303      1.52083      2.23680  7.47525e-14  3.92993e-14      4.52563      2.49808  1.21422e-14  3.84578e-05       0
      9.16129      14.6667      2.37588  3.55404e-14   0.00147005      1.57303      35.5664   0.00132793      2.41681      1.53106   0.00133549      1.45348      2.53959  8.06142e-14  3.18046e-14      2.96207      1.68984  2.46095e-14  4.99074e-05       0
      9.16129      14.7500      2.80909  2.68835e-14   0.00103313      1.92006      38.2695  0.000947026      2.85280      1.54317  0.000949982      1.74528      3.01067  5.94274e-14  2.39510e-14      4.64768      2.57192  1.16154e-14  4.45442e-05       0
      9.16129      14.8333      2.59222  3.07356e-14  0.000940424      1.93007      28.2461  0.000873956      2.61734      1.57024  0.000876285      1.74966      2.88528  5.91800e-14  2.57107e-14      3.22798      1.85072  2.13244e-14  5.48845e-05       0
      9.16129      14.9167      1.92708  5.03804e-14   0.00141907      1.46743      20.4648   0.00132101      1.96235      1.57070   0.00132523      1.37314      2.20185  8.86277e-14  4.03442e-14      3.60653      2.07561  1.77261e-14  5.82400e-05       0
      9.16129      15.0000      2.26105  3.85993e-14   0.00118134      1.69133      25.2444   0.00109925      2.30172      1.56488   0.00110166      1.53956      2.52017  7.32431e-14  3.22141e-14      3.80081      2.17056  1.62419e-14  5.14994e-05       0
      9.16129      15.0833      2.93682  2.49632e-14   0.00101401      1.95877      43.1922  0.000919306      2.97917      1.53712  0.000923249      1.78308      3.10002  5.73424e-14  2.28116e-14      7.72380      4.08760  4.98170e-15  4.30984e-05       0
      9.16129      15.1667      1.85404  5.37317e-14   0.00396207     0.939991      39.0820   0.00342684      1.94329      1.42639   0.00346303     0.888478      1.78514  1.83099e-13  5.72322e-14      6.12139      3.29896  7.33972e-15  4.41083e-05       0
      9.16129      15.2500      2.01728  4.66824e-14   0.00170102      1.41116      26.6425   0.00155074      2.07097      1.53842   0.00155702      1.32252      2.24613  9.43535e-14  3.90274e-14      6.33755      3.40744  6.92723e-15  4.38345e-05       0
      9.16129      15.3333      2.98343  2.43165e-14  0.000796474      2.18058      35.5664  0.000736332      3.01462      1.56571  0.000738387      1.97094      3.23598  4.85257e-14  2.12367e-14      6.02187      3.25878  7.54300e-15  4.47429e-05       0
      9.16129      15.4169      2.82705  2.65995e-14  0.000814079      2.09964      31.9243  0.000759209      2.86233      1.57070  0.000760991      1.90434      3.21974  5.13871e-14  2.14155e-14      3.52448      2.00538  1.84192e-14  4.60359e-05       0
      9.16129      15.5000      3.03588  2.36204e-14  0.000527545      2.49008      24.7485  0.000503073      3.04901      1.60792  0.000504207      2.26640      3.48413  3.84476e-14  1.87761e-14      3.79354      2.14406  1.62938e-14  4.95616e-05       0
      9.16129      15.5833      2.62115  3.01723e-14  0.000921955      1.95900      28.2461  0.000855803      2.64630      1.57024  0.000857787      1.80011      2.88471  5.64411e-14  2.57192e-14      5.52239      3.02970  8.71399e-15  4.44936e-05       0
      9.16129      15.6667      2.64501  2.97201e-14  0.000410265      2.39338      12.0239  0.000400507      2.65876      1.63667  0.000400697      2.25670      2.84031  3.87235e-14  2.63928e-14      3.28509      1.90118  2.07102e-14  5.66877e-05       0
      9.16129      15.7500      2.81504  2.67889e-14  0.000874229      2.04329      33.9662  0.000808796      2.85258      1.56744  0.000812495      1.87285      3.00946  5.28353e-14  2.39671e-14      5.40893      2.96858  9.02078e-15  4.46474e-05       0
      9.16129      15.8333      2.36761  3.57475e-14  0.000732790      1.97729      18.1602  0.000699282      2.38074      1.60792  0.000700161      1.81407      2.64300  5.57193e-14  2.97578e-14      2.91675      1.70653  2.52502e-14  5.16940e-05       0
      9.16129      15.9167      3.28598  2.07008e-14  0.000746460      2.32170      42.8172  0.000686102      3.34003      1.55231  0.000687559      2.06051      3.52774  4.50614e-14  1.83908e-14      4.13693      2.28672  1.41026e-14  4.43840e-05       0
      9.16129      16.0000      2.72863  2.82176e-14  0.000566434      2.32569      17.9858  0.000551247      2.75247      1.61646  0.000551431      2.06463      3.12284  4.49117e-14  2.25344e-14      3.35009      1.98569  2.00448e-14  7.22261e-05       0
      9.16129      16.0833      2.26168  3.85814e-14  0.000607377      2.01007      12.0239  0.000593314      2.27902      1.62761  0.000593417      1.79382      2.45512  5.67714e-14  3.36493e-14      2.75154      1.65599  2.78272e-14  7.85201e-05       0
      9.16129      16.1667      1.70117  6.20180e-14   0.00168838      1.30770      18.0117   0.00157895      1.73768      1.57154   0.00158393      1.23749      1.89104  1.05404e-13  5.19911e-14      2.82873      1.67835  2.65731e-14  5.78310e-05       0
      9.16129      16.2500      1.90808  5.12195e-14   0.00136457      1.48142      19.1846   0.00130133      1.94231      1.58069   0.00130323      1.30664      1.93299  9.62723e-14  5.01239e-14      2.30341      1.43790  3.74234e-14  0.000179624       0
      9.16129      16.3333      2.85410  2.61807e-14   0.00118812      1.83046      45.4948   0.00106938      2.91002      1.52106   0.00107398      1.66618      3.07663  6.42035e-14  2.31014e-14      6.75802      3.59644  6.22392e-15  4.10463e-05       0
      9.16129      16.4167      2.53943  3.18080e-14   0.00140038      1.64532      38.8320   0.00125988      2.59697      1.52270   0.00126704      1.49849      2.55684  7.66198e-14  3.14478e-14      6.07935      3.28411  7.42450e-15  4.28538e-05       0
      9.16129      16.5000      1.80710  5.60778e-14   0.00239742      1.18279      27.3416   0.00215610      1.87181      1.50856   0.00216595      1.11715      2.02167  1.25000e-13  4.65135e-14      6.48755      3.46024  6.66236e-15  3.94631e-05       0
      9.16129      16.5833      2.69835  2.87475e-14   0.00123603      1.74837      40.6653   0.00112069      2.73929      1.53106   0.00112705      1.55923      2.80549  7.17102e-14  2.69411e-14      3.37057      1.91906  1.98423e-14  6.73844e-05       0
      9.16129      16.6667      1.16578  1.16431e-13   0.00531986     0.739164      19.1846   0.00478163      1.21405      1.48201   0.00480960     0.663848      1.26716  2.97610e-13  1.01323e-13      2.15535      1.34802  4.18055e-14  0.000189007       0
      9.16129      16.7500      1.79386  5.67693e-14   0.00147399      1.39947      18.3672   0.00136509      1.82039      1.57629   0.00136884      1.33780      2.10044  9.25644e-14  4.36427e-14      6.79835      3.61544  6.16249e-15  4.26239e-05       0
      9.16129      16.8333      1.23605  1.05609e-13   0.00576578     0.722414      23.2457   0.00510585      1.29221      1.45666   0.00514712     0.691194      1.29947  2.78246e-13  9.71597e-14      3.52671      2.03675  1.83998e-14  6.50523e-05       0
      9.16129      16.9167      2.34634  3.62892e-14   0.00167811      1.47889      37.3840   0.00150235      2.41103      1.50856   0.00151011      1.37717      2.42582  8.81959e-14  3.43293e-14      6.67239      3.56473  6.35761e-15  4.34490e-05       0
      9.16129      17.0000      1.06858  1.34611e-13   0.00746966     0.620578      20.5185   0.00658667      1.14126      1.44153   0.00665137     0.595674      1.10539  3.56518e-13  1.27225e-13      2.47738      1.50440  3.31469e-14  9.64708e-05       0
      9.16129      17.0833      1.76500  5.83250e-14   0.00294350      1.07859      29.5957   0.00261546      1.81327      1.48201   0.00262561      1.01435      1.87749  1.46819e-13  5.26179e-14      5.46592      2.96806  8.86456e-15  4.36331e-05       0
      9.16129      17.1667      1.55966  7.16769e-14   0.00204049      1.19029      17.5547   0.00197152      1.60560      1.56580   0.00197088     0.978149      1.64681  1.55987e-13  6.54670e-14      1.84674      1.23279  5.40860e-14  0.000438807       0
      9.16129      17.2500     0.775540  2.29662e-13    0.0276299     0.304918      21.0703    0.0231341     0.280011      1.71187    0.0230856     0.294687     0.628133  1.15211e-12  3.26345e-13      3.72880      2.14915  1.67680e-14  6.50938e-05       0
      9.16129      17.3333     0.823941  2.07620e-13    0.0150778     0.419546      18.6172    0.0130345     0.929574      1.35964    0.0132319     0.408282     0.811567  6.69106e-13  2.12922e-13      3.81009      2.16915  1.61759e-14  5.09538e-05       0
      9.16129      17.4167      1.49158  7.72117e-14   0.00338777     0.973248      22.8914   0.00304485      1.53856      1.50086   0.00305787     0.912826      1.62655  1.75031e-13  6.68318e-14      5.64741      3.06395  8.39486e-15  4.35958e-05       0
      9.16129      17.5000      1.50896  7.57355e-14   0.00461615     0.846803      28.2461   0.00405261      1.54398      1.45484   0.00408385     0.795793      1.51380  2.20003e-13  7.53325e-14      4.83882      2.66841  1.08608e-14  4.56885e-05       0
      9.16129      17.5833      1.02709  1.43797e-13   0.00842614     0.583690      19.4001   0.00743478      1.10568      1.43014   0.00751253     0.535836      1.01427  4.25313e-13  1.46838e-13      2.03965      1.26938  4.58321e-14  0.000124431       0
      9.16129      17.6667      1.13816  1.21178e-13   0.00787016     0.615038      23.8516   0.00686688      1.20944      1.42022   0.00694382     0.589033      1.13544  3.63242e-13  1.21662e-13      3.82705      2.19122  1.60567e-14  5.83339e-05       0
      9.16129      17.7500      1.37393  8.85427e-14   0.00673515     0.689583      29.2556   0.00581034      1.46295      1.40025   0.00587541     0.650130      1.28262  3.08150e-13  9.92963e-14      3.81340      2.17902  1.61526e-14  5.48746e-05       0
      9.16129      17.8333      1.09691  1.28867e-13    0.0129616     0.471171      26.8480    0.0109637      1.20602      1.31718    0.0111210     0.454399     0.933053  5.59801e-13  1.68753e-13      4.97769      2.73764  1.03605e-14  4.37839e-05       0
      9.16129      17.9167    0.0601435  1.62847e-11      23.0863       0       0          NaN       0       0      23.1979    0.0277235    0.0343265  5.92036e-11  4.14679e-11      10000.0      10000.0  3.23914e-20  4.37839e-05       1
      9.16129      18.0000    0.0629256  1.51025e-11      2.05486    0.0348006      2.41406      1.99607    0.0379256      1.67292      1.99424    0.0556465    0.0552535  1.85367e-11  1.87570e-11    0.0526132    0.0915194  2.03519e-11     0.210001       0
      9.16129      18.0833     0.276819  1.27870e-12    0.0214590     0.226820      3.12500    0.0201039     0.234007      1.67315    0.0199903     0.247966     0.343212  1.53618e-12  8.93632e-13     0.821931     0.595619  2.08467e-13  0.000396767       0
      9.16129      18.1667     0.187122  2.45595e-12    0.0529645     0.151656      7.44922    0.0497269     0.153138      1.67324    0.0496657     0.153527     0.224075  3.41551e-12  1.81876e-12     0.512066     0.399594  4.58726e-13   0.00121061       0
      9.16129      18.2500     0.815473  2.11225e-13   0.00381793     0.710084      6.04395   0.00377198     0.832194      1.61136   0.00377142     0.635393     0.900273  3.20154e-13  1.79118e-13     0.727925     0.535529  2.55241e-13  0.000344150       0
      9.16129      18.3333     0.141703  3.90359e-12    0.0560174     0.118890      2.94141    0.0520977     0.121703      1.67417    0.0513824     0.132275     0.174842  4.37825e-12  2.75013e-12     0.732591     0.540097  2.52538e-13  0.000470079       0
      9.16129      18.4167     0.141762  3.90086e-12    0.0336104     0.127312      19.5922    0.0296044    0.0955755      1.92842    0.0286160     0.146189     0.164912  3.70601e-12  3.03163e-12     0.610535     0.464030  3.42172e-13  0.000439609       0
      9.16129      18.5000     0.579631  3.73116e-13   0.00564279     0.507600      4.16602   0.00550771     0.515881      1.67495   0.00549872     0.483465     0.680981  5.04840e-13  2.85235e-13     0.706141     0.524436  2.68500e-13  0.000351283       0
      9.16129      18.5833    0.0373954  3.59528e-11      67.6125       0       0          NaN       0       0      67.9001    0.0144718    0.0312950  1.74941e-10  4.83767e-11      10000.0      10000.0  3.23914e-20  0.000351283       0
      9.16129      18.6667     0.279605  1.25753e-12    0.0101881     0.252167      2.70052   0.00998633     0.261793      1.67315   0.00991542     0.271628     0.318503  1.31969e-12  1.01214e-12     0.365556     0.302804  8.04462e-13   0.00165308       0
      9.16129      18.7500      2.21534  3.99356e-14  0.000879949      1.82505      18.1602  0.000839619      2.23347      1.60293  0.000841013      1.66453      2.60123  6.43099e-14  3.05585e-14      2.72509      1.61827  2.82787e-14  6.09859e-05       0
      9.16129      18.8333     0.935035  1.68157e-13  0.000760702     0.888607      81.3244  0.000664631     0.548625      1.88702  0.000613186     0.927237     0.939460  1.70521e-13  1.66839e-13      2.09325      1.31265  4.38930e-14  0.000154748       0
      9.16129      18.9167      1.07278  1.33735e-13   0.00286882     0.887861      9.36621   0.00278372      1.10966      1.58543   0.00278513     0.790031      1.10836  2.22684e-13  1.26657e-13      1.01619     0.715014  1.46376e-13  0.000454075       0
      9.16129      19.0000      1.50610  7.59756e-14   0.00171880      1.23486      13.0156   0.00165701      1.53078      1.58855   0.00165781      1.04943      1.57873  1.38732e-13  7.02400e-14      1.80138      1.17328  5.63752e-14  0.000201737       0
      9.16129      19.0833      1.20015  1.10927e-13   0.00374440     0.845360      16.7512   0.00346505      1.24108      1.53106   0.00347677     0.772890      1.40495  2.30975e-13  8.53093e-14      1.20900     0.818642  1.09576e-13  0.000227265       0
      9.16129      19.1667     0.961090  1.60628e-13   0.00194873     0.879215      4.46094   0.00194209     0.985552      1.63271   0.00194395     0.838190      1.08500  2.01771e-13  1.31234e-13     0.766705     0.558804  2.34089e-13  0.000428462       0
      9.16129      19.2500      1.54583  7.27491e-14   0.00103990      1.38332      7.78125   0.00103146      1.57208      1.62917   0.00103081      1.28755      1.71259  9.86630e-14  6.13303e-14      1.83991      1.20078  5.44211e-14  0.000181372       0
      9.16129      19.3333      1.50915  7.57198e-14   0.00103036      1.38165      6.71875   0.00103213      1.51829      1.63933   0.00103282      1.25472      1.75792  1.03003e-13  5.87172e-14      1.11520     0.768032  1.25365e-13  0.000251858       0
      9.16129      19.4167      1.10696  1.26924e-13   0.00147960      1.02509      4.46094   0.00147974      1.12446      1.64167   0.00148281     0.964144      1.27569  1.59781e-13  1.00197e-13     0.812748     0.586306  2.12407e-13  0.000451773       0
      9.16129      19.5000      1.38114  8.77737e-14   0.00102963      1.26365      6.71875   0.00101776      1.39247      1.64120   0.00101810      1.21787      1.51630  1.08250e-13  7.51255e-14      1.28505     0.864164  9.89837e-14  0.000204724       0
      9.16129      19.5833      1.61767  6.74445e-14   0.00206065      1.20126      18.4573   0.00193238      1.67174      1.55231   0.00193537      1.07917      1.78638  1.32418e-13  5.71663e-14      1.94627      1.24331  4.95553e-14  0.000139128       0
      9.16129      19.6667      1.04004  1.40825e-13   0.00353161     0.811299      10.2344   0.00332952      1.08968      1.55754   0.00333550     0.781396      1.18796  2.26800e-13  1.12830e-13      1.21603     0.825827  1.08523e-13  0.000231860       0
      9.16129      19.7500      1.07258  1.33777e-13   0.00244225     0.910079      7.78125   0.00238432      1.08570      1.60792   0.00238417     0.858871      1.27164  1.93738e-13  1.00729e-13     0.952189     0.671082  1.63139e-13  0.000292221       0
      9.16129      19.8333     0.972440  1.57516e-13   0.00615269     0.656438      13.9073   0.00559935      1.03294      1.49155   0.00562492     0.627399      1.10412  3.26981e-13  1.27468e-13      1.59899      1.03605  6.87630e-14  0.000149558       0
      9.16129      19.9167      1.15499  1.18249e-13   0.00252314     0.947184      9.62891   0.00242999      1.18312      1.58793   0.00243119     0.897584      1.36328  1.80013e-13  8.96993e-14      1.11181     0.763775  1.26002e-13  0.000233115       0
      9.16129      20.0000    0.0651215  1.42634e-11      56.3505       0       0          NaN       0       0      56.4571    0.0272907    0.0413892  6.07767e-11  3.03588e-11      10000.0      10000.0  3.23914e-20  0.000233115       1
      9.16129      20.0833     0.228345  1.76243e-12    0.0683477     0.152310      4.43677    0.0622938     0.153345      1.67979    0.0621596     0.152215     0.269904  3.46472e-12  1.33377e-12     0.623741     0.472460  3.30184e-13  0.000989662       0
      9.16129      20.1667     0.817210  2.10478e-13   0.00543357     0.636431      9.21289   0.00515493     0.615455      1.68964   0.00515323     0.617121     0.984693  3.36108e-13  1.54263e-13     0.950905     0.668355  1.63506e-13  0.000218358       0
      9.16129      20.2500     0.847926  1.97924e-13   0.00881579     0.531682      14.0781   0.00792118     0.904354      1.46851   0.00799609     0.522821     0.929803  4.43106e-13  1.69737e-13      1.69290      1.08791  6.25237e-14  0.000116110       0
      9.16129      20.3333     0.909088  1.76232e-13    0.0103465     0.509530      18.6213   0.00908822     0.980382      1.42022   0.00919530     0.497682      1.00190  4.81034e-13  1.49873e-13      2.49717      1.51173  3.27102e-14  6.67816e-05       0
      9.16129      20.4167      1.09442  1.29357e-13   0.00549503     0.705396      17.9738   0.00495799      1.14205      1.49143   0.00499142     0.685156      1.20643  2.82345e-13  1.09966e-13      2.15308      1.33468  4.18788e-14  8.73617e-05       0
      9.16129      20.5000     0.773501  2.30671e-13   0.00618905     0.588581      9.36621   0.00577203     0.568986      1.68936   0.00576718     0.576686     0.944300  3.76297e-13  1.65417e-13      1.33722     0.892108  9.26310e-14  0.000151883       0
      9.16129      20.5833     0.888465  1.83103e-13   0.00938179     0.535176      16.7870   0.00835918     0.961172      1.44153   0.00843326     0.511949     0.975643  4.58900e-13  1.56655e-13      1.71973      1.10271  6.09063e-14  0.000107414       0
      9.16129      20.6667      1.01484  1.46701e-13   0.00731510     0.617176      18.6113   0.00652613      1.07098      1.45666   0.00657076     0.592783      1.10882  3.59421e-13  1.26569e-13      2.40042      1.46522  3.49369e-14  7.28564e-05       0
      9.16129      20.7500      1.32302  9.42941e-14   0.00321231     0.933650      17.8047   0.00294559      1.37292      1.53415   0.00296318     0.895784      1.50739  1.80616e-13  7.58670e-14      2.79643      1.66085  2.70866e-14  5.39088e-05       0
      9.16129      20.8333      1.58251  6.99602e-14   0.00269671      1.06888      23.2457   0.00244800      1.64007      1.52270   0.00246304      1.00606      1.86550  1.48842e-13  5.31827e-14      3.11567      1.82423  2.26209e-14  5.32205e-05       0
      9.16129      20.9167      1.55377  7.21302e-14   0.00229642      1.14818      18.5414   0.00214813      1.59534      1.54731   0.00215043      1.03984      1.69926  1.40870e-13  6.21343e-14      1.86894      1.19505  5.30195e-14  0.000132463       0
      9.16129      21.0000      1.60466  6.83583e-14   0.00248359      1.12406      21.0703   0.00227433      1.64475      1.53634   0.00228490      1.04921      1.85420  1.38780e-13  5.37238e-14      3.10965      1.82266  2.26939e-14  5.43765e-05       0
      9.16129      21.0833      1.11093  1.26168e-13   0.00675268     0.660584      20.3833   0.00598749      1.17115      1.44991   0.00602860     0.628915      1.17911  3.25668e-13  1.14245e-13      3.26636      1.90472  2.09085e-14  6.10058e-05       0
      9.16129      21.1669      1.00425  1.49289e-13   0.00594977     0.678447      15.6322   0.00540599      1.05100      1.50105   0.00543826     0.650968      1.15737  3.07489e-13  1.17845e-13      2.07778      1.29306  4.44389e-14  8.00352e-05       0
      9.16129      21.2500     0.916071  1.73999e-13   0.00878825     0.558060      17.0146   0.00782164     0.984700      1.44827   0.00789112     0.536641      1.01836  4.24251e-13  1.45857e-13      2.77821      1.65406  2.73833e-14  6.16773e-05       0
      9.16129      21.3333      1.08330  1.31578e-13    0.0112530     0.512457      25.1182   0.00963319      1.19078      1.35455   0.00976790     0.489202      1.01118  4.95012e-13  1.47587e-13      4.29543      2.40603  1.32460e-14  4.88421e-05       0
      9.16129      21.4167     0.632967  3.22201e-13    0.0218259     0.331554      14.0823    0.0189557     0.316729      1.69903    0.0189430     0.325909     0.652063  9.74097e-13  3.06629e-13      4.23593      2.36696  1.35576e-14  5.56451e-05       0
      9.16129      21.5000     0.756108  2.39583e-13    0.0173526     0.383283      17.2829    0.0150024     0.363989      1.69752    0.0149888     0.373125     0.758448  7.77450e-13  2.38352e-13      3.24891      1.88124  2.10959e-14  5.81711e-05       0
      9.16129      21.5833     0.856919  1.94475e-13    0.0114523     0.479460      17.2819    0.0100487     0.926799      1.41417    0.0101688     0.470060     0.934537  5.29062e-13  1.68307e-13      4.03479      2.28134  1.47026e-14  4.92369e-05       0
      9.16129      21.6667     0.424178  6.27840e-13    0.0140274     0.339178      5.06250    0.0133367     0.342303      1.67800    0.0133234     0.336529     0.502292  9.23404e-13  4.73699e-13     0.526361     0.410585  4.38151e-13   0.00106883       0
      9.16129      21.7500     0.308467  1.06761e-12    0.0214617     0.243468      3.68750    0.0199129     0.249874      1.67442    0.0198474     0.262128     0.389943  1.40036e-12  7.22372e-13      1.17160     0.799530  1.15468e-13  0.000296185       0
      9.16129      21.8333    0.0285759  5.62896e-11      46.9701       0       0          NaN       0       0      47.3187    0.0189496    0.0173667  1.11625e-10  1.29092e-10      10000.0      10000.0  3.23914e-20  0.000296185       1
      9.16129      21.9167     0.332179  9.43643e-13    0.0120200     0.283459      3.32874    0.0112427     0.292219      1.67296    0.0111574     0.311220     0.401891  1.05192e-12  6.86934e-13     0.972509     0.684280  1.57497e-13  0.000369979       0
      9.16129      22.0000     0.143333  3.82987e-12    0.0677778     0.120671      19.7733    0.0627673     0.119583      1.67261    0.0625839     0.128508     0.173300  4.59420e-12  2.79103e-12     0.704401     0.523989  2.69605e-13  0.000672705       0
      9.16129      22.0833     0.305633  1.08417e-12    0.0265898     0.235633      4.06250    0.0248655     0.239383      1.67823    0.0248094     0.255168     0.381931  1.46459e-12  7.47805e-13     0.598094     0.456634  3.54117e-13  0.000853840       0
      9.16129      22.1667     0.368365  7.94266e-13    0.0208116     0.279849      5.23926    0.0194306     0.284185      1.67672    0.0194160     0.280776     0.453522  1.24880e-12  5.61606e-13     0.686232     0.511506  2.81607e-13  0.000409737       0
      9.16129      22.2500     0.429878  6.14026e-13   0.00549401     0.394878      2.75000   0.00549177     0.415503      1.67073   0.00551600     0.398683     0.458437  6.96170e-13  5.51607e-13     0.355666     0.295463  8.42091e-13   0.00143761       0
      9.16129      22.3333     0.334376  9.33335e-13    0.0180739     0.269375      4.18750    0.0169357     0.275781      1.67442    0.0168988     0.281202     0.422409  1.24566e-12  6.32229e-13     0.781369     0.569337  2.26813e-13  0.000327112       0
      9.16129      22.4167     0.455039  5.58488e-13    0.0121829     0.366446      5.14062    0.0115330     0.370039      1.67355    0.0115100     0.370046     0.565024  7.88261e-13  3.89330e-13     0.757265     0.556888  2.38973e-13  0.000382883       0
      9.16129      22.5000     0.439555  5.91662e-13   0.00962088     0.367524      4.16602   0.00902206     0.366431      1.68198   0.00896614     0.393785     0.532311  7.10664e-13  4.30018e-13      1.26985     0.856177  1.00967e-13  0.000235957       0
      9.16129      22.5833     0.358464  8.31162e-13    0.0100060     0.319105      32.4289   0.00934139     0.315652      1.67350   0.00932521     0.351742     0.423493  8.57807e-13  6.29533e-13     0.896866     0.639812  1.80253e-13  0.000307044       0
      9.16129      22.6667     0.166650  2.97911e-12      1.96827       0       0          NaN       0       0      1.98437    0.0634379    0.0643351  1.48998e-11  1.45551e-11    0.0562558     0.272791  1.82033e-11     0.303477       1
      9.16129      22.7500     0.918459  1.73246e-13   0.00291368     0.823456      5.31250   0.00289212     0.932208      1.62417   0.00289259     0.749469      1.06500  2.43131e-13  1.35367e-13     0.811383     0.587688  2.13003e-13  0.000271310       0
      9.16129      22.8333     0.572212  3.81213e-13   0.00673916     0.480334      5.12500   0.00645732     0.486897      1.67710   0.00645234     0.483030     0.703090  5.05598e-13  2.70444e-13     0.852197     0.612645  1.96274e-13  0.000332282       0
      9.16129      22.9167     0.400158  6.91900e-13    0.0123852     0.330783      4.00000    0.0117115     0.333908      1.67714    0.0116646     0.345864     0.490757  8.82241e-13  4.92400e-13     0.816513     0.590854  2.10777e-13  0.000320023       0
      9.16129      23.0000     0.786315  2.24441e-13   0.00418553     0.678296      6.11292   0.00412043     0.680142      1.67719   0.00412050     0.631998     0.934945  3.23025e-13  1.68184e-13     0.731680     0.538969  2.53062e-13  0.000345286       0
      9.16129      23.0833     0.552605  4.04021e-13   0.00591898     0.482605      3.81250   0.00579445     0.495730      1.67362   0.00578554     0.484622     0.640275  5.02832e-13  3.16095e-13     0.622858     0.471182  3.30964e-13  0.000640459       0
      9.16129      23.1667     0.205662  2.09816e-12      8.27029     0.205662      1.50000      8.27196     0.205662      1.66667      8.27029    0.0715354    0.0742183  1.21963e-11  1.14704e-11     0.205662     0.215662  2.09816e-12      6.44099       1
      9.16129      23.2500     0.717340  2.61550e-13   0.00316572     0.665035      3.36865   0.00316935     0.687340      1.66792   0.00317888     0.626568     0.774387  3.27704e-13  2.30232e-13     0.558630     0.430459  3.96785e-13  0.000852999       0
      9.16129      23.3333    0.0364087  3.75912e-11      201.369       0       0          NaN       0       0      201.604    0.0191372    0.0424537  1.09808e-10  2.91006e-11      10000.0      10000.0  3.23914e-20  0.000852999       0
      9.16129      23.4167     0.473492  5.22686e-13    0.0157608     0.345990      6.96875    0.0144374     0.347240      1.67589    0.0144205     0.355325     0.604069  8.43436e-13  3.48299e-13      2.01496      1.26104  4.67719e-14  0.000100532       0
      9.16129      23.5000     0.280535  1.25059e-12    0.0290689     0.214285      3.76562    0.0267958     0.221922      1.67215    0.0267450     0.239896     0.354351  1.62327e-12  8.47305e-13      1.62543      1.05259  6.69084e-14  0.000148246       0
      9.16129      23.5833    0.0603875  1.61752e-11      228.126    0.0603875      1.50000      228.146    0.0603875      1.66667      228.126    0.0109357    0.0131665  2.79050e-10  2.04790e-10      10000.0      10000.0  3.23914e-20  0.000148246       1
      9.16129      23.6667     0.811821  2.12812e-13   0.00197208     0.653055     0.488178   0.00188570      1.92443      1.37871   0.00188559     0.715828     0.859621  2.62471e-13  1.93457e-13     0.556992     0.430860  3.98731e-13  0.000698445       0
      9.16129      23.7500     0.808300  2.14359e-13   0.00186551     0.718221     0.907296   0.00180199      1.66264      1.42106   0.00179806     0.748637     0.870448  2.43581e-13  1.89463e-13     0.605853     0.462060  3.46591e-13  0.000564622       0
      9.16129      23.8333     0.722256  2.58589e-13   0.00346578     0.658895      3.59277   0.00345738     0.672255      1.67542   0.00345961     0.601133     0.759748  3.51138e-13  2.37673e-13     0.819859     0.609080  2.09346e-13  0.000612399       0
      9.16129      23.9167     0.625615  3.28536e-13   0.00405460     0.577491      2.81250   0.00405719     0.605615      1.66917   0.00407297     0.552105     0.705875  4.04631e-13  2.68668e-13     0.459433     0.367055  5.49615e-13   0.00114844       0
