      9.19355      0.00000     0.695609  2.75309e-13   0.00370323     0.636235      3.75000   0.00369113     0.645609      1.67542   0.00369312     0.544113     0.763979  4.14586e-13  2.35483e-13     0.634706     0.480683  3.20731e-13  0.000450675       54214.154       0         -12          48       0
      9.19355    0.0833333     0.789157  2.23095e-13   0.00978149     0.511994      12.8287   0.00894897     0.483371      1.69682   0.00894091     0.415643     0.784304  6.49474e-13  2.25401e-13      1.53154      1.00672  7.38838e-14  0.000366755       51018.416       0         -48          25       0
      9.19355     0.166667     0.483683  5.04462e-13    0.0201533     0.321184      7.78125    0.0184676     0.321184      1.68511    0.0184723     0.275047     0.493694  1.29246e-12  4.87529e-13     0.866871     0.625267  1.90768e-13  0.000326280       53712.956       0         -11           5       0
      9.19355     0.250000     0.784111  2.25493e-13   0.00203680     0.426405    0.0966443   0.00165187      2.96010      1.26912   0.00170106     0.676924     0.798703  2.88091e-13  2.18669e-13     0.461093     0.367295  5.46322e-13  0.000932954       58101.288       0         -39          25       0
      9.19355     0.333333      1.07992  1.32265e-13   0.00108703     0.555457    0.0845294  0.000799735      13.5548      1.06976  0.000813253      1.00286      1.10638  1.49633e-13  1.27035e-13     0.609846     0.463397  3.42817e-13  0.000557868       58088.150       0         -39          25       0
      9.19355     0.416667      1.72459  6.06207e-14  0.000535799      1.70302      1.92969  0.000495149      1.75013      1.67968  0.000507683      1.49047      1.65027  7.73080e-14  6.52385e-14      1.10291     0.767379  1.27702e-13  0.000295106       56873.672       0         -40          26       0
      9.19355     0.500000      2.37785  3.54912e-14  0.000363589      1.87194     0.394998  0.000338097      2.39285      1.67417  0.000355576      1.85546      2.41725  5.36634e-14  3.45324e-14      2.81819      1.87018  2.67390e-14  0.000176858       55694.130       0         -40          26       0
      9.19355     0.583333      1.90917  5.11706e-14  0.000420288      1.30132     0.194896  0.000366053      1.92042      1.68354  0.000393169      1.65001      1.92140  6.52557e-14  5.06289e-14      1.28735     0.869850  9.86892e-14  0.000185349       55110.038       0         -41          26       0
      9.19355     0.666667      2.49914  3.26671e-14  0.000948059      2.47914      1.75000  0.000934094      2.50164      1.68542  0.000937053      2.45591      2.35426  3.36311e-14  3.60860e-14      2.98307      1.94201  2.43215e-14   0.00101503       60959.364       0         -41          26       0
      9.19355     0.750000      2.19978  4.04076e-14  0.000276419      1.60190     0.275072  0.000249336      2.21916      1.67511  0.000263919      1.87781      2.14051  5.26028e-14  4.22898e-14      2.61008      1.70852  3.03859e-14  0.000188779       54934.990       0          -4           6       0
      9.19355     0.833333      4.15024  1.40273e-14  0.000132388      4.09929      3.48047  0.000129882      4.16024      1.67167  0.000130958      3.32935      4.15672  2.02533e-14  1.39908e-14      5.05830      3.09772  1.00868e-14  9.55105e-05       56828.222       0         -42          26       0
      9.19355     0.916667      3.04106  2.35534e-14  0.000282226      2.87856      7.78125  0.000282767      3.05192      1.65401  0.000282832      2.30071      3.08519  3.74968e-14  2.29946e-14      3.69393      2.28181  1.70326e-14  0.000114509       55468.586       0         -42          26       0
      9.19355      1.00000      3.32725  2.02747e-14  0.000700137      3.29725      2.87500  0.000695936      3.34225      1.67417  0.000697116      3.09487      3.01030  2.28749e-14  2.39560e-14      4.01867      2.52445  1.48010e-14  0.000754196       50902.412       0          -5           6       0
      9.19355      1.08333      3.20099  2.16250e-14  0.000176541      3.14099      3.50000  0.000172965      3.20099      1.67167  0.000174694      2.71062      3.10597  2.85309e-14  2.27388e-14      3.83182      2.45033  1.60233e-14  0.000143463       51804.958       0         -43          26       0
      9.19355      1.16667      1.65409  6.49874e-14  0.000508351      1.31997     0.391613  0.000466696      1.66784      1.67729  0.000488312      1.39601      1.71460  8.62211e-14  6.12102e-14      1.16826     0.800107  1.16019e-13  0.000193338       52578.400       0         -33          16       0
      9.19355      1.25000      3.39556  1.95995e-14  0.000353476      3.06031      15.4767  0.000351355      3.41681      1.63417  0.000351485      2.29718      3.37843  3.75927e-14  1.97653e-14      4.15046      2.49827  1.40261e-14  0.000112873       55777.384       0         -33          16       0
      9.19355      1.33333      1.75503  5.88785e-14  0.000678236      1.67002      4.56250  0.000680074      1.76003      1.65667  0.000682448      1.45432      1.68179  8.05371e-14  6.32136e-14      2.05826      1.39534  4.51435e-14  0.000312079       55889.072       0         -33          16       0
      9.19355      1.41667     0.140683  3.95086e-12     0.291828    0.0681833      3.87500     0.255490    0.0700583      1.67823     0.255440    0.0697035     0.144278  1.27352e-11  3.78816e-12     0.611455     0.464809  3.41314e-13   0.00127772       46691.528       0         -34          18       1
      9.19355      1.50000     0.987806  1.53453e-13   0.00125857     0.667743     0.196745   0.00112509      3.08108      1.32882   0.00112995     0.826170      1.04711  2.06687e-13  1.39243e-13     0.659481     0.495242  3.00902e-13  0.000434811       52245.216       0         -40          24       0
      9.19355      1.58333      1.10973  1.26396e-13  0.000900855     0.603469    0.0923614  0.000534112      14.4885      1.07155  0.000539578      1.03106      1.13032  1.42875e-13  1.22581e-13     0.653005     0.492439  3.05892e-13  0.000473355       58150.814       0         -40          24       0
      9.19355      1.66667     0.179533  2.63141e-12     0.258450    0.0757820      5.78125     0.216128    0.0767196      1.68003     0.215859    0.0775402     0.171295  1.06631e-11  2.84569e-12     0.668037     0.500764  2.94507e-13  0.000505923       48037.982       0         -40          23       0
      9.19355      1.75000      1.16429  1.16680e-13   0.00147729     0.504166    0.0642707   0.00131819      13.6718      1.07663   0.00133142     0.967269      1.12713  1.58922e-13  1.23160e-13     0.595745     0.457203  3.56447e-13  0.000833191       53082.116       0         -38          19       0
      9.19355      1.83333     0.729269  2.54458e-13   0.00659144     0.576768      7.53125   0.00634519     0.566768      1.68511   0.00634262     0.490258     0.782268  4.93235e-13  2.26379e-13     0.758278     0.557525  2.38441e-13  0.000472656       52148.168       0          -2          42       0
      9.19355      1.91667     0.663915  2.97560e-13    0.0107587     0.467788      9.68255   0.00996249     0.453019      1.68801   0.00995084     0.391432     0.673634  7.17799e-13  2.90440e-13     0.766294     0.552756  2.34299e-13  0.000555892       56833.666       0         -41          24       0
      9.19355      2.00000     0.550983  4.06005e-13    0.0135717     0.398478      8.03125    0.0126590     0.395978      1.68386    0.0126571     0.345580     0.573400  8.83450e-13  3.79898e-13     0.830913     0.601617  2.04725e-13  0.000312038       56720.552       0         -41          24       0
      9.19355      2.08361     0.854752  1.95297e-13   0.00132056     0.542531     0.152000   0.00102785      4.30518      1.21243   0.00103061     0.762456     0.870156  2.36268e-13  1.89569e-13     0.557145     0.430786  3.98549e-13  0.000671154       52814.980       0         -42          24       0
      9.19355      2.16667     0.452639  5.63434e-13   0.00919479     0.181537    0.0576096   0.00852822      2.22908      1.14863   0.00863995     0.410102     0.445096  6.64164e-13  5.79437e-13     0.209602     0.190267  2.03284e-12   0.00522310       59894.392       0         -38          24       0
      9.19355      2.25000      1.72023  6.08768e-14  0.000589037     0.818072    0.0678371  0.000433054      1.74647      1.69604  0.000511590      1.48846      1.61813  7.74820e-14  6.74126e-14      1.96052      1.43896  4.89565e-14  0.000403844       57432.826       0         -38          24       0
      9.19355      2.33333     0.888777  1.82996e-13   0.00110488     0.707002     0.335666  0.000734815      4.94461      1.20245  0.000714370     0.812490     0.891993  2.12520e-13  1.81898e-13     0.574088     0.441814  3.79139e-13  0.000582337       50153.026       0         -38          25       0
      9.19355      2.41667     0.877712  1.86857e-13   0.00108026     0.548651     0.136695  0.000631526      4.64969      1.21085  0.000635732     0.826318     0.882114  2.06625e-13  1.85305e-13     0.563914     0.435300  3.90608e-13  0.000573287       56331.014       0         -39          25       0
      9.19355      2.50000      1.23946  1.05125e-13  0.000844230     0.919362     0.293314  0.000775638      3.09390      1.39278  0.000780553      1.19764      1.25812  1.11315e-13  1.02540e-13     0.834885     0.605458  2.03104e-13  0.000354859       60001.854       0         -39          25       0
      9.19355      2.58333      1.08082  1.32081e-13   0.00145192     0.586535    0.0917992   0.00124398      4.19154      1.29330   0.00126046     0.959143      1.07299  1.61172e-13  1.33692e-13      1.21645     0.918328  1.08461e-13   0.00126215       57616.378       0         -39          25       0
      9.19355      2.66667     0.971593  1.57745e-13   0.00102695     0.558897     0.107167  0.000621816     0.976595      1.69917  0.000829123     0.919088     0.960314  1.73048e-13  1.60845e-13     0.605120     0.461079  3.47291e-13  0.000525588       55255.036       0         -40          25       0
      9.19355      2.75000     0.982282  1.54894e-13   0.00154229     0.542166     0.102196   0.00132526      4.13674      1.26405   0.00134134     0.900379      1.00622  1.79083e-13  1.48802e-13     0.577877     0.443935  3.75005e-13  0.000575028       56567.018       0         -40          25       0
      9.19355      2.83333      1.00849  1.48244e-13   0.00119258     0.689957     0.201162   0.00100163      4.75407      1.23825   0.00100334     0.920204      1.00098  1.72699e-13  1.50102e-13     0.615671     0.468537  3.37429e-13  0.000580766       52638.588       0         -37          24       0
      9.19355      2.91667      1.24726  1.04032e-13  0.000860138     0.868895     0.212064  0.000744696      4.87673      1.29525  0.000745867      1.12068      1.30161  1.24344e-13  9.68938e-14     0.785777     0.575426  2.24697e-13  0.000400721       54782.616       0         -38          25       0
      9.19355      3.00000      1.02651  1.43933e-13   0.00147178     0.491486    0.0722926   0.00118705      9.07592      1.12122   0.00121002     0.924330     0.920685  1.71416e-13  1.72548e-13     0.555988     0.430096  3.99932e-13  0.000716837       58714.456       0         -38          25       0
      9.19355      3.08333     0.779034  2.27948e-13   0.00294023     0.351014    0.0673677   0.00260772      4.17814      1.18914   0.00264900     0.737743     0.706792  2.49605e-13  2.68087e-13     0.402753     0.328674  6.84487e-13   0.00172200       59509.498       0         -38          25       0
      9.19355      3.16667     0.839920  2.01078e-13   0.00160263     0.428747    0.0818974   0.00112407      9.24007      1.06996   0.00114457     0.758627     0.807121  2.38259e-13  2.14881e-13     0.482482     0.382114  5.06555e-13  0.000939027       57481.558       0         -38          25       0
      9.19355      3.25000     0.743042  2.46646e-13   0.00200040     0.703984      1.03125   0.00168442      5.55719      1.12652   0.00157736     0.679238     0.722223  2.86457e-13  2.58609e-13     0.435181     0.350498  6.01608e-13   0.00113565       56650.722       0         -39          25       0
      9.19355      3.33333     0.728453  2.54933e-13   0.00172293     0.454136     0.138046   0.00126466     0.770953      1.67542   0.00146693     0.678689     0.736659  2.86843e-13  2.50218e-13     0.460868     0.367433  5.46765e-13  0.000788759       59509.052       0         -39          25       0
      9.19355      3.41667     0.631434  3.23506e-13   0.00244165     0.345980    0.0967131   0.00174844      4.41151      1.12405   0.00176684     0.607634     0.601266  3.44899e-13  3.51008e-13     0.369128     0.305477  7.91529e-13   0.00136356       59390.730       0         -39          25       0
      9.19355      3.50000     0.267940  1.35010e-12    0.0399824     0.197940      4.06250    0.0373621     0.201690      1.67823    0.0373028     0.182687     0.298965  2.55614e-12  1.12477e-12     0.498220     0.392877  4.80168e-13  0.000817622       55675.156       0         -34          22       0
      9.19355      3.58333     0.610483  3.42221e-13   0.00349614     0.462475     0.321715   0.00332037     0.625483      1.66917   0.00342504     0.483733     0.615679  5.04374e-13  3.37420e-13     0.408510     0.331969  6.68484e-13   0.00148669       54154.992       0         -34          22       0
      9.19355      3.66667     0.627001  3.27327e-13   0.00259969     0.597314      2.09375   0.00254847     0.642001      1.66292   0.00257342     0.537532     0.652152  4.23080e-13  3.06559e-13     0.501636     0.393927  4.74731e-13  0.000712295       56018.808       0         -34          22       0
      9.19355      3.75000     0.556692  3.99090e-13   0.00361879     0.535911      1.91016   0.00349048     0.576692      1.66667   0.00353434     0.472888     0.576541  5.23800e-13  3.76455e-13     0.389866     0.319352  7.22610e-13   0.00135611       56174.600       0         -34          22       0
      9.19355      3.83333     0.617134  3.36096e-13   0.00429466     0.557136      4.25000   0.00425329     0.569635      1.67167   0.00425608     0.530676     0.685768  4.32228e-13  2.81925e-13     0.694935     0.521449  2.75754e-13  0.000482318       55192.984       0         -35          22       0
      9.19355      3.91667     0.415518  6.49800e-13   0.00720530     0.203292    0.0812392   0.00640318      2.71723      1.08151   0.00644553     0.374279     0.421125  7.73459e-13  6.35445e-13     0.223866     0.200893  1.82158e-12   0.00418535       58018.508       0         -35          22       0
      9.19355      4.00000     0.465313  5.38088e-13   0.00518289     0.377099     0.408179   0.00449856      3.54033      1.07418   0.00434656     0.442879     0.447993  5.84279e-13  5.73205e-13     0.262092     0.229587  1.40068e-12   0.00277293       57004.984       0         -35          22       0
      9.19355      4.08333     0.727445  2.55522e-13   0.00178349     0.423255     0.111714   0.00122425      5.04792      1.13973   0.00122740     0.693177     0.730257  2.76920e-13  2.53884e-13     0.418436     0.338515  6.42265e-13   0.00103088       53122.882       0         -35          23       0
      9.19355      4.16667     0.635332  3.20205e-13   0.00355379     0.581542      3.25439   0.00355592     0.605332      1.66792   0.00357205     0.556779     0.636941  3.98986e-13  3.18858e-13     0.708084     0.549941  2.67273e-13   0.00131355       54895.324       0         -36          23       0
      9.19355      4.25000     0.979788  1.55552e-13   0.00109465     0.939787      2.87500   0.00107890      1.58329      1.50149   0.00106937     0.889412      1.03030  1.82778e-13  1.43051e-13     0.777694     0.568883  2.28602e-13  0.000373950       58949.660       0         -36          23       0
      9.19355      4.33333     0.793429  2.21097e-13   0.00566774     0.630927      7.78125   0.00543604     0.613426      1.68418   0.00543209     0.571529     0.853521  3.81973e-13  1.95767e-13     0.910117     0.651789  1.75900e-13  0.000294676       53617.460       0         -28          16       0
      9.19355      4.41667     0.861025  1.92931e-13   0.00169284     0.683320     0.394272   0.00157972      2.59477      1.32480   0.00157886     0.749915     0.884220  2.42890e-13  1.84570e-13     0.593028     0.454360  3.59173e-13  0.000561571       54195.602       0          10          -4       0
      9.19355      4.50000     0.947687  1.64432e-13   0.00282704     0.842300      6.04395   0.00280839     0.961440      1.62417   0.00280771     0.716997      1.03437  2.61758e-13  1.42113e-13     0.791507     0.577810  2.21992e-13  0.000311893       54085.850       0         -28          16       0
      9.19355      4.58333      1.04338  1.40075e-13   0.00148210     0.993376      3.12500   0.00147924      1.05338      1.66167   0.00148295     0.913820      1.12019  1.74714e-13  1.24435e-13     0.825784     0.598130  2.06848e-13  0.000297801       53475.480       0         -28          16       0
      9.19355      4.66667      1.13679  1.21422e-13   0.00119159      1.09179      2.31250   0.00116121      1.15179      1.67417   0.00116859     0.956348      1.19898  1.61958e-13  1.11107e-13     0.776686     0.568054  2.29097e-13  0.000311388       52064.116       0         -28          16       0
      9.19355      4.75000     0.369888  7.88822e-13    0.0432963     0.212387      7.65625    0.0384419     0.211762      1.68355    0.0384234     0.202827     0.355484  2.14727e-12  8.42810e-13     0.876930     0.628948  1.87135e-13  0.000243460       50423.336       0         -28          16       0
      9.19355      4.83333     0.853891  1.95625e-13   0.00220168     0.803891      3.12500   0.00220093     0.866391      1.65542   0.00220570     0.701652     0.916331  2.71368e-13  1.73917e-13     0.666597     0.500168  2.95567e-13  0.000446541       52232.052       0           9          -3       0
      9.19355      4.91667     0.822005  2.08435e-13   0.00255628     0.765132      3.64844   0.00255451     0.839507      1.64167   0.00255664     0.682040     0.896356  2.84498e-13  1.80424e-13     0.731363     0.542050  2.53245e-13  0.000374701       53704.508       0           9          -3       0
      9.19355      5.00028     0.831994  2.04281e-13   0.00241254     0.646710     0.385782   0.00226493      6.47706      1.11207   0.00223575     0.745806     0.848271  2.45124e-13  1.97790e-13     0.457793     0.364905  5.52901e-13   0.00136224       55590.224       0         -43          22       0
      9.19355      5.08333      1.02842  1.43486e-13   0.00107874     0.805864     0.359533  0.000977952      2.82130      1.36254  0.000980486     0.876935      1.04054  1.87133e-13  1.40712e-13     0.774415     0.569705  2.30218e-13  0.000449388       53523.730       0         -43          22       0
      9.19355      5.16667     0.191498  2.36313e-12     0.129497     0.108530      4.64648     0.127141     0.109155      1.67458     0.127996    0.0972299     0.178436  7.31301e-12  2.65843e-12     0.615939     0.461068  3.37184e-13  0.000795487       51822.326       0         -32          15       1
      9.19355      5.25000    0.0880429  8.62856e-12      1.63235    0.0480430      3.12500      1.62419    0.0430430      1.66917      1.62945    0.0280185    0.0653567  5.81686e-11  1.41779e-11    0.0630429     0.110543  1.50557e-11     0.947609       43764.398       0         -33          16       1
      9.19355      5.33333     0.138521  4.05417e-12     0.216091    0.0781894      4.01392     0.215063    0.0786387      1.66628     0.217558    0.0637662     0.117635  1.47722e-11  5.32356e-12     0.885572     0.678877  1.84101e-13   0.00496728       48828.976       0           5          -4       1
      9.19355      5.41667     0.467087  5.34686e-13    0.0163392     0.349589      6.71875    0.0153063     0.349589      1.67324    0.0152805     0.311618     0.505750  1.04968e-12  4.68312e-13     0.787030     0.575659  2.24101e-13  0.000356397       50007.774       0           4           1       0
      9.19355      5.50000     0.448331  5.72486e-13    0.0131466     0.363330      5.06250    0.0125950     0.366455      1.67800    0.0125806     0.324835     0.492539  9.79470e-13  4.89434e-13     0.615338     0.468199  3.37732e-13  0.000524584       54647.042       0         -34          21       0
      9.19355      5.58333     0.647853  3.09957e-13   0.00739247     0.525353      6.84375   0.00709336     0.519103      1.67808   0.00708435     0.460192     0.696762  5.48105e-13  2.74550e-13     0.775367     0.565760  2.29747e-13  0.000348549       50852.310       0         -41          24       0
      9.19355      5.66667     0.235721  1.67148e-12    0.0839583     0.143221      5.25000    0.0758897     0.143221      1.67792    0.0757436     0.131192     0.223098  4.43862e-12  1.83204e-12     0.345031     0.288055  8.85791e-13   0.00154919       48654.984       0          -6          47       0
      9.19355      5.75000     0.754362  2.40508e-13   0.00300575     0.311313    0.0552828   0.00252791      10.7765      1.01585   0.00253897     0.662152     0.672423  2.98882e-13  2.91312e-13     0.364936     0.302975  8.06741e-13   0.00183427       54691.994       0         -36          23       0
      9.19355      5.83333     0.770433  2.32205e-13   0.00172896     0.438056     0.107006   0.00125961      5.15062      1.15207   0.00126652     0.685192     0.795889  2.82320e-13  2.19959e-13     0.454407     0.363140  5.59785e-13  0.000834228       59870.148       0         -36          23       0
      9.19355      5.91667     0.793104  2.21248e-13   0.00118044     0.623037     0.370845  0.000983850      2.09555      1.35868  0.000984930     0.751573     0.829375  2.41997e-13  2.05358e-13     0.590249     0.452012  3.61996e-13  0.000570936       59135.884       0         -36          23       0
      9.19355      6.00000     0.962811  1.60150e-13   0.00105484     0.528869    0.0927442  0.000527133      8.41013      1.12702  0.000545516     0.925118     0.936884  1.71172e-13  1.67605e-13     0.587077     0.450085  3.65261e-13  0.000574164       57686.638       0         -36          23       0
      9.19355      6.08333     0.964670  1.59636e-13   0.00131462     0.536137     0.102941   0.00103088      7.28143      1.14463   0.00104063     0.892792     0.895859  1.81626e-13  1.80591e-13     0.609834     0.465049  3.42828e-13  0.000648669       59618.528       0         -36          23       0
      9.19355      6.16667     0.188643  2.42304e-12     0.213556    0.0886436      5.43750     0.183778    0.0873936      1.67761     0.182952    0.0764088     0.141706  1.09276e-11  3.90347e-12     0.528900     0.412197  4.34650e-13  0.000967582       54504.568       0         -38          24       0
      9.19355      6.25000      2.50043  3.26391e-14  0.000424222      2.39984      4.84717  0.000423909      2.51543      1.65667  0.000428047      2.01950      2.69323  4.65968e-14  2.88386e-14      2.94029      1.97621  2.49141e-14  0.000224730       55058.676       0         -45          26       0
      9.19355      6.33333      1.54191  7.30576e-14  0.000956490     0.780545     0.102338  0.000915710      1.55691      1.65667  0.000962330      1.29403      1.87497  9.78406e-14  5.27359e-14     0.884399     0.632029  1.84508e-13  0.000373609       52119.814       0          -8           6       0
      9.19355      6.41667      2.10447  4.35036e-14  0.000595817      1.03832    0.0927263  0.000567375      2.11447      1.66167  0.000598059      1.75827      2.28606  5.86974e-14  3.78981e-14      2.43877      1.70480  3.40260e-14  0.000312605       51784.940       0         -46          26       0
      9.19355      6.50000      3.90890  1.55002e-14  0.000176363      3.87390      2.68750  0.000170009      3.91641      1.67667  0.000171966      3.65681      3.71132  1.73217e-14  1.68998e-14      4.70755      2.96984  1.13703e-14  0.000137497       53329.906       0         -46          26       0
      9.19355      6.58333      3.67345  1.71912e-14  0.000206732      3.56595      5.59375  0.000206420      3.68345      1.66167  0.000207926      3.14987      3.14146  2.22131e-14  2.23123e-14      4.36309      2.83050  1.29054e-14  0.000125523       52606.358       0         -46          26       0
      9.19355      6.66667      2.03125  4.61484e-14  0.000308998      1.45602     0.262219  0.000273052      8.02983      1.31419  0.000274111      2.02942      1.90587  4.62178e-14  5.13185e-14      1.44689     0.959590  8.12279e-14  0.000164393       53268.620       0         -46          26       0
      9.19355      6.75000      1.96849  4.86265e-14  0.000799107     0.797054    0.0596408  0.000747111      1.97849      1.66667  0.000796965      1.63858      1.69830  6.60159e-14  6.21928e-14      2.20285      1.69097  4.03139e-14  0.000626025       53491.872       0         -46          26       0
      9.19355      6.83333      3.42209  1.93469e-14  0.000278059      1.30247    0.0494526  0.000239631      3.43459      1.68042  0.000267846      2.88096      3.62867  2.57752e-14  1.75462e-14      3.92421      2.81069  1.53996e-14  0.000227824       52600.240       0         -46          26       0
      9.19355      6.91667      1.96852  4.86255e-14  0.000971582      1.67319      13.4727  0.000943255      1.98050      1.61538  0.000944106      1.41198      2.10592  8.46019e-14  4.34538e-14      2.38656      1.48229  3.52756e-14  0.000107784       52191.364       0         -10          49       0
      9.19355      7.00000      3.98324  1.50211e-14  0.000176242      3.95323      2.25000  0.000165146      3.98824      1.67917  0.000169652      3.72420      3.37505  1.68025e-14  1.97983e-14      4.70716      3.12312  1.13718e-14  0.000141267       51813.400       0         -10          49       0
      9.19355      7.08333      3.67950  1.71441e-14  0.000205533      3.57199      5.59375  0.000205209      3.68950      1.66167  0.000206641      2.97756      3.34595  2.43965e-14  2.00862e-14      4.37706      2.84962  1.28368e-14  0.000125553       51041.762       0         -10          49       0
      9.19355      7.16667     0.238383  1.64047e-12     0.203200    0.0906248      7.49396     0.170441    0.0906248      1.68062     0.170246    0.0775452     0.149553  1.06620e-11  3.56810e-12      5.33688      3.55360  9.22464e-15  0.000200864       54596.368       0         -44          26       1
      9.19355      7.25000      1.38658  8.72014e-14  0.000951659      1.34657      2.87500  0.000934167      1.39658      1.67167  0.000940150      1.16212      1.47753  1.17042e-13  7.84393e-14      1.61485      1.11844  6.76405e-14  0.000644490       52922.450       0         -37          23       0
      9.19355      7.33333      1.39156  8.66816e-14  0.000946976     0.698181    0.0783677  0.000792101      1.41078      1.69237  0.000864160      1.16699      1.32852  1.16230e-13  9.36443e-14     0.748401     0.552261  2.43709e-13  0.000584246       52020.166       0         -36          23       0
      9.19355      7.41667      1.38497  8.73701e-14   0.00116283      1.30997      3.93750   0.00116541      1.39997      1.65667   0.00116630      1.03928      1.42119  1.40996e-13  8.36905e-14      1.60753      1.12658  6.81550e-14  0.000421206       53320.318       0         -36          23       0
      9.19355      7.50000      1.39200  8.66354e-14   0.00146948     0.355121    0.0277154   0.00114261      303.315     0.781750   0.00117902      1.17761      1.17534  1.14488e-13  1.14857e-13      1.50958      1.24420  7.56835e-14   0.00135265       52870.212       0         -36          23       0
      9.19355      7.58333      1.52626  7.43100e-14  0.000491899      1.28197     0.540809  0.000449377      1.53876      1.67792  0.000468905      1.40482      1.54579  8.53217e-14  7.27523e-14      1.09162     0.755190  1.29910e-13  0.000234160       55346.940       0         -36          23       0
      9.19355      7.66667      1.42462  8.33550e-14  0.000808599      1.35210      1.81250  0.000782443      3.94813      1.37201  0.000767980      1.13422      1.45685  1.21879e-13  8.03036e-14     0.937241     0.666359  1.67498e-13  0.000321762       55102.122       0         -36          23       0
      9.19355      7.75000      1.13719  1.21350e-13   0.00175296     0.485750    0.0565061   0.00151483      1.15844      1.68854   0.00164625     0.997280      1.05218  1.51031e-13  1.38127e-13      1.27125     0.985933  1.00780e-13   0.00144147       56599.852       0         -36          23       0
      9.19355      7.83333      1.27211  1.00667e-13  0.000748189      1.24211      2.25000  0.000706534      1.28461      1.67667  0.000720891      1.12233      1.33596  1.24040e-13  9.27773e-14     0.887362     0.634863  1.83482e-13  0.000275934       54789.866       0         -36          23       0
      9.19355      7.91667      1.73683  5.99101e-14  0.000735879      1.68683      3.12500  0.000730577      1.74433      1.67042  0.000731584      1.59900      1.85706  6.87620e-14  5.35860e-14      2.05579      1.37696  4.52341e-14  0.000557680       55255.470       0         -36          23       0
      9.19355      8.00000      1.14179  1.20536e-13  0.000882569     0.739152     0.170132  0.000748600      4.92475      1.26373  0.000752974      1.03105      1.16023  1.42878e-13  1.17360e-13     0.747304     0.548870  2.44306e-13  0.000329086       55436.760       0         -36          23       0
      9.19355      8.08333      1.06859  1.34610e-13  0.000878612     0.929485     0.752075  0.000824343      2.59539      1.38866  0.000824355     0.979290      1.16127  1.55684e-13  1.17185e-13     0.832677     0.602000  2.04002e-13  0.000326950       56714.798       0         -36          23       0
      9.19355      8.16667      1.17981  1.14133e-13  0.000682334     0.820667     0.218532  0.000541303      4.84410      1.27830  0.000544627      1.09995      1.22337  1.28275e-13  1.07440e-13     0.803660     0.584110  2.16425e-13  0.000339908       56118.714       0         -36          23       0
      9.19355      8.25000      1.33118  9.33332e-14  0.000881607      1.06549     0.435876  0.000828786      4.22481      1.34055  0.000827301      1.10590      1.42176  1.27127e-13  8.36341e-14     0.887809     0.634488  1.83328e-13  0.000294637       53926.790       0         -36          23       0
      9.19355      8.33333      1.01765  1.46027e-13  0.000898500     0.713292     0.235050  0.000758738      2.85631      1.35378  0.000766899     0.920704      1.08461  1.72542e-13  1.31312e-13     0.701789     0.521581  2.71280e-13  0.000410182       54758.310       0         -36          23       0
      9.19355      8.41667      1.25900  1.02420e-13  0.000683379     0.777335     0.140371  0.000522689      7.16349      1.21653  0.000528821      1.11416      1.32762  1.25559e-13  9.37506e-14     0.825679     0.595390  2.06892e-13  0.000302845       54393.986       0         -36          23       0
      9.19355      8.50000      1.35963  9.01003e-14  0.000542563      1.34588      1.48438  0.000420507      6.61356      1.25645  0.000402365      1.29274      1.41542  9.80041e-14  8.42595e-14     0.944067     0.667598  1.65485e-13  0.000357142       54920.674       0         -36          23       0
      9.19355      8.58333      1.72850  6.03923e-14  0.000675154      1.67131      3.30859  0.000669046      1.73850      1.66667  0.000673439      1.39405      1.72813  8.64238e-14  6.04135e-14      2.01771      1.38874  4.66656e-14  0.000296694       53410.776       0         -36          23       0
      9.19355      8.66667      1.10271  1.27740e-13   0.00102480     0.840426     0.364012  0.000953719      3.11867      1.35415  0.000955989     0.930047      1.19484  1.69663e-13  1.11750e-13     0.775482     0.567450  2.29690e-13  0.000368996       53492.184       0         -36          23       0
      9.19355      8.75000      1.28844  9.85493e-14  0.000638204      1.23376      3.77734  0.000635543      1.29844      1.66167  0.000639207      1.19095      1.38427  1.12358e-13  8.74432e-14      1.15511     0.792740  1.18229e-13  0.000214834       53395.856       0         -36          23       0
      9.19355      8.83333      1.64920  6.53091e-14  0.000539105      1.56952      4.58984  0.000539223      1.66420      1.65667  0.000540572      1.40884      1.78207  8.49168e-14  5.73966e-14      1.48750     0.982711  7.75652e-14  0.000165596       52478.586       0         -36          23       0
      9.19355      8.91667      2.94098  2.49044e-14  0.000367825      1.10049    0.0469272  0.000317558      2.95223      1.68354  0.000350222      2.46654      2.42158  3.33900e-14  3.44295e-14      3.27708      2.55162  2.07946e-14  0.000336609       52682.740       0           0          46       0
      9.19355      9.00000      2.17772  4.10923e-14  0.000759319      2.09272      4.56250  0.000760170      2.19272      1.65667  0.000764128      2.01868      2.16225  4.66283e-14  4.15832e-14      2.57916      1.69709  3.09954e-14  0.000704310       53188.682       0         -36          23       0
      9.19355      9.08333      2.99358  2.41793e-14  0.000389977      2.83108      7.78125  0.000392017      3.00858      1.65167  0.000392450      2.35563      2.82246  3.60511e-14  2.66717e-14      3.55030      2.31335  1.81965e-14  0.000179007       51440.804       0         -36          24       0
      9.19355      9.16667     0.965771  1.59333e-13   0.00106553     0.915770      3.12500   0.00106088     0.973896      1.65729   0.00106923     0.924289      1.00644  1.71428e-13  1.48747e-13      1.10889     0.796659  1.26556e-13  0.000468489       53615.080       0         -36          24       0
      9.19355      9.25000      1.45320  8.06406e-14   0.00168025      1.36820      5.06250   0.00169064      1.45570      1.65167   0.00169462      1.13279      1.51339  1.22136e-13  7.53663e-14      1.69852      1.16195  6.21790e-14   0.00151342       51989.462       0         -36          24       0
      9.19355      9.33333      3.92050  1.54239e-14  0.000181766      3.80302      6.71875  0.000182182      3.93050      1.66167  0.000182439      3.18851      3.63714  2.17662e-14  1.74781e-14      4.72790      2.95237  1.12888e-14  0.000106857       53555.278       0         -36          24       0
      9.19355      9.41667      3.96101  1.51618e-14  0.000748773      3.91102      3.12500  0.000746588      3.96101      1.67167  0.000747568      3.86611      3.70067  1.57872e-14  1.69809e-14      4.80497      2.98304  1.09887e-14  0.000809865       50031.472       0         -36          24       0
      9.19355      9.50000      1.56591  7.12009e-14  0.000349797      1.49591      4.06250  0.000350732      1.57278      1.66104  0.000349763      1.43619      1.55077  8.22383e-14  7.23627e-14      1.86403      1.21532  5.32528e-14  0.000170794       52154.442       0         -36          24       0
      9.19355      9.58333      4.17028  1.39151e-14  0.000309979      3.89903      13.0156  0.000313247      4.18278      1.64667  0.000313803      3.45694      4.09405  1.90229e-14  1.43496e-14      5.05641      3.12565  1.00931e-14  0.000276330       50802.586       0         -36          23       0
      9.19355      9.66667      2.68160  2.90472e-14  0.000683143      2.20100      21.0703  0.000665945      2.70473      1.60293  0.000665676      1.81196      2.68277  5.58277e-14  2.90261e-14      3.22654      2.01944  2.13403e-14  0.000153663       48859.478       0         -38          66       0
      9.19355      9.75000      2.23290  3.94137e-14  0.000615083      1.93760      13.4727  0.000602775      2.25664      1.61917  0.000602362      1.84895      2.28403  5.39786e-14  3.79541e-14      2.68979      1.69103  2.89000e-14  0.000145100       50397.648       0         -37          23       0
      9.19355      9.83333      3.61659  1.76440e-14  0.000248970      3.40783      9.48438  0.000249790      3.61909      1.65167  0.000250005      2.91489      3.16444  2.52770e-14  2.20429e-14      4.38272      2.69445  1.28092e-14  0.000114809       51360.080       0         -37          23       0
      9.19355      9.91667      1.86764  5.30809e-14  0.000388897      1.29866     0.224646  0.000345825      1.88014      1.67667  0.000372733      1.79858      1.78412  5.65215e-14  5.72870e-14      2.18871      1.49825  4.07488e-14  0.000278677       53122.292       0         -37          23       0
      9.19355      10.0000      2.57197  3.11401e-14  0.000340665      1.13790    0.0599366  0.000262748      2.60304      1.69333  0.000304062      2.16790      2.25273  4.14030e-14  3.88372e-14      2.97338      2.09136  2.44538e-14  0.000264774       49180.814       0         -37          23       0
      9.19355      10.0833      2.89176  2.56149e-14  0.000349990      2.75019      7.17578  0.000352149      2.90426      1.65417  0.000353137      2.28526      2.76255  3.79202e-14  2.76426e-14      3.45316      2.22077  1.90576e-14  0.000177062       52513.068       0         -37          24       0
      9.19355      10.1667      2.33184  3.66660e-14  0.000458792      2.21654      5.22266  0.000460045      2.34684      1.65667  0.000461739      2.00652      2.37352  4.71001e-14  3.55994e-14      2.76964      1.81353  2.75248e-14  0.000211169       49578.708       0         -38          66       0
      9.19355      10.2500      2.01060  4.69411e-14  0.000569378      1.87310      6.96875  0.000570577      2.02310      1.64667  0.000571108      1.63815      1.94758  6.60447e-14  4.94999e-14      2.39394      1.55302  3.50946e-14  0.000193870       52120.318       0         -37          23       0
      9.19355      10.3333      2.49743  3.27045e-14  0.000537513      2.38992      5.59375  0.000538994      2.51242      1.65167  0.000544188      1.90323      2.39331  5.14369e-14  3.51101e-14      2.85599      2.06753  2.61518e-14  0.000295448       50716.920       0         -37          24       0
      9.19355      10.4167      1.72387  6.06626e-14  0.000628690      1.57137      7.53125  0.000627866      1.73938      1.63737  0.000627978      1.42595      1.83620  8.32250e-14  5.46048e-14      2.05041      1.35151  4.54320e-14  0.000252519       51915.214       0         -37          23       0
      9.19355      10.5000      2.46476  3.34301e-14  0.000342262      2.32953      7.27637  0.000341402      2.47617      1.65323  0.000341429      2.11533      2.41951  4.31321e-14  3.44786e-14      2.99158      1.82559  2.42062e-14  0.000113744       52501.510       0         -37          23       0
      9.19355      10.5833      1.83452  5.46877e-14  0.000808823      1.62672      9.62891  0.000797920      1.85242      1.62683  0.000797558      1.64782      1.91127  6.54003e-14  5.10770e-14      2.18696      1.43499  4.08032e-14  0.000219308       52876.996       0         -37          23       0
      9.19355      10.6667      2.17236  4.12613e-14  0.000895663      1.90112      13.0156  0.000911449      2.18610      1.62417  0.000908996      1.67773      1.93346  6.34683e-14  5.01038e-14      2.44808      1.84933  3.38107e-14  0.000508484       54325.814       0         -37          23       0
      9.19355      10.7500      1.32399  9.41796e-14   0.00176591      1.09524      10.2344   0.00167900      1.33375      1.60058   0.00168298     0.957050      1.43044  1.61760e-13  8.27902e-14      1.58544      1.02446  6.97452e-14  0.000445516       53566.500       0         -37          23       0
      9.19355      10.8333      1.96973  4.85756e-14  0.000374132      1.89004      4.58984  0.000374405      1.97973      1.66167  0.000375661      1.64781      2.24707  6.54008e-14  3.90002e-14      2.35304      1.51217  3.61171e-14  0.000227901       52690.258       0         -37          23       0
      9.19355      10.9167      3.00912  2.39715e-14  0.000235191      2.89381      5.22266  0.000235308      3.01912      1.66167  0.000236452      2.61208      2.86453  3.03471e-14  2.60220e-14      3.59658      2.29139  1.78079e-14  0.000129224       53525.870       0         -37          23       0
      9.19355      11.0000      2.02230  4.64893e-14  0.000504290      1.90479      6.71875  0.000503085      2.02480      1.65167  0.000502841      1.67482      2.09647  6.36526e-14  4.37806e-14      2.41814      1.53535  3.45113e-14  0.000145412       52683.762       0         -37          23       0
      9.19355      11.0833      2.20174  4.03479e-14  0.000505211      2.11674      4.56250  0.000505191      2.21674      1.65667  0.000508555      1.94631      1.92274  4.95538e-14  5.05704e-14      2.58220      1.72434  3.09348e-14  0.000239904       53630.138       0         -37          23       0
      9.19355      11.1667      2.12795  4.27065e-14  0.000522516      1.98545      7.53125  0.000519224      2.14013      1.64604  0.000519048      1.75408      2.22539  5.89313e-14  3.96357e-14      2.58184      1.60630  3.09419e-14  0.000135878       54538.592       0         -37          23       0
      9.19355      11.2500      2.65603  2.95149e-14  0.000412241      2.47111      9.36621  0.000414860      2.66970      1.64526  0.000415351      1.99641      2.57580  4.74983e-14  3.10629e-14      3.15819      2.04454  2.21156e-14  0.000165742       53760.262       0         -37          23       0
      9.19355      11.3333      2.04733  4.55461e-14  0.000287002      1.98233      3.93750  0.000286937      2.04733      1.66667  0.000287002      1.76393      2.06975  5.83838e-14  4.47265e-14      2.46577      1.54821  3.34072e-14  0.000136156       54017.912       0         -37          23       0
      9.19355      11.4167      3.01247  2.39272e-14  0.000460277      2.64308      17.5547  0.000452865      3.03458      1.62652  0.000452992      2.10666      2.90203  4.34280e-14  2.54639e-14      3.68486      2.21734  1.71025e-14  0.000112458       56295.946       0         -37          23       0
      9.19355      11.5000     0.489579  4.94377e-13    0.0475545     0.214039      13.0353    0.0404359     0.206453      1.69473    0.0403946     0.182158     0.354388  2.56852e-12  8.47158e-13      1.13949     0.782825  1.20942e-13  0.000407464       53631.984       0         -37          23       0
      9.19355      11.5833      2.03970  4.58301e-14  0.000653680      1.97970      3.50000  0.000650959      2.04970      1.66667  0.000652638      1.81226      2.04504  5.58122e-14  4.56309e-14      2.45322      1.54959  3.36927e-14  0.000629814       58011.124       0         -37          23       0
      9.19355      11.6667      4.21104  1.36914e-14  0.000119963      4.13604      3.93750  0.000118414      4.21104      1.67167  0.000118668      3.67547      3.68374  1.71754e-14  1.71112e-14      5.12339      3.15216  9.87417e-15  0.000102822       55453.050       0         -37          23       0
      9.19355      11.7500      1.61049  6.79461e-14  0.000480960      1.34364     0.615341  0.000456677      1.62049      1.67167  0.000473119      1.44575      1.59475  8.13344e-14  6.90679e-14      1.22779     0.837814  1.06797e-13  0.000219121       54416.144       0         -37          23       0
      9.19355      11.8333      2.69844  2.87458e-14  0.000174592      2.66344      2.68750  0.000163793      2.71344      1.67417  0.000167643      2.39621      2.59431  3.50391e-14  3.06944e-14      3.23836      2.04623  2.12107e-14  0.000143438       54466.880       0         -37          23       0
      9.19355      11.9167      2.62691  3.00621e-14  0.000504672      2.41910      9.62891  0.000506615      2.64191      1.64542  0.000506056      2.30591      3.03315  3.73559e-14  2.36559e-14      3.20825      1.92700  2.15434e-14  0.000393061       60490.782       0         -37          23       0
      9.19355      12.0000      1.71543  6.11612e-14   0.00207819      1.23478      21.0703   0.00191663      1.75827      1.54845   0.00192546      1.13148      1.82395  1.22373e-13  5.52169e-14      4.06173      2.35281  1.45405e-14  0.000100336       50368.504       0          -1           1       0
      9.19355      12.0833      1.05907  1.36633e-13   0.00347453     0.830321      10.2344   0.00329344      1.09659      1.56744   0.00330112     0.820403      1.25463  2.09114e-13  1.03015e-13      1.24523     0.840419  1.04314e-13  0.000292531       54005.730       0          -4          41       0
      9.19355      12.1667      2.04917  4.54777e-14   0.00101730      1.67981      17.5547  0.000966182      2.07237      1.60021  0.000968613      1.37212      2.19355  8.87378e-14  4.05992e-14      2.50205      1.51094  3.26039e-14  0.000101220       55879.004       0         -41          17       0
      9.19355      12.2500      2.98952  2.42341e-14  0.000151139      2.91451      3.93750  0.000148750      2.99748      1.66846  0.000150074      2.92312      2.89841  2.51585e-14  2.55170e-14      3.61693      2.25078  1.76412e-14  0.000133753       55028.292       0          -4          -3       0
      9.19355      12.3333      3.48111  1.88032e-14  0.000759435      3.37611      5.31250  0.000759863      3.48111      1.66667  0.000759435      3.17829      3.23399  2.18830e-14  2.12584e-14      4.27442      2.53114  1.33547e-14  0.000823627       55352.022       0          -4          -3       0
      9.19355      12.4167      3.42899  1.92820e-14  0.000248345      3.35400      3.93750  0.000245529      3.43649      1.66417  0.000249046      2.59447      3.13467  3.06913e-14  2.23928e-14      4.05653      2.69028  1.45715e-14  0.000159952       61115.756       0         -37          23       0
      9.19355      12.5000      3.85476  1.58648e-14  0.000183012      3.74726      5.59375  0.000183049      3.85726      1.66417  0.000183533      3.05899      3.67806  2.33238e-14  1.71553e-14      4.61322      2.96744  1.17604e-14  0.000128046       57944.900       0         -37          23       0
      9.19355      12.5833      2.08204  4.42875e-14  0.000570577      1.92954      7.53125  0.000571333      2.08985      1.64729  0.000571146      1.55836      2.16973  7.17769e-14  4.13448e-14      2.47724      1.61023  3.31498e-14  0.000183633       58272.564       0         -37          23       0
      9.19355      12.6667      1.75088  5.91109e-14   0.00282026      1.41584      15.2332   0.00295314      1.78776      1.58543   0.00294732      1.13569      1.31730  1.21618e-13  9.49775e-14      1.47962      1.99119  7.82550e-14   0.00281727       57630.262       0         -37          23       0
      9.19355      12.7500      1.73552  5.99854e-14   0.00208293      1.27488      20.8203   0.00198443      1.78959      1.55231   0.00198778      1.01045      1.62017  1.47765e-13  6.72712e-14      2.05177      1.36951  4.53816e-14  0.000338667       56242.616       0         -37          23       0
      9.19355      12.8333      1.35621  9.04791e-14   0.00308039     0.986844      17.5547   0.00287131      1.40750      1.54020   0.00288122     0.825930      1.37827  2.06787e-13  8.80792e-14      1.78545      1.14861  5.72156e-14  0.000171456       58069.800       0         -35          22       0
      9.19355      12.9167      1.63950  6.59544e-14   0.00229621      1.15890      21.0703   0.00211383      1.69080      1.54020   0.00212383     0.938502      1.63859  1.67123e-13  6.60155e-14      1.98943      1.24548  4.77767e-14  0.000149248       51033.944       0           3          43       0
      9.19355      13.0000      4.23175  1.35799e-14  0.000176058      4.00299      10.2344  0.000176577      4.24425      1.65417  0.000176460      3.44390      4.08644  1.91431e-14  1.43942e-14      5.17628      3.14186  9.70657e-15  8.35133e-05       53807.698       0           6          -1       0
      9.19355      13.0833      4.03266  1.47155e-14  0.000206260      3.82765      10.5625  0.000207789      4.03766      1.65667  0.000207401      3.50577      3.41258  1.85833e-14  1.94368e-14      4.85089      3.07005  1.08158e-14  0.000124605       51951.348       0           6          -1       0
      9.19355      13.1667      2.24632  3.90220e-14   0.00105983      1.76565      21.0703   0.00100614      2.27429      1.58387   0.00100752      1.42983      2.26850  8.28497e-14  3.83883e-14      2.74504      1.64702  2.79371e-14  9.74264e-05       51991.402       0           6          -1       0
      9.19355      13.2500      3.69536  1.70216e-14  0.000505625      3.42410      13.0156  0.000509500      3.69786      1.65167  0.000508288      2.81213      3.65491  2.68351e-14  1.73368e-14      4.55251      2.69964  1.20229e-14  0.000491058       55311.910       0         -30          18       0
      9.19355      13.3333     0.285351  1.21562e-12     0.262125    0.0803537      10.5625     0.213784    0.0802130      1.68067     0.213615    0.0705384     0.140635  1.24849e-11  3.95310e-12      3.95917      2.62761  1.51736e-14  0.000275341       54132.424       0         -34          22       1
      9.19355      13.4167      5.77207  8.09486e-15  0.000157571      5.11636      28.7578  0.000157012      5.77705      1.63667  0.000156914      3.94692      5.44901  1.52522e-14  8.91044e-15      7.03074      4.27735  5.82676e-15  9.04335e-05       54391.166       0         -37          23       0
      9.19355      13.5000     0.322501  9.91314e-13     0.168360       0       0          NaN       0       0     0.177748     0.102099     0.231374  6.74101e-12  1.72413e-12      4.65105      2.92477  1.16014e-14  0.000207748       53956.390       0         -30          18       0
      9.19355      13.5833      4.05007  1.46103e-14  0.000199837      3.77879      13.0156  0.000199977      4.06256      1.64667  0.000200101      3.03339      4.09446  2.36528e-14  1.43472e-14      4.98847      2.95385  1.03233e-14  0.000106610       54390.214       0           9          -6       0
      9.19355      13.6667     0.274855  1.29397e-12     0.119638     0.122601      7.91785     0.101999     0.122601      1.67863     0.101883     0.130424     0.280696  4.48231e-12  1.24940e-12      1.97939      1.26610  4.81810e-14  0.000194500       55488.898       0           9          -5       0
      9.19355      13.7500      5.30084  9.32943e-15  0.000143946      5.19334      5.59375  0.000143465      5.30084      1.66667  0.000143946      3.98555      4.66225  1.50066e-14  1.15550e-14      6.27284      4.15048  7.04674e-15  0.000108170       55846.798       0         -36          23       0
      9.19355      13.8333      3.85323  1.58753e-14  0.000194229      3.73573      6.71875  0.000194452      3.86323      1.66167  0.000194753      3.10708      3.79646  2.27253e-14  1.62729e-14      4.71023      2.85752  1.13595e-14  0.000110548       55732.574       0         -36          23       0
      9.19355      13.9167      4.02054  1.47895e-14  0.000164630      3.81272      9.62891  0.000166040      4.02804      1.65292  0.000166511      3.17844      4.16919  2.18812e-14  1.39212e-14      4.88917      3.00200  1.06751e-14  0.000104277       53219.688       0         -37          23       0
      9.19355      14.0000      4.24785  1.34942e-14  0.000759241      3.87848      17.5547  0.000763595      4.26535      1.64167  0.000763439      3.26246      4.03112  2.09502e-14  1.47249e-14      5.19237      3.15804  9.65651e-15  0.000813407       54152.604       0         -37          23       0
      9.19355      14.0833      3.08352  2.30154e-14  0.000896647      2.71412      17.5547  0.000904264      3.10977      1.62917  0.000903550      2.26968      3.04644  3.83551e-14  2.34842e-14      3.77484      2.28065  1.64285e-14  0.000896089       54336.360       0         -37          23       0
      9.19355      14.1667      4.96956  1.03888e-14   0.00107130      4.93956      2.87500   0.00106953      4.96956      1.67167   0.00107051      3.79778      4.50114  1.62635e-14  1.22525e-14      4.97956      4.96956  1.03541e-14   0.00118255       54775.192       0         -37          23       0
      9.19355      14.2500      4.17733  1.38760e-14   0.00434762      4.17733      1.50000   0.00434372      4.18733      1.66667   0.00434750      3.30116      3.94228  2.05424e-14  1.52821e-14      4.18733      4.17733  1.38208e-14   0.00478097       56026.484       0         -37          23       0
      9.19355      14.3333      4.13708  1.41017e-14  0.000221760      3.76770      17.5547  0.000222002      4.15458      1.64167  0.000221767      3.11624      3.99229  2.26141e-14  1.49644e-14      5.00181      3.11323  1.02774e-14  0.000118682       54772.056       0         -37          23       0
      9.19355      14.4167      3.99226  1.49646e-14  0.000142895      3.94226      3.12500  0.000138900      4.00226      1.67167  0.000140959      3.82836      3.77399  1.60475e-14  1.64347e-14      4.76736      3.08016  1.11335e-14  0.000117481       53589.914       0         -37          23       0
      9.19355      14.5000      2.91708  2.52454e-14  0.000319928      2.70925      9.62891  0.000321729      2.92804      1.64577  0.000321927      2.59038      2.67550  3.07720e-14  2.91577e-14      3.49375      2.23243  1.86900e-14  0.000134810       56780.572       0         -37          23       0
      9.19355      14.5833      3.49518  1.86772e-14  0.000238587      3.42019      3.93750  0.000235559      3.50518      1.66667  0.000238230      2.62386      3.28404  3.01205e-14  2.07212e-14      4.15459      2.72347  1.40028e-14  0.000153556       54452.278       0         -37          23       0
      9.19355      14.6667      2.89872  2.55124e-14  0.000312915      2.82372      3.93750  0.000309048      2.90872      1.66167  0.000314932      2.85013      2.86257  2.62414e-14  2.60516e-14      1.62332      1.05155  6.70539e-14  0.000161570       55037.056       0         -37          23       0
      9.19355      14.7500      6.02399  7.53857e-15  0.000157338      5.86144      7.78125  0.000157627      6.03399      1.66167  0.000158167      4.41184      4.86912  1.26686e-14  1.07484e-14      6.88093      5.02789  6.03973e-15  0.000136623       54931.114       0         -37          23       0
      9.19355      14.8333      3.90337  1.55369e-14  0.000279407      3.67461      10.2344  0.000281334      3.90587      1.65167  0.000281555      2.74862      3.60545  2.78765e-14  1.77350e-14      4.69674      2.95357  1.14139e-14  0.000136772       54984.454       0         -37          23       0
      9.19355      14.9167     0.908252  1.76503e-13   0.00146051     0.779142     0.884125   0.00143484      1.62095      1.45904   0.00143424     0.841337     0.918407  2.00514e-13  1.73262e-13     0.653636     0.492290  3.05400e-13  0.000585254       56655.374       0         -37          23       0
      9.19355      15.0000     0.844486  1.99270e-13   0.00134370     0.702804     0.563897   0.00126467      1.51915      1.46708   0.00126902     0.748797     0.894792  2.43494e-13  1.80950e-13     0.653479     0.490983  3.05523e-13  0.000495380       55163.182       0         -37          23       0
      9.19355      15.0833      1.02480  1.44333e-13  0.000865114     0.753833     0.268099  0.000715734      3.03896      1.34627  0.000717548     0.927454      1.05264  1.70454e-13  1.38027e-13     0.729285     0.540116  2.54449e-13  0.000422503       58122.788       0         -37          23       0
      9.19355      15.1667     0.612373  3.40463e-13   0.00293826     0.365815     0.120770   0.00240898      2.42981      1.24222   0.00242914     0.548948     0.651727  4.08517e-13  3.06893e-13     0.377548     0.310568  7.62327e-13   0.00186936       57717.654       0         -37          23       0
      9.19355      15.2500      1.36017  9.00414e-14   0.00112259      1.34017      2.25000   0.00108663      1.37157      1.67940   0.00109471      1.24552      1.36528  1.04274e-13  8.94798e-14      1.58834      1.09839  6.95326e-14   0.00110915       55333.048       0         -37          23       0
      9.19355      15.3333      1.50421  7.61341e-14  0.000447792      1.13163     0.305530  0.000379823      4.82714      1.34648  0.000379599      1.42392      1.56998  8.34235e-14  7.08933e-14      1.05820     0.738131  1.36820e-13  0.000253437       55388.472       0         -37          23       0
      9.19355      15.4167      1.42726  8.30978e-14  0.000746868      1.12438     0.342009  0.000669146      1.44476      1.68792  0.000690100      1.24357      1.49376  1.04547e-13  7.70246e-14      1.66756      1.15603  6.41150e-14  0.000653505       54326.772       0         -37          23       0
      9.19355      15.5000     0.595869  3.56324e-13   0.00379269     0.563368      2.62500   0.00378059     0.588369      1.66792   0.00380250     0.476016     0.636884  5.18075e-13  3.18905e-13     0.445580     0.356615  5.78388e-13  0.000771081       54050.812       0         -37          23       0
      9.19355      15.5833      1.77237  5.79214e-14  0.000665535      1.67315      5.28711  0.000666212      1.78241      1.65018  0.000668177      1.51248      1.83324  7.54417e-14  5.47517e-14      1.40639     0.939538  8.51633e-14  0.000179602       55455.124       0         -37          23       0
      9.19355      15.6667      1.15835  1.17679e-13  0.000956031      1.12334      2.75000  0.000932075      1.16835      1.67167  0.000940510     0.989751      1.30049  1.52951e-13  9.70322e-14      1.33585     0.933336  9.27898e-14  0.000523830       55838.764       0         -37          23       0
      9.19355      15.7500     0.913893  1.74691e-13   0.00170823     0.592626     0.186071   0.00159397      3.47098      1.26901   0.00159979     0.832491      1.00893  2.04078e-13  1.48137e-13     0.603914     0.459484  3.48447e-13   0.00106390       56353.778       0         -37          23       0
      9.19355      15.8333      4.63996  1.16477e-14  0.000187752      4.41118      10.2344  0.000188387      4.64245      1.65167  0.000188817      3.57213      4.29619  1.80115e-14  1.32421e-14      5.62045      3.47425  8.46207e-15  0.000101701       55623.770       0         -37          23       0
      9.19355      15.9167      3.53569  1.83220e-14  0.000224469      3.42819      5.59375  0.000224479      3.54569      1.66167  0.000225234      2.68104      3.34952  2.90575e-14  2.00504e-14      4.22697      2.73287  1.36055e-14  0.000134272       56109.736       0         -37          23       0
      9.19355      16.0000      3.66156  1.72843e-14  0.000138938      3.61280      2.67188  0.000132343      3.67656      1.67417  0.000135256      3.35520      3.37434  1.99940e-14  1.98053e-14      4.45076      2.73119  1.24845e-14  0.000102590       57372.022       0         -37          23       0
      9.19355      16.0833     0.894101  1.81183e-13   0.00190181     0.854413      2.88672   0.00188664      2.06987      1.38236   0.00186670     0.767518     0.907828  2.33677e-13  1.76640e-13      1.01276     0.763101  1.47203e-13  0.000816165       58080.304       0         -37          23       0
      9.19355      16.1667      1.26975  1.00979e-13  0.000586209      1.19475      3.93750  0.000583650      1.28162      1.65386  0.000585312      1.26625      1.29594  1.01445e-13  9.76005e-14      1.23399     0.838855  1.05903e-13  0.000190697       56221.974       0         -37          23       0
      9.19355      16.2500     0.417555  6.44525e-13   0.00721366     0.397555      1.75000   0.00707508     0.427555      1.66667   0.00713068     0.341092     0.445698  9.02906e-13  5.78133e-13     0.298947     0.255082  1.12488e-12   0.00355746       57897.850       0         -37          23       0
      9.19355      16.3333     0.346945  8.77663e-13    0.0176189     0.289600      4.01367    0.0172200     0.296945      1.67542    0.0172128     0.246211     0.367817  1.55447e-12  7.96236e-13     0.344365     0.287568  8.88650e-13   0.00193367       53235.874       0         -37          23       0
      9.19355      16.4167     0.241944  1.60043e-12    0.0763060     0.149445      5.25000    0.0689301     0.149445      1.67792    0.0687917     0.134017     0.225924  4.28379e-12  1.79401e-12     0.359682     0.296802  8.26476e-13   0.00274828       48985.026       0         -36          23       0
      9.19355      16.5000     0.217287  1.91444e-12    0.0851974     0.137599      4.58984    0.0773436     0.140548      1.67832    0.0772732     0.118194     0.210447  5.28164e-12  2.01926e-12     0.457345     0.367486  5.53804e-13   0.00124262       48656.408       0         -36          22       0
      9.19355      16.5833     0.462589  5.43380e-13   0.00662796     0.421866      3.05493   0.00661107     0.442589      1.66917   0.00661078     0.383052     0.510623  7.44160e-13  4.60888e-13     0.448796     0.358239  5.71497e-13  0.000755773       52027.038       0         -36          22       0
      9.19355      16.6667     0.357209  8.36036e-13    0.0328373     0.239709      6.71875    0.0299770     0.241696      1.67670    0.0299586     0.222260     0.378756  1.84358e-12  7.58281e-13     0.767528     0.561360  2.33671e-13  0.000305177       54095.158       0         -36          22       0
      9.19355      16.7500     0.631672  3.23303e-13   0.00348387     0.591672      2.87500   0.00348480     0.621672      1.66667   0.00350145     0.523521     0.683386  4.42119e-13  2.83565e-13     0.462107     0.366743  5.44325e-13   0.00112550       54454.646       0         -36          22       0
      9.19355      16.8333     0.436547  5.98473e-13    0.0125424     0.358111      4.94922    0.0121032     0.361547      1.67979    0.0120980     0.326714     0.493387  9.70101e-13  4.88034e-13     0.510616     0.400087  4.60899e-13  0.000661951       56116.482       0         -36          22       0
      9.19355      16.9167     0.315254  1.02959e-12    0.0457815     0.201481      6.54655    0.0413276     0.200444      1.68152    0.0412644     0.185997     0.327466  2.48077e-12  9.66387e-13     0.864357     0.621889  1.91693e-13  0.000289301       53151.298       0         -36          22       0
      9.19355      17.0000     0.282140  1.23876e-12    0.0603988     0.163987      6.39392    0.0616301     0.168872      1.66922    0.0616223     0.122110     0.228347  5.00238e-12  1.76239e-12     0.833467     0.596875  2.03680e-13  0.000311674       54957.762       0         -36          22       1
      9.19355      17.0833     0.629330  3.25311e-13   0.00523165     0.550890      4.94922   0.00512356     0.554329      1.67979   0.00511967     0.503799     0.709428  4.71339e-13  2.66429e-13     0.716183     0.530332  2.62254e-13  0.000358833       57450.184       0         -36          22       0
      9.19355      17.1667     0.329723  9.55390e-13    0.0433672     0.209239      6.73016    0.0391619     0.212223      1.67324    0.0391408     0.191022     0.330796  2.37296e-12  9.50228e-13     0.787673     0.575305  2.23796e-13  0.000316215       58687.272       0         -36          22       0
      9.19355      17.2500     0.772701  2.31070e-13   0.00453953     0.677701      5.06250   0.00453892     0.687701      1.67355   0.00453461     0.600711     0.855182  3.51550e-13  1.95133e-13     0.890828     0.639577  1.82294e-13   0.00276674       57195.650       0         -36          22       0
      9.19355      17.3333     0.579293  3.73478e-13    0.0137753     0.407305      8.38708    0.0128688     0.398505      1.67994    0.0128522     0.336112     0.584721  9.25312e-13  3.67718e-13     0.661000     0.484486  2.99751e-13   0.00317780       56181.430       0         -36          22       0
      9.19355      17.4167      1.74191  5.96191e-14  0.000536449     0.896657    0.0843865  0.000412567      20.4851      1.11966  0.000420347      1.58637      1.69093  6.96766e-14  6.26448e-14     0.990389     0.695274  1.52787e-13  0.000274645       54573.826       0         -36          22       0
      9.19355      17.5000      1.62695  6.68041e-14  0.000602729     0.862808    0.0887761  0.000468930      20.0733      1.10830  0.000467108      1.59446      1.54610  6.90887e-14  7.27279e-14     0.882192     0.629613  1.85278e-13  0.000401984       51701.094       0         -36          23       0
      9.19355      17.5833      1.36441  8.95753e-14  0.000691269     0.749825    0.0959265  0.000489966      15.9279      1.10481  0.000492614      1.21084      1.34265  1.09299e-13  9.20079e-14     0.819341     0.593691  2.09566e-13  0.000365950       50439.646       0         -36          23       0
      9.19355      17.6667      1.24321  1.04597e-13  0.000832511     0.802858     0.161272  0.000699680      6.46475      1.23561  0.000699230      1.12390      1.16450  1.23752e-13  1.16644e-13     0.777904     0.570711  2.28500e-13  0.000474916       50191.822       0         -36          23       0
      9.19355      17.7500      1.44370  8.15264e-14   0.00213280      1.42370      1.75000   0.00206666      1.45370      1.67167   0.00211701      1.10936      1.05614  1.26465e-13  1.37265e-13      1.52495      1.35871  7.44164e-14   0.00189830       53281.392       0         -37          23       0
      9.19355      17.8333      1.63391  6.63309e-14  0.000967058      1.59891      2.68750  0.000953339      1.64391      1.67167  0.000959128      1.20898      1.49366  1.09580e-13  7.70332e-14      1.84907      1.37455  5.39726e-14  0.000511757       52742.368       0         -37          23       0
      9.19355      17.9167      1.15123  1.18894e-13   0.00128549     0.686592     0.134012   0.00119109      5.12382      1.25255   0.00119309     0.897998      1.16446  1.79875e-13  1.16651e-13     0.647052     0.483899  3.10597e-13  0.000788482       52961.892       0         -37          23       0
      9.19355      18.0000      1.01730  1.46110e-13   0.00208591     0.922306      5.06250   0.00208620      1.04355      1.62917   0.00208656     0.772807      1.08704  2.31017e-13  1.30825e-13     0.783501     0.573063  2.25786e-13  0.000408792       50465.216       0         -37          23       0
      9.19355      18.0833      1.22872  1.06661e-13   0.00100183      1.19872      2.87500  0.000977025      2.84707      1.40532  0.000961446      1.04205      1.31753  1.40373e-13  9.49495e-14     0.831990     0.603355  2.04283e-13  0.000400989       49879.910       0         -37          23       0
      9.19355      18.1667      1.89673  5.17311e-14  0.000355046      1.87322      1.90430  0.000316008      1.92485      1.67948  0.000328804      1.71179      1.90837  6.13776e-14  5.12066e-14      1.30192     0.879638  9.68547e-14  0.000186893       50310.904       0         -37          23       0
      9.19355      18.2500      1.50037  7.64597e-14  0.000980941      1.39167      5.89294  0.000980309      1.50787      1.64667  0.000980254      1.17148      1.58229  1.15488e-13  6.99765e-14      1.30978     0.880527  9.58885e-14  0.000218904       50353.662       0         -37          23       0
      9.19355      18.3333      1.30522  9.64476e-14  0.000855310     0.986973     0.387241  0.000817785      2.61328      1.44670  0.000825039      1.23219      1.33526  1.06162e-13  9.28576e-14     0.874543     0.628619  1.87987e-13  0.000390610       50695.156       0         -37          23       0
      9.19355      18.4167      1.31610  9.51222e-14  0.000438036      1.11975     0.632741  0.000388829      2.63591      1.45445  0.000390459      1.21775      1.38666  1.08267e-13  8.71924e-14      1.10537     0.764975  1.27228e-13  0.000202310       50779.322       0         -37          23       0
      9.19355      18.5000      1.25408  1.03090e-13  0.000507800     0.997891     0.462370  0.000453487      3.11219      1.39071  0.000457517      1.24237      1.30151  1.04715e-13  9.69062e-14     0.980871     0.690314  1.55266e-13  0.000265180       50641.092       0         -37          23       0
      9.19355      18.5833      1.38156  8.77293e-14  0.000756113      1.33156      3.12500  0.000748672      1.38906      1.66417  0.000756363      1.16725      1.47966  1.16187e-13  7.82517e-14      1.07147     0.744835  1.34007e-13  0.000247609       50242.802       0         -37          23       0
      9.19355      18.6667      1.61148  6.78766e-14  0.000458272      1.24487     0.378995  0.000418554      4.85922      1.35975  0.000419313      1.42760      1.72067  8.30652e-14  6.08510e-14      1.89257      1.27806  5.19208e-14  0.000247311       49600.802       0         -37          23       0
      9.19355      18.7500      1.24568  1.04253e-13  0.000764905      1.02905     0.561177  0.000721318      2.92117      1.40894  0.000721830      1.14213      1.33877  1.20477e-13  9.24526e-14     0.940291     0.667508  1.66594e-13  0.000264628       49932.362       0         -37          23       0
      9.19355      18.8333      1.34247  9.20283e-14  0.000825984     0.837809     0.158728  0.000739693      6.75645      1.23791  0.000743506      1.22041      1.40852  1.07875e-13  8.49492e-14     0.891817     0.641855  1.81957e-13  0.000379729       48584.300       0         -36          23       0
      9.19355      18.9167      1.38050  8.78419e-14  0.000773212      1.35050      2.37500  0.000744423      4.30933      1.33978  0.000730493      1.18860      1.47055  1.12729e-13  7.90614e-14     0.976389     0.688524  1.56456e-13  0.000264600       48556.350       0         -36          23       0
      9.19355      19.0000      1.44855  8.10724e-14  0.000597343      1.41355      2.68750  0.000583274      1.45855      1.67167  0.000589309      1.28332      1.52155  9.92054e-14  7.46936e-14      1.15754     0.794169  1.17816e-13  0.000188443       49220.950       0         -36          23       0
      9.19355      19.0833      1.34794  9.14065e-14  0.000527555      1.18312     0.824371  0.000486733      2.81893      1.44423  0.000486608      1.23764      1.38669  1.05383e-13  8.71898e-14      1.06161     0.737402  1.36088e-13  0.000210713       49511.260       0         -36          23       0
      9.19355      19.1667      1.46643  7.94319e-14  0.000649082     0.961222     0.186478  0.000580737      6.13213      1.28299  0.000584529      1.38101      1.57171  8.77883e-14  7.07632e-14     0.956713     0.677459  1.61855e-13  0.000296279       50316.084       0         -36          23       0
      9.19355      19.2500      1.62032  6.72610e-14  0.000664980      1.53844      4.46094  0.000665297      1.63282      1.65417  0.000668662      1.51461      1.68290  7.52656e-14  6.31439e-14      1.20277     0.820796  1.10524e-13  0.000198261       50210.638       0         -36          23       0
      9.19355      19.3333      1.16585  1.16419e-13   0.00150888      1.07085      5.31250   0.00150090      1.18507      1.63636   0.00150187     0.973265      1.26920  1.57293e-13  1.01052e-13      1.08496     0.752252  1.31242e-13  0.000213775       52348.534       0         -36          23       0
      9.19355      19.4167      1.50356  7.61896e-14  0.000369268      1.22582     0.472065  0.000316001      3.41227      1.42840  0.000316594      1.42219      1.52244  8.35923e-14  7.46211e-14      1.16223     0.797236  1.17024e-13  0.000197622       51655.758       0         -36          23       0
      9.19355      19.5000      1.47420  7.87352e-14  0.000962444     0.728911    0.0866794  0.000886189      1.48420      1.67167  0.000950177      1.31109      1.34692  9.57291e-14  9.15218e-14      1.66778      1.23484  6.41009e-14  0.000714062       51283.946       0         -36          23       0
      9.19355      19.5833      2.21706  3.98842e-14  0.000457850      2.14206      3.93750  0.000455975      2.22706      1.66167  0.000459292      1.80495      2.28261  5.61892e-14  3.79934e-14      2.63221      1.72155  2.99614e-14  0.000195391       53838.326       0         -37          23       0
      9.19355      19.6667      1.69878  6.21633e-14  0.000280050      1.28329     0.301616  0.000194068      5.14578      1.36753  0.000195988      1.66343      1.73645  6.43806e-14  5.99318e-14      1.21567     0.826582  1.08577e-13  0.000184148       53016.678       0         -37          23       0
      9.19355      19.7500      1.43944  8.19292e-14  0.000984176      1.40069      3.04688  0.000971193      1.44694      1.67042  0.000976378      1.21893      1.49274  1.08093e-13  7.71119e-14      1.66773      1.17131  6.41040e-14  0.000744409       54480.356       0         -37          23       0
      9.19355      19.8333      1.86892  5.30204e-14  0.000900797      1.83393      2.68750  0.000889520      1.87892      1.67167  0.000894648      1.68639      1.92512  6.29266e-14  5.04662e-14      2.21211      1.47864  4.00331e-14  0.000889896       53774.710       0         -37          23       0
      9.19355      19.9167      3.06370  2.32640e-14  0.000163694      3.02995      2.23438  0.000151372      3.06870      1.67917  0.000155536      2.77623      2.98033  2.74159e-14  2.43587e-14      3.68690      2.31583  1.70868e-14  0.000133406       53494.260       0         -37          23       0
      9.19355      20.0000      3.86108  1.58215e-14  0.000178498      3.82733      2.23438  0.000170300      3.87358      1.67667  0.000174034      3.22079      3.60522  2.14039e-14  1.77369e-14      4.63091      2.95328  1.16856e-14  0.000134728       54370.958       0         -37          23       0
      9.19355      20.0833      1.65476  6.49438e-14  0.000449813      1.38668     0.539590  0.000410196      3.22461      1.47569  0.000410802      1.61287      1.63781  6.77795e-14  6.60675e-14      1.94252      1.30501  4.97149e-14  0.000390160       54469.030       0         -37          23       0
      9.19355      20.1667      2.89350  2.55892e-14  0.000267978      2.84350      3.12500  0.000262400      2.90350      1.67167  0.000264614      2.39432      2.82840  3.50852e-14  2.65783e-14      3.50197      2.16273  1.86170e-14  0.000227170       56130.182       0         -37          23       0
      9.19355      20.2500      2.71819  2.83985e-14  0.000188258      2.12411     0.399831  0.000172418      2.73320      1.67417  0.000181982      2.47025      2.63918  3.33065e-14  2.98297e-14      3.25692      2.06481  2.10096e-14  0.000131872       54724.018       0         -37          23       0
      9.19355      20.3333      1.78297  5.73488e-14  0.000645082      1.64546      6.96875  0.000640511      1.79734      1.64386  0.000640595      1.50401      1.88213  7.61515e-14  5.24017e-14      1.70005      1.10132  6.20857e-14  0.000152885       55424.904       0         -37          23       0
      9.19355      20.4167      1.74750  5.93016e-14  0.000808817      1.62250      6.56250  0.000809024      1.75531      1.64729  0.000809640      1.52998      1.81637  7.40094e-14  5.56017e-14      2.08189      1.36251  4.42929e-14  0.000178135       57022.282       0         -37          23       0
      9.19355      20.5000      1.66943  6.39956e-14  0.000294616      1.45251     0.790208  0.000271323      3.03037      1.48895  0.000272390      1.59158      1.62537  6.92973e-14  6.69127e-14      1.45155     0.963109  8.07938e-14  0.000172107       56292.634       0         -37          23       0
      9.19355      20.5833      2.18490  4.08673e-14  0.000513308      2.09240      4.90625  0.000514953      2.19490      1.66167  0.000515099      2.05699      2.28135  4.51900e-14  3.80284e-14      2.62057      1.67591  3.01836e-14  0.000380296       56388.666       0         -37          23       0
      9.19355      20.6667      3.07915  2.30698e-14  0.000360140      3.00415      3.93750  0.000358079      3.08915      1.66667  0.000359724      2.73193      3.23898  2.81610e-14  2.12039e-14      3.69769      2.35173  1.70037e-14  0.000294015       56209.992       0         -37          23       0
      9.19355      20.7500      3.79770  1.62640e-14  0.000318871      3.78770      1.50000  0.000303307      3.81519      1.68792  0.000307424      3.38730      3.55241  1.96791e-14  1.81784e-14      4.43454      3.05401  1.25607e-14  0.000328281       56974.604       0         -37          23       0
      9.19355      20.8333      1.89220  5.19377e-14  0.000544482      1.74643      7.77539  0.000534792      1.90221      1.64292  0.000534618      1.76887      2.01717  5.81125e-14  4.66867e-14      2.29565      1.42096  3.76345e-14  0.000124755       57300.398       0         -37          23       0
      9.19355      20.9167      1.88201  5.24074e-14  0.000365431      1.77331      5.89294  0.000362291      1.89085      1.65208  0.000362716      1.80054      1.89815  5.64190e-14  5.16668e-14      1.83179      1.17472  5.48241e-14  0.000138811       56962.884       0         -37          23       0
      9.19355      21.0000      1.35168  9.09853e-14   0.00122907      1.21419      6.96875   0.00121179      1.37793      1.62917   0.00121182      1.12036      1.47192  1.24404e-13  7.89382e-14      1.59200      1.06795  6.92668e-14  0.000238916       56792.142       0         -37          23       0
      9.19355      21.0833      1.73076  6.02607e-14  0.000211663      1.62713      1.65210  0.000199387      2.43098      1.56298  0.000199458      1.68362      1.71727  6.30987e-14  6.10520e-14      1.63079      1.06270  6.65427e-14  0.000138070       56549.620       0         -37          23       0
      9.19355      21.1667      1.97051  4.85434e-14  0.000310806      1.94653      1.97070  0.000268865      10.3442      1.26038  0.000252494      1.78770      1.95939  5.70958e-14  4.90034e-14      1.33477     0.894505  9.29143e-14  0.000179010       57606.820       0         -37          23       0
      9.19355      21.2500      2.38061  3.54227e-14  0.000282846      1.61600     0.210828  0.000256068      2.40311      1.67292  0.000274860      2.05073      2.43354  4.54203e-14  3.41480e-14      2.82648      1.85496  2.66085e-14  0.000176797       56646.112       0         -37          23       0
      9.19355      21.3333      3.68174  1.71267e-14  0.000193996      3.56423      6.71875  0.000194162      3.69174      1.66167  0.000194641      3.16314      3.62484  2.20579e-14  1.75771e-14      4.46101      2.75000  1.24368e-14  0.000103540       57201.208       0         -37          23       0
      9.19355      21.4167      2.97961  2.43685e-14  0.000160659      2.93961      2.87500  0.000150297      2.99418      1.67638  0.000153539      2.85352      2.92883  2.61895e-14  2.50769e-14      3.56701      2.26174  1.80547e-14  0.000131098       57797.114       0         -37          23       0
      9.19355      21.5000      2.81413  2.68034e-14  0.000318497      2.69662      6.71875  0.000319021      2.82912      1.65667  0.000319498      2.27394      2.92960  3.82352e-14  2.50658e-14      3.39492      2.11551  1.96056e-14  0.000112115       57557.558       0         -37          23       0
      9.19355      21.5833      3.74578  1.66415e-14  0.000159578      3.67078      3.93750  0.000157913      3.74828      1.66917  0.000158953      3.12714      3.70203  2.24828e-14  1.69705e-14      4.55312      2.77759  1.20203e-14  0.000101600       57196.482       0         -37          23       0
      9.19355      21.6667      2.78711  2.72378e-14  0.000289005      2.60426      9.55298  0.000288409      2.79711      1.65042  0.000288242      2.68139      2.70731  2.90510e-14  2.85889e-14      3.36850      2.08732  1.98625e-14  0.000120392       57264.166       0         -37          23       0
      9.19355      21.7500      1.91935  5.07190e-14  0.000292647      1.34307     0.223736  0.000230813      7.89448      1.30640  0.000232554      1.77997      1.93611  5.75100e-14  4.99896e-14      2.26563      1.51543  3.84694e-14  0.000221220       57504.656       0         -37          23       0
      9.19355      21.8333      2.11751  4.30578e-14  0.000399940      2.00950      6.11292  0.000401610      2.13001      1.65417  0.000402693      1.79444      2.21145  5.67389e-14  4.00530e-14      2.54188      1.61289  3.17569e-14  0.000159583       57227.828       0         -37          23       0
      9.19355      21.9167      3.41129  1.94490e-14  0.000157351      3.33628      3.93750  0.000154857      3.41879      1.66917  0.000156295      3.10308      3.26629  2.27741e-14  2.09092e-14      4.12154      2.58161  1.41905e-14  0.000119165       57695.458       0         -37          23       0
      9.19355      22.0000      3.52857  1.83836e-14  0.000189625      3.46794      3.57031  0.000186476      3.53857      1.67167  0.000187823      3.05303      3.46998  2.33997e-14  1.89039e-14      4.21829      2.68557  1.36521e-14  0.000137668       57448.422       0         -37          23       0
      9.19355      22.0833      2.01141  4.69096e-14  0.000353017      1.60457     0.419007  0.000313318      2.02641      1.67917  0.000335472      1.72833      2.06502  6.04020e-14  4.48976e-14      1.34383     0.900922  9.18728e-14  0.000204319       57518.018       0         -37          23       0
      9.19355      22.1667      3.01106  2.39458e-14  0.000166522      2.16740     0.257510  0.000145138      3.03255      1.67921  0.000155967      2.92306      2.86002  2.51593e-14  2.60904e-14      3.59449      2.30540  1.78252e-14  0.000139530       57197.114       0         -37          23       0
      9.19355      22.2500      3.21459  2.14727e-14  0.000172645      3.13271      4.46094  0.000172398      3.22459      1.66667  0.000172458      2.77263      3.24202  2.74753e-14  2.11708e-14      3.90431      2.37160  1.55306e-14  0.000107440       58579.786       0         -37          23       0
      9.19355      22.3333      2.57913  3.09962e-14  0.000198850      2.12346     0.609375  0.000188973      2.58850      1.66854  0.000197188      2.60086      2.58650  3.05657e-14  3.08491e-14      1.94699      1.23491  4.95250e-14  0.000128120       58035.812       0         -37          23       0
      9.19355      22.4167      6.28891  7.01675e-15  0.000104153      6.10521      9.17188  0.000104505      6.29891      1.66167  0.000104543      4.77158      5.78120  1.11171e-14  8.07357e-15      7.53773      4.82839  5.18834e-15  8.82930e-05       57762.462       0         -37          23       0
      9.19355      22.5000      4.31595  1.31412e-14  0.000130214      4.28094      2.68750  0.000124387      4.33095      1.67417  0.000127180      4.20486      4.23809  1.37249e-14  1.35460e-14      5.20207      3.27131  9.62650e-15  9.81509e-05       57669.610       0         -37          23       0
      9.19355      22.5833      1.91281  5.10087e-14  0.000675099      1.79393      6.27881  0.000678927      1.91531      1.65167  0.000680386      1.53735      1.91297  7.34192e-14  5.10014e-14      2.24515      1.51841  3.90559e-14  0.000257633       57738.342       0         -37          23       0
      9.19355      22.6667      3.49758  1.86559e-14  0.000201291      3.42258      3.93750  0.000199594      3.50446      1.66885  0.000200537      2.71175      3.39984  2.85111e-14  1.95583e-14      4.24892      2.60225  1.34885e-14  9.81156e-05       57788.724       0         -37          23       0
      9.19355      22.7500      4.13686  1.41030e-14  0.000172964      3.94685      8.87500  0.000173535      4.14935      1.65417  0.000173836      3.33469      3.94983  2.01993e-14  1.52334e-14      5.04425      3.07445  1.01337e-14  9.82705e-05       58013.512       0         -37          23       0
      9.19355      22.8333      3.74739  1.66296e-14  0.000132183      3.69738      3.12500  0.000128764      3.74989      1.67417  0.000129818      3.17206      3.66135  2.19547e-14  1.72860e-14      4.54064      2.79744  1.20754e-14  0.000104109       57969.948       0         -37          23       0
      9.19355      22.9167      4.28359  1.33071e-14  0.000140938      4.26359      1.75000  0.000130223      4.30358      1.68167  0.000134265      3.50975      4.13574  1.85482e-14  1.41093e-14      5.06265      3.35175  1.00724e-14  0.000112555       58061.818       0         -37          23       0
      9.19355      23.0000      2.39513  3.50656e-14  0.000209667      2.31544      4.58984  0.000209145      2.40950      1.66261  0.000210174      2.24606      2.25125  3.90296e-14  3.88796e-14      2.89385      1.78824  2.55841e-14  0.000110316       58524.024       0         -37          23       0
      9.19355      23.0833     0.207369  2.06945e-12     0.223526    0.0853938      6.73587     0.189002    0.0854524      1.67737     0.188684    0.0790227     0.157712  1.03318e-11  3.26578e-12      1.13660     0.777690  1.21455e-13  0.000427403       53859.540       0         -32          19       0
      9.19355      23.1667      4.38319  1.28069e-14  0.000223650      3.90256      21.0703  0.000220319      4.39444      1.63917  0.000220524      3.06288      4.41167  2.32744e-14  1.26694e-14      5.42996      3.14620  8.96263e-15  9.38576e-05       56320.758       0           8          -4       0
      9.19355      23.2500      2.84594  2.63059e-14  0.000344878      2.73687      5.51953  0.000345864      2.85594      1.66167  0.000345915      2.04652      2.74292  4.55759e-14  2.79731e-14      3.39082      2.18374  1.96451e-14  0.000160782       55723.296       0           8          -4       0
      9.19355      23.3333      1.55724  7.18628e-14  0.000738644      1.47099      4.70312  0.000740671      1.56224      1.65667  0.000742383      1.34257      1.60753  9.20168e-14  6.81552e-14      1.20962     0.824194  1.09484e-13  0.000274851       55978.948       0           8          -4       0
      9.19355      23.4167      1.53310  7.37587e-14  0.000796873      1.45200      4.31055  0.000798106      1.54810      1.65667  0.000799535      1.21316      1.60993  1.08951e-13  6.79854e-14      1.16696     0.803076  1.16235e-13  0.000237874       56064.984       0         -29          16       0
      9.19355      23.5000      2.01615  4.67259e-14  0.000824692      1.80740      9.98438  0.000818298      2.04240      1.62917  0.000818408      1.45795      2.14081  8.02032e-14  4.22798e-14      2.41037      1.53926  3.46968e-14  0.000205883       57774.320       0           8          -4       0
      9.19355      23.5833      1.76922  5.80935e-14  0.000592751      1.68813      4.31055  0.000594722      1.76922      1.66167  0.000595412      1.57803      1.83579  7.02915e-14  5.46248e-14      2.13369      1.36267  4.25152e-14  0.000499831       54137.044       0           8          -4       0
      9.19355      23.6667      2.98959  2.42331e-14  0.000156344      2.83585      7.60938  0.000154847      2.99459      1.65667  0.000154525      2.82695      2.84081  2.66011e-14  2.63851e-14      3.69008      2.16275  1.70622e-14  0.000102180       53638.746       0           8          -4       0
      9.19355      23.7500      3.56307  1.80879e-14  0.000270168      3.23454      14.6455  0.000270120      3.57213      1.64229  0.000269695      2.74825      3.47573  2.78827e-14  1.88518e-14      4.33293      2.65524  1.30555e-14  0.000111157       53117.942       0           8          -4       0
      9.19355      23.8333     0.571012  3.82549e-13   0.00231226     0.528825      3.13281   0.00228340     0.545075      1.67245   0.00228685     0.574492     0.600486  3.78694e-13  3.51769e-13     0.643886     0.487410  3.13146e-13  0.000615159       52315.492       0           7          38       0
      9.19355      23.9167      3.18935  2.17567e-14  0.000303576      2.92279      12.2383  0.000304606      3.20685      1.64167  0.000304450      2.42288      3.07445  3.43989e-14  2.31286e-14      3.86708      2.39864  1.57806e-14  0.000133220       52649.002       0           8          -4       0
