      9.19355      0.00000      2.74682  2.79070e-14  0.000658888      2.23508      22.6705  0.000623549      2.77495      1.59793  0.000624514      2.16728      3.28651  4.14227e-14  2.06953e-14      4.88503      2.66165  1.06902e-14  1.59278e-05       59323.422       0           0           2       0
      9.19355    0.0833333      2.48063  3.30744e-14  0.000787374      1.98175      22.5020  0.000738569      2.50089      1.59379  0.000740639      1.96055      2.92541  4.89551e-14  2.51257e-14      5.63048      3.01811  8.43696e-15  1.41536e-05       59687.530       0           0           2       0
      9.19355     0.166667      1.38030  8.78632e-14  0.000223498      1.32978      4.03870  0.000224393      1.38717      1.66385  0.000223664      1.45960      1.48151  8.00520e-14  7.80889e-14      1.49892     0.980936  7.65826e-14  0.000112519       56749.476       0           0           2       0
      9.19355     0.250000      1.03024  1.43065e-13  0.000782799     0.910109     0.803335  0.000725277      1.93611      1.46375  0.000725529      1.03003      1.06883  1.43112e-13  1.34559e-13     0.853951     0.613478  1.95602e-13  0.000221220       55620.766       0           1           2       0
      9.19355     0.333333      1.79610  5.66516e-14  0.000504723      1.70359      5.31250  0.000504069      1.80110      1.65667  0.000504170      1.72844      1.96294  6.03954e-14  4.88560e-14      1.79285      1.14132  5.68227e-14  9.74013e-05       52769.548       0           0           2       0
      9.19355     0.416667      2.03936  4.58430e-14  0.000404522      1.91186      6.96875  0.000398327      2.04873      1.64886  0.000397895      2.04397      2.29819  4.56706e-14  3.75653e-14      2.49528      1.50464  3.27515e-14  4.55480e-05       56689.586       0           0           2       0
      9.19355     0.500000      1.64300  6.57204e-14  0.000553021      1.56800      3.93750  0.000552480      1.64800      1.66167  0.000553354      1.58738      1.80055  6.96029e-14  5.64181e-14      1.58400      1.02742  6.98505e-14  8.48115e-05       53395.292       0          38         -18       0
      9.19355     0.583333      1.80470  5.62023e-14  0.000694573      1.68720      6.71875  0.000692311      1.81720      1.64667  0.000692377      1.59640      2.10162  6.89489e-14  4.36018e-14      1.81163      1.15340  5.58442e-14  8.13201e-05       59276.538       0          -1           2       0
      9.19355     0.666667      1.67917  6.33782e-14  0.000703247      1.57046      5.89294  0.000699480      1.68167      1.65167  0.000699371      1.50803      1.84337  7.58137e-14  5.42512e-14      1.74298      1.11434  5.95580e-14  7.95984e-05       58043.036       0          -1           2       0
      9.19355     0.750000      1.77964  5.75277e-14  0.000600756      1.66214      6.71875  0.000595358      1.78526      1.64948  0.000595210      1.63336      1.98945  6.63679e-14  4.77758e-14      1.94785      1.22216  4.94884e-14  6.72178e-05       54919.612       0          -1           3       0
      9.19355     0.833333      1.84993  5.39307e-14  0.000639483      1.71149      7.32422  0.000630656      1.86743      1.64167  0.000630301      1.72556      2.14435  6.05637e-14  4.21633e-14      2.24539      1.37847  3.90489e-14  4.51344e-05       56950.470       0          -1           3       0
      9.19355     0.916667      2.03382  4.60513e-14  0.000670583      1.80508      10.7344  0.000649699      2.05253      1.63066  0.000650963      1.84208      2.44223  5.43144e-14  3.39457e-14      2.50110      1.48932  3.26245e-14  3.37914e-05       57732.808       0          -1           3       0
      9.19355      1.00000      2.18806  4.07689e-14  0.000661469      1.92890      12.3408  0.000642389      2.20588      1.62980  0.000643783      1.87967      2.52900  5.25162e-14  3.20270e-14      2.68760      1.59564  2.89393e-14  3.63569e-05       57869.228       0          -1           3       0
      9.19355      1.08333      2.21730  3.98769e-14  0.000580872      1.98856      10.7344  0.000567027      2.23354      1.63417  0.000567597      1.97887      2.58042  4.82020e-14  3.09702e-14      2.72401      1.61258  2.82974e-14  3.29821e-05       56568.684       0          -1           3       0
      9.19355      1.16667     0.777115  2.28886e-13  0.000742357     0.739302      2.84375  0.000736667     0.898513      1.60863  0.000736869     0.819000     0.796804  2.09711e-13  2.19538e-13     0.780538     0.568421  2.27216e-13  0.000287223       60669.096       0          -1           3       0
      9.19355      1.25000      1.09775  1.28704e-13   0.00244018     0.945248      7.53125   0.00238606      1.10468      1.61695   0.00238771     0.901593      1.23057  1.78681e-13  1.06394e-13      1.28959     0.868177  9.84032e-14  0.000176476       56190.034       0           0           2       0
      9.19355      1.33361      1.24098  1.04911e-13   0.00106869      1.14598      5.06250   0.00105826      1.24879      1.64729   0.00105773      1.10180      1.36902  1.27916e-13  8.90732e-14      1.47535     0.969974  7.86330e-14  0.000179860       56039.092       0           0           1       0
      9.19355      1.41667      1.26434  1.01700e-13   0.00166363      1.09304      8.60706   0.00160179      1.28082      1.61527   0.00160454      1.08627      1.35166  1.30978e-13  9.09873e-14      1.92837      1.20776  5.03243e-14  0.000191886       55471.098       0           0           0       0
      9.19355      1.50000      1.74258  5.95809e-14  0.000547835      1.63126      5.96191  0.000542343      1.75196      1.64886  0.000541994      1.65082      1.97440  6.52022e-14  4.83844e-14      1.92471      1.20830  5.04838e-14  5.95657e-05       53604.562       0           0           1       0
      9.19355      1.58333      1.78256  5.73704e-14  0.000364910      1.69757      5.06250  0.000363638      1.79756      1.65667  0.000363190      1.75742      1.92068  5.87451e-14  5.06607e-14      2.03975      1.27069  4.58284e-14  6.02710e-05       54916.336       0           0           1       0
      9.19355      1.66667      1.26709  1.01333e-13   0.00182505      1.06790      9.87311   0.00173065      1.28021      1.60792   0.00173688      1.10601      1.44701  1.27106e-13  8.12167e-14      2.21479      1.35949  3.99521e-14  7.02701e-05       56492.710       0           0           1       0
      9.19355      1.75000      2.04603  4.55941e-14  0.000823514      1.77477      13.0156  0.000796580      2.06478      1.61917  0.000797286      1.71012      2.36313  6.14778e-14  3.58605e-14      2.51086      1.50758  3.24134e-14  4.21187e-05       54046.472       0           0           1       0
      9.19355      1.83333      1.65505  6.49246e-14  0.000320473      1.55880      5.14062  0.000312527      1.66318      1.65448  0.000311907      1.70124      1.79070  6.20134e-14  5.69367e-14      2.26458      1.38913  3.84989e-14  7.74373e-05       53742.922       0           1           1       0
      9.19355      1.91667      1.87445  5.27600e-14  0.000397020      1.79258      4.46094  0.000396929      1.87445      1.66167  0.000397015      1.83741      2.03861  5.45444e-14  4.58711e-14      2.27253      1.41454  3.82748e-14  7.51305e-05       56792.978       0           1           1       0
      9.19355      2.00000      2.09646  4.37810e-14  0.000499494      1.93396      7.78125  0.000491814      2.10646      1.64417  0.000491816      1.92022      2.35037  5.06809e-14  3.61855e-14      2.36239      1.43761  3.58793e-14  4.83326e-05       56711.208       0           1           1       0
      9.19355      2.08333      1.89144  5.19725e-14  0.000448150      1.79030      4.92096  0.000446924      1.90394      1.65417  0.000447143      1.79157      2.10877  5.68903e-14  4.33559e-14      1.93582      1.21375  5.00020e-14  5.68896e-05       55209.220       0           1           1       0
      9.19355      2.16667      1.23318  1.06019e-13   0.00135631      1.10569      6.96875   0.00131067      1.24693      1.62417   0.00130839      1.16739      1.34265  1.16164e-13  9.20076e-14      1.92491      1.20951  5.04751e-14  7.78419e-05       56630.844       0           1           1       0
      9.19355      2.25000      1.36730  8.92594e-14  0.000461925      1.18424     0.715137  0.000426370      2.70700      1.46063  0.000426741      1.35538      1.42937  9.05715e-14  8.28935e-14      1.14734     0.783323  1.19566e-13  0.000148010       53946.272       0           0           1       0
      9.19355      2.33333      1.39691  8.61284e-14  0.000536105      1.33192      3.93750  0.000535871      1.40816      1.65979  0.000535726      1.32635      1.52053  9.39002e-14  7.47773e-14      1.49693     0.980996  7.67525e-14  8.57180e-05       53116.928       0           0           1       0
      9.19355      2.41694      1.71034  6.14643e-14  0.000431935      1.59893      6.34570  0.000420207      1.71284      1.65167  0.000420038      1.67832      1.78744  6.34313e-14  5.71097e-14      2.30490      1.41199  3.73832e-14  5.40395e-05       57750.358       0           0           0       0
      9.19355      2.50000      1.78896  5.70286e-14  0.000479527      1.68231      6.55286  0.000475066      1.79283      1.65471  0.000475126      1.73946      2.01358  5.97593e-14  4.68253e-14      2.07226      1.28608  4.46363e-14  5.34534e-05       58186.116       0           0           0       0
      9.19355      2.58333      1.62194  6.71484e-14  0.000702067      1.53695      5.06250  0.000702071      1.62694      1.65667  0.000702381      1.51346      1.82039  7.53609e-14  5.53973e-14      1.52716     0.996686  7.42372e-14  8.48661e-05       57210.228       0           0           0       0
      9.19355      2.66667      1.89703  5.17175e-14  0.000678953      1.71627      9.21289  0.000664876      1.90340      1.63972  0.000665637      1.72448      2.21411  6.06268e-14  3.99728e-14      2.31418      1.41197  3.71336e-14  4.34046e-05       56233.824       0           0           0       0
      9.19355      2.75000      1.94608  4.95632e-14  0.000440995      1.84070      6.04395  0.000439122      1.95796      1.65386  0.000438880      1.86601      2.15192  5.31583e-14  4.19166e-14      2.36128      1.45057  3.59072e-14  6.33813e-05       55988.716       0           0           0       0
      9.19355      2.83333      1.77710  5.76646e-14  0.000565310      1.66840      5.89294  0.000561101      1.77960      1.65167  0.000560814      1.67282      1.99668  6.37791e-14  4.74877e-14      1.90929      1.20059  5.11654e-14  5.85462e-05       54858.280       0           0           0       0
      9.19355      2.91667      1.68735  6.28669e-14  0.000567486      1.58692      5.32959  0.000563734      1.69739      1.65018  0.000563459      1.64018      1.88628  6.59088e-14  5.22100e-14      1.89185      1.19160  5.19540e-14  7.21112e-05       54964.900       0           0           0       0
      9.19355      3.00000      1.91284  5.10074e-14  0.000589828      1.77128      7.17578  0.000583954      1.92065      1.64729  0.000584042      1.78111      2.17543  5.74484e-14  4.11644e-14      2.08788      1.29416  4.40811e-14  5.15067e-05       56740.776       0           0           0       0
      9.19355      3.08333      1.10150  1.27975e-13  0.000953595     0.921525     0.651603  0.000927245      1.11150      1.66667  0.000948741      1.09593      1.14993  1.29061e-13  1.19118e-13     0.906823     0.643465  1.76967e-13  0.000209376       58100.818       0           0           0       0
      9.19355      3.16667      1.46238  7.97984e-14  0.000444782      1.41613      2.76562  0.000433142      1.47238      1.67167  0.000437110      1.37843      1.55545  8.80623e-14  7.20008e-14      1.27155     0.855191  1.00741e-13  0.000117833       58693.208       0           0           0       0
      9.19355      3.25000      1.91884  5.07418e-14  0.000798223      1.69010      10.2344  0.000780803      1.94094      1.62651  0.000781121      1.68050      2.22648  6.32944e-14  3.96032e-14      2.06611      1.28187  4.48581e-14  4.91827e-05       54445.154       0           0           0       0
      9.19355      3.33333      1.18341  1.13554e-13  0.000449933      1.14404      2.77344  0.000436079      1.58796      1.56780  0.000435442      1.19859      1.25453  1.11167e-13  1.03030e-13      1.10717     0.761397  1.26884e-13  0.000150025       55535.874       0           0          -1       0
      9.19355      3.41694      1.03152  1.42769e-13   0.00131764     0.972927      3.65430   0.00131768      1.04402      1.65542   0.00131794     0.950869      1.16789  1.63516e-13  1.16081e-13      1.00245     0.701424  1.49736e-13  0.000168650       58042.314       0           0          -1       0
      9.19355      3.50000      1.17499  1.14914e-13   0.00118639      1.06960      6.04395   0.00115523      1.18463      1.63753   0.00115543      1.11055      1.32118  1.26240e-13  9.45131e-14      1.61229      1.04158  6.78199e-14  7.84335e-05       52753.308       0           0          -1       0
      9.19355      3.58333      1.52886  7.41000e-14  0.000688646      1.45386      3.93750  0.000689471      1.54386      1.65667  0.000689809      1.34990      1.63357  9.11855e-14  6.63536e-14      1.82378      1.18166  5.52260e-14  0.000159133       55908.970       0           0          -2       0
      9.19355      3.66667      1.33163  9.32800e-14  0.000720456      1.23913      5.31250  0.000706763      1.33413      1.65167  0.000706445      1.25235      1.44836  1.03328e-13  8.10898e-14      1.98779      1.24973  4.78421e-14  9.40590e-05       56159.236       0           0          -3       0
      9.19355      3.75000      1.00725  1.48549e-13   0.00122003     0.912252      5.31250   0.00114126      1.02350      1.63417   0.00114484      1.00065      1.09089  1.50186e-13  1.30056e-13      2.28070      1.39166  3.80466e-14  7.24317e-05       52352.782       0           0          -3       0
      9.19355      3.83333      1.25223  1.03345e-13  0.000969757      1.12973      7.09375  0.000911308      1.26848      1.63417  0.000916411      1.16776      1.42705  1.16102e-13  8.31183e-14      2.89043      1.70379  2.56345e-14  4.52335e-05       50605.064       0           0          -3       0
      9.19355      3.91667      1.22252  1.07565e-13   0.00105266      1.09502      6.96875  0.000975103     0.710162      1.85585  0.000951118      1.22107      1.38235  1.07778e-13  8.76458e-14      3.33219      1.91964  2.02246e-14  2.68919e-05       51109.686       0           0          -3       0
      9.19355      4.00000      1.15862  1.17632e-13   0.00105807      1.04112      6.71875  0.000970765     0.582453      1.93491  0.000939429      1.15555      1.33929  1.18154e-13  9.23927e-14      3.18469      1.84845  2.18097e-14  2.88454e-05       52667.234       0           0          -3       0
      9.19355      4.08333      1.22454  1.07269e-13  0.000435470      1.14472      65.2712  0.000306538     0.644305      1.91815  0.000244247      1.24679      1.36336  1.04097e-13  8.96904e-14      3.55422      2.02999  1.81630e-14  2.56090e-05       54967.768       0           0          -3       0
      9.19355      4.16667      1.72474  6.06117e-14  0.000716661      1.54396      9.21289  0.000683290      1.74349      1.63167  0.000685386      1.58952      1.91223  6.94472e-14  5.10345e-14      3.11727      1.81429  2.26015e-14  2.63613e-05       54866.076       0           0          -3       0
      9.19355      4.25000      2.06476  4.49069e-14  0.000621633      1.84349      10.3906  0.000598724      2.09101      1.62917  0.000599528      1.87737      2.40935  5.26236e-14  3.47213e-14      3.56301      2.03490  1.80884e-14  2.77549e-05       54903.860       0           0          -3       0
      9.19355      4.33333      1.16947  1.15819e-13  0.000515328      1.11842      31.8345  0.000473361     0.760639      1.82918  0.000453898      1.13746      1.29090  1.21303e-13  9.82375e-14      1.96937      1.23199  4.85902e-14  5.39832e-05       55098.226       0           0          -3       0
      9.19355      4.41667      1.98167  4.80888e-14  0.000526227      1.81918      7.78125  0.000515229      1.99167      1.64417  0.000515680      1.86903      2.25709  5.30155e-14  3.87123e-14      2.67451      1.59268  2.91758e-14  3.25375e-05       53785.608       0           0          -3       0
      9.19355      4.50000      1.27897  9.97694e-14  0.000384705      1.22373      3.87012  0.000386155      1.28209      1.66448  0.000384468      1.33425      1.33258  9.29753e-14  9.31695e-14      1.52558     0.997543  7.43655e-14  8.68376e-05       53435.784       0           0          -3       0
      9.19355      4.58333      1.33258  9.31694e-14  0.000335377      1.29371      11.4330  0.000330304      1.34071      1.65729  0.000329716      1.33839      1.44307  9.24968e-14  8.15863e-14      1.58972      1.02704  6.94326e-14  7.21512e-05       51912.262       0           0          -3       0
      9.19355      4.66667      1.46746  7.93387e-14  0.000308237      1.42636      75.6099  0.000295584      1.09799      1.76729  0.000290744      1.44718      1.55282  8.12004e-14  7.22042e-14      2.06371      1.28156  4.49451e-14  4.86254e-05       52395.506       0           0          -3       0
      9.19355      4.75000      1.65214  6.51157e-14  0.000542341      1.56713      5.06250  0.000540911      1.65714      1.65667  0.000540724      1.58454      1.86564  6.98113e-14  5.31762e-14      1.81141      1.15013  5.58558e-14  6.16680e-05       50816.094       0           0          -3       0
      9.19355      4.83333      1.20014  1.10929e-13  0.000342965      1.18253      7.91841  0.000343641      1.20014      1.66667  0.000342965      1.20477      1.26296  1.10218e-13  1.01886e-13      1.35227     0.900142  9.09198e-14  9.91667e-05       49764.160       0           0          -3       0
      9.19355      4.91667     0.944611  1.65326e-13  0.000508846     0.912817      43.0573  0.000459105     0.686150      1.79016  0.000440118     0.962100      1.02113  1.60347e-13  1.45198e-13      1.42964     0.943451  8.28679e-14  8.99432e-05       50291.392       0           1          -3       0
      9.19355      5.00000      2.33621  3.65518e-14  0.000540611      2.08502      11.8193  0.000526552      2.36246      1.62917  0.000526809      2.06967      2.64751  4.47295e-14  2.96734e-14      2.88283      1.69146  2.57472e-14  3.37640e-05       50078.984       0           0          -3       0
      9.19355      5.08333      1.94059  4.97975e-14  0.000590993      1.80214      7.32422  0.000583560      1.94809      1.64667  0.000583337      1.80199      2.10993  5.63430e-14  4.33162e-14      2.37104      1.44094  3.56614e-14  4.36740e-05       54633.428       0           0          -3       0
      9.19355      5.16667      1.18326  1.13578e-13   0.00110066      1.08826      5.31250   0.00107614      1.19186      1.64011   0.00107350      1.10694      1.30841  1.26928e-13  9.60561e-14      1.83147      1.16787  5.48400e-14  0.000116540       49412.902       0           0          -4       0
      9.19355      5.25000     0.885071  1.84275e-13   0.00179726     0.812766      13.2675   0.00171230     0.473548      1.92882   0.00168153     0.819642     0.965564  2.09438e-13  1.59390e-13      1.90081      1.20718  5.15465e-14  0.000156436       51072.656       0           0          -4       0
      9.19355      5.33333     0.516871  4.51639e-13   0.00468711     0.448276      4.01562   0.00425956     0.281568      1.94581   0.00410959     0.477817     0.600615  5.14825e-13  3.51643e-13      2.56034      1.53485  3.13762e-14  4.64454e-05       52425.912       0           0          -4       0
      9.19355      5.41667      1.20775  1.09766e-13  0.000868189      1.09642      5.96191  0.000803964     0.622219      1.92502  0.000776601      1.18566      1.33181  1.13195e-13  9.32596e-14      3.12002      1.82475  2.25684e-14  4.22081e-05       50903.792       0           0          -4       0
      9.19355      5.50000     0.696645  2.74627e-13   0.00266701     0.613628      5.53088   0.00241496     0.360614      1.95278   0.00232912     0.693881     0.821340  2.76452e-13  2.08717e-13      2.99367      1.75586  2.41781e-14  3.02856e-05       50479.514       0           0          -4       0
      9.19355      5.58333      2.16371  4.15367e-14  0.000735729      1.89244      13.0156  0.000717984      2.17745      1.62417  0.000718472      1.76249      2.51518  5.84635e-14  3.23208e-14      2.64636      1.58973  2.96948e-14  6.38757e-05       52676.494       0           0          -4       0
      9.19355      5.66667      1.38015  8.78793e-14   0.00210248      1.08889      13.2656   0.00196285      1.41438      1.58069   0.00197366      1.11462      1.58344  1.25474e-13  6.98920e-14      3.56410      2.04163  1.80792e-14  3.45974e-05       49838.334       0           0          -3       0
      9.19355      5.75000      2.53106  3.19835e-14  0.000738973      2.07042      20.8203  0.000704775      2.54918      1.60293  0.000705977      1.98341      2.99941  4.80186e-14  2.41010e-14      3.14184      1.80496  2.23078e-14  2.72595e-05       53817.748       0           0          -3       0
      9.19355      5.83333      2.39149  3.51546e-14  0.000559307      2.12023      13.0156  0.000542381      2.40883      1.62761  0.000542707      2.11382      2.78902  4.31834e-14  2.72068e-14      3.26352      1.88576  2.09389e-14  2.67923e-05       53671.120       0           0          -3       0
      9.19355      5.91667      2.27219  3.82844e-14  0.000524679      2.05095      10.3906  0.000510255      2.29313      1.63355  0.000510432      2.05338      2.61665  4.53224e-14  3.02589e-14      2.80527      1.63980  2.69446e-14  3.58750e-05       52759.900       0           0          -3       0
      9.19355      6.00000      2.54867  3.16159e-14  0.000669551      2.14576      17.9858  0.000642259      2.56951      1.61232  0.000643495      2.09739      2.81468  4.37484e-14  2.67946e-14      3.17081      1.82069  2.19691e-14  2.78838e-05       47943.364       0         -37         -26       0
      9.19355      6.08333      1.49613  7.68207e-14  0.000461887      1.44270      3.38672  0.000457989      1.49613      1.66667  0.000461887      1.51990      1.52795  7.48293e-14  7.41731e-14      1.40501     0.930223  8.53023e-14  0.000150030       54803.514       0          -1          -2       0
      9.19355      6.16667     0.961652  1.60472e-13   0.00164728     0.876653      5.06250   0.00160798     0.968160      1.64090   0.00160912     0.909293      1.02241  1.76166e-13  1.44896e-13      1.35205     0.902127  9.09438e-14  0.000169312       55087.448       0          -1          -2       0
      9.19355      6.25000      1.36683  8.93108e-14  0.000805060      1.29183      3.93750  0.000804836      1.38183      1.65667  0.000805207      1.28442      1.47284  9.90639e-14  7.88566e-14      1.34957     0.898432  9.12229e-14  0.000126680       52350.922       0          -1          -1       0
      9.19355      6.33333      1.74191  5.96194e-14  0.000586428      1.64405      5.72705  0.000583076      1.74441      1.65167  0.000583049      1.65934      1.88703  6.46452e-14  5.21752e-14      1.89575      1.19122  5.17759e-14  7.71962e-05       55079.168       0          -1          -1       0
      9.19355      6.41667      1.91221  5.10352e-14  0.000516273      1.79472      6.71875  0.000511061      1.91721      1.64792  0.000510325      1.77748      2.00362  5.76442e-14  4.72139e-14      2.32177      1.42009  3.69315e-14  5.66243e-05       52703.350       0          -1          -1       0
      9.19355      6.50000      1.66938  6.39983e-14  0.000796423      1.54188      6.96875  0.000789793      1.68688      1.64167  0.000789856      1.49350      1.89109  7.70463e-14  5.19886e-14      1.70475      1.09254  6.18011e-14  7.86423e-05       50607.712       0         -38         -24       0
      9.19355      6.58333      1.49039  7.73149e-14  0.000760755      1.39539      5.06250  0.000757862      1.50000      1.65151  0.000758226      1.39140      1.68804  8.66977e-14  6.28237e-14      1.78795      1.15485  5.70827e-14  0.000132430       52007.996       0          -1           0       0
      9.19355      6.66667      1.96174  4.89057e-14  0.000644865      1.76886      9.88770  0.000630492      1.97830      1.63480  0.000630863      1.74758      2.32850  5.92974e-14  3.67537e-14      2.39169      1.45902  3.51497e-14  5.74025e-05       53128.626       0          -1           0       0
      9.19355      6.75000      2.43670  3.40743e-14  0.000623170      2.08890      15.7989  0.000598537      2.45545      1.61917  0.000599756      2.07834      2.91723  4.44188e-14  2.52432e-14      3.52392      2.01214  1.84241e-14  2.33130e-05       52829.626       0          -1           0       0
      9.19355      6.83333      1.67210  6.38255e-14  0.000831300      1.50960      7.78125  0.000816602      1.69303      1.63355  0.000816776      1.51918      2.00795  7.48882e-14  4.70445e-14      1.84441      1.16585  5.41999e-14  9.57680e-05       51195.598       0         -40          20       0
      9.19355      6.91667      1.62985  6.66068e-14  0.000665824      1.52813      5.06836  0.000662597      1.63235      1.65167  0.000662710      1.53906      1.90839  7.32833e-14  5.12054e-14      1.64035      1.05868  6.58973e-14  9.96087e-05       49785.472       0         -38         -23       0
      9.19355      7.00000      1.70147  6.19998e-14  0.000520224      1.61959      4.46094  0.000519168      1.70647      1.65667  0.000521967      1.60016      1.92827  6.86786e-14  5.03289e-14      1.46769     0.963463  7.93183e-14  0.000135466       49624.404       0          35          24       0
      9.19355      7.08333     0.919430  1.72941e-13  0.000876322     0.820644      1.14742  0.000846320      1.24811      1.55194  0.000854360     0.901388      1.00494  1.78749e-13  1.49118e-13     0.824640     0.595903  2.07327e-13  0.000288244       51769.396       0          -2           1       0
      9.19355      7.16667      1.20265  1.10542e-13  0.000689955      1.10469      1.51329  0.000680169      1.21265      1.66167  0.000691155      1.16760      1.33607  1.16128e-13  9.27638e-14      1.06288     0.735444  1.35817e-13  0.000170065       52769.428       0          -2           1       0
      9.19355      7.25000      1.80699  5.60835e-14  0.000730674      1.61411      9.88770  0.000706279      1.82614      1.62933  0.000706904      1.64200      2.18594  6.57870e-14  4.08348e-14      2.20463      1.34550  4.02598e-14  6.59739e-05       53883.468       0          -2           1       0
      9.19355      7.33333      2.04173  4.57544e-14  0.000843196      1.74954      13.6211  0.000813959      2.05623      1.61398  0.000814235      1.69993      2.63327  6.20931e-14  2.99413e-14      2.50062      1.51048  3.26350e-14  5.23672e-05       54180.754       0          -2           1       0
      9.19355      7.41667      2.38091  3.54153e-14  0.000674717      2.01155      17.5547  0.000642463      2.38650      1.61335  0.000643536      1.99768      2.83220  4.74480e-14  2.65189e-14      4.02425      2.25683  1.47668e-14  1.93787e-05       53565.058       0          -2           1       0
      9.19355      7.50000      2.15826  4.17114e-14  0.000685196      1.88702      13.0156  0.000658119      2.17450      1.62042  0.000658237      1.90842      2.52122  5.12041e-14  3.21918e-14      3.48674      1.99682  1.87527e-14  2.67428e-05       54927.772       0          -2           1       0
      9.19355      7.58333      2.52118  3.21927e-14  0.000754002      2.04054      21.0703  0.000716981      2.55090      1.59957  0.000718699      1.98701      2.99505  4.78737e-14  2.41595e-14      3.47447      1.98977  1.88631e-14  2.85457e-05       54935.014       0          -2           1       0
      9.19355      7.66667      2.04879  4.54918e-14  0.000684742      1.81388      10.9912  0.000664916      2.06613      1.62761  0.000665424      1.81434      2.39472  5.57056e-14  3.50756e-14      2.51762      1.51128  3.22684e-14  4.24183e-05       54514.328       0          -2           1       0
      9.19355      7.75000      1.74322  5.95446e-14  0.000797950      1.55518      9.41534  0.000777681      1.76947      1.62917  0.000778288      1.55101      2.05007  7.23447e-14  4.54446e-14      2.12239      1.31698  4.28930e-14  6.54803e-05       53998.822       0          -2           1       0
      9.19355      7.83333      1.68167  6.32212e-14  0.000778120      1.53588      7.77539  0.000768626      1.69081      1.63933  0.000768666      1.51196      1.90280  7.54854e-14  5.14564e-14      2.03079      1.28506  4.61659e-14  8.68939e-05       52748.990       0          -2           1       0
      9.19355      7.91667      2.19080  4.06841e-14  0.000557904      1.96341      10.6743  0.000539769      2.21705      1.62917  0.000539860      1.96604      2.46103  4.87274e-14  3.35147e-14      3.15867      1.83862  2.21100e-14  3.27007e-05       52576.688       0          -2           1       0
      9.19355      8.00000      1.73246  6.01620e-14  0.000868285      1.52777      9.77734  0.000841038      1.74622      1.62417  0.000841242      1.51912      2.09011  7.48931e-14  4.40028e-14      2.10810      1.30796  4.33788e-14  7.80886e-05       50859.866       0          -2           1       0
      9.19355      8.08333      1.50132  7.63786e-14  0.000575687      1.40758      5.23438  0.000569973      1.50382      1.65167  0.000570509      1.41828      1.65861  8.39764e-14  6.46928e-14      1.59603      1.03458  6.89751e-14  0.000100107       50278.908       0         -38         -22       0
      9.19355      8.16667      1.31414  9.53591e-14  0.000853634      1.23445      4.58984  0.000852034      1.32906      1.64964  0.000853582      1.23874      1.46815  1.05228e-13  7.92770e-14      1.25017     0.842325  1.03629e-13  0.000132354       52090.294       0          -2           2       0
      9.19355      8.25028      1.39359  8.64715e-14  0.000869239      1.29100      6.02997  0.000858693      1.41109      1.64167  0.000858533      1.31353      1.59257  9.54322e-14  6.92256e-14      1.48589     0.973649  7.77051e-14  0.000104348       53929.060       0          -2           2       0
      9.19355      8.33333      1.87829  5.25803e-14  0.000773388      1.67049      9.62891  0.000755691      1.90454      1.62917  0.000756306      1.62890      2.11541  6.66715e-14  4.31293e-14      2.11559      1.30732  4.31231e-14  6.22714e-05       54719.756       0          -2           2       0
      9.19355      8.41667      2.01170  4.68983e-14  0.000695171      1.79044      10.3906  0.000674175      2.02904      1.62761  0.000674346      1.79772      2.37282  5.65664e-14  3.56169e-14      2.73533      1.62641  2.81025e-14  3.71688e-05       54164.684       0          -2           2       0
      9.19355      8.50000      1.43784  8.20815e-14   0.00154689      1.20909      10.2344   0.00148150      1.45096      1.60792   0.00148430      1.24921      1.76443  1.03762e-13  5.83565e-14      1.99279      1.24195  4.76423e-14  7.07037e-05       56253.922       0          -2           2       0
      9.19355      8.58333      1.59166  6.92914e-14  0.000984493      1.41089      9.21289  0.000958092      1.60900      1.62761  0.000958975      1.45464      1.81997  8.05079e-14  5.54185e-14      2.00609      1.25328  4.71170e-14  6.19310e-05       56195.916       0          -2           2       0
      9.19355      8.66667      1.83564  5.46324e-14  0.000938018      1.58448      11.8193  0.000903619      1.85439      1.61917  0.000905312      1.59729      2.25431  6.88846e-14  3.87919e-14      2.42519      1.46764  3.43441e-14  4.92190e-05       55982.916       0          -2           2       0
      9.19355      8.75000      1.92014  5.06844e-14  0.000771037      1.69139      10.2344  0.000745192      1.93526      1.62722  0.000746348      1.73261      2.22674  6.01533e-14  3.95955e-14      2.35473      1.42224  3.60740e-14  4.31091e-05       56406.700       0          -2           2       0
      9.19355      8.83333      1.97034  4.85506e-14  0.000967117      1.62265      16.1962  0.000907785      1.98878      1.60355  0.000911292      1.65208      2.26840  6.51197e-14  3.83911e-14      4.03242      2.26692  1.47170e-14  2.99694e-05       54155.802       0          -2           2       0
      9.19355      8.91667      2.10502  4.34847e-14  0.000774778      1.80878      13.8281  0.000739986      2.12886      1.61646  0.000741656      1.80081      2.52693  5.64046e-14  3.20706e-14      3.27726      1.89544  2.07927e-14  2.97690e-05       51986.664       0          35          26       0
      9.19355      9.00000      2.08357  4.42332e-14   0.00104832      1.66716      18.4573  0.000978869      2.11170      1.58793  0.000981002      1.70653      2.49447  6.16932e-14  3.27692e-14      5.78338      3.07643  8.06850e-15  1.15878e-05       52719.954       0          -2           3       0
      9.19355      9.08333      2.31294  3.71667e-14  0.000604850      1.98445      14.6455  0.000571291      2.33201      1.61980  0.000573700      1.86180      2.65483  5.33588e-14  2.95372e-14      5.16179      2.79554  9.75204e-15  1.75957e-05       54552.424       0          -2           3       0
      9.19355      9.16667      2.17898  4.10526e-14  0.000529202      1.94075      10.8402  0.000502952      2.19768      1.63066  0.000504264      1.81157      2.47065  5.58473e-14  3.32975e-14      4.53551      2.49960  1.20982e-14  1.72565e-05       56333.270       0          -2           3       0
      9.19355      9.25000      2.27552  3.81911e-14  0.000545408      2.00428      13.0156  0.000516091      2.29063      1.62722  0.000517704      1.90478      2.61128  5.13676e-14  3.03627e-14      5.70037      3.04072  8.26528e-15  1.20441e-05       56566.416       0          -2           3       0
      9.19355      9.33333      2.07846  4.44146e-14  0.000505302      1.85722      10.3906  0.000473976      2.10471      1.62917  0.000475038      1.79667      2.37124  5.66214e-14  3.56563e-14      5.33989      2.87897  9.21597e-15  1.54489e-05       56728.296       0          -2           3       0
      9.19355      9.41667      1.74244  5.95888e-14  0.000798225      1.54693      9.95667  0.000766454      1.75979      1.62761  0.000767697      1.51964      1.98454  7.48507e-14  4.79729e-14      2.75706      1.63531  2.77344e-14  3.56049e-05       58696.140       0          -2           3       0
      9.19355      9.50000      2.01710  4.66891e-14  0.000375775      1.83989      9.15674  0.000345355      2.01781      1.63995  0.000345280      1.92254      2.22210  5.05788e-14  3.97333e-14      5.63737      3.01767  8.41979e-15  1.55409e-05       58706.768       0          -2           3       0
      9.19355      9.58333      1.95968  4.89915e-14  0.000649581      1.71266      11.6660  0.000610617      1.97343      1.62417  0.000612671      1.66417      2.29291  6.43330e-14  3.77094e-14      2.42101      1.42544  3.44431e-14  4.57599e-05       57027.362       0          -2           3       0
      9.19355      9.66667      2.09752  4.37439e-14  0.000516992      1.87012      10.6743  0.000483958      2.11487      1.62761  0.000483840      1.86179      2.40495  5.33594e-14  3.48271e-14      5.85673      3.12107  7.90079e-15  1.34536e-05       56246.896       0          -2           3       0
      9.19355      9.75000      2.05188  4.53777e-14  0.000553169      1.82314      10.2344  0.000521468      2.07059      1.63066  0.000523683      1.78204      2.31358  5.73984e-14  3.71496e-14      4.87977      2.66726  1.07094e-14  1.72737e-05       56866.228       0          -2           3       0
      9.19355      9.83333      2.01560  4.67471e-14  0.000493921      1.80780      9.62891  0.000462062      2.03185      1.63417  0.000464256      1.83588      2.26810  5.46207e-14  3.83995e-14      5.47908      2.95206  8.82909e-15  1.64197e-05       56779.768       0          -2           3       0
      9.19355      9.91667      1.89612  5.17589e-14  0.000721868      1.65858      11.0602  0.000680929      1.90988      1.62417  0.000683174      1.59685      2.15319  6.89164e-14  4.18753e-14      4.71101      2.58731  1.13564e-14  1.96879e-05       56238.954       0          -2           3       0
      9.19355      10.0000      2.03375  4.60541e-14  0.000625162      1.79884      10.9912  0.000595668      2.05164      1.62683  0.000596721      1.74215      2.35096  5.96056e-14  3.61705e-14      3.98451      2.24086  1.50131e-14  2.43024e-05       54525.402       0          -2           3       0
      9.19355      10.0833      2.12746  4.27230e-14  0.000621478      1.85622      13.0156  0.000589486      2.14121      1.62417  0.000591211      1.74956      2.43416  5.91855e-14  3.41334e-14      4.31745      2.39859  1.31336e-14  2.35627e-05       53448.940       0          -2           4       0
      9.19355      10.1667      2.22270  3.97157e-14  0.000594254      1.93894      13.4219  0.000560065      2.23645      1.62417  0.000562088      1.84186      2.53106  5.43251e-14  3.19835e-14      6.49269      3.41634  6.65356e-15  1.16463e-05       54405.402       0          -2           4       0
      9.19355      10.2500      2.23067  3.94793e-14  0.000566582      1.95941      13.0156  0.000537794      2.24579      1.62722  0.000539714      1.87625      2.54466  5.26758e-14  3.16990e-14      5.03195      2.74416  1.01750e-14  1.95175e-05       54100.848       0          -2           4       0
      9.19355      10.3333      1.73169  6.02066e-14  0.000776900      1.52701      9.77734  0.000730940      1.74545      1.62417  0.000731908      1.49468      2.02242  7.69453e-14  4.64847e-14      4.65595      2.55825  1.15811e-14  1.79596e-05       55780.214       0          -2           4       0
      9.19355      10.4167      1.84499  5.41718e-14  0.000505581      1.68387      8.22119  0.000477769      1.85135      1.63972  0.000477908      1.65813      2.10133  6.47239e-14  4.36120e-14      3.81405      2.15258  1.61480e-14  2.24855e-05       56089.090       0          -2           4       0
      9.19355      10.5000      1.83208  5.48095e-14  0.000553323      1.65129      9.21289  0.000522655      1.85302      1.63355  0.000524173      1.68512      2.11171  6.30054e-14  4.32553e-14      3.52512      2.01663  1.84136e-14  2.68263e-05       55756.012       0          -2           4       0
      9.19355      10.5833      1.52637  7.43016e-14  0.000519463      1.38059      7.77539  0.000457566      1.54027      1.63698  0.000463071      1.51706      1.71201  7.50627e-14  6.13649e-14      4.54717      2.50472  1.20465e-14  1.90284e-05       56487.586       0          -2           4       0
      9.19355      10.6667      2.19751  4.04771e-14  0.000539827      1.93573      12.4098  0.000509216      2.20697      1.62745  0.000510561      1.91751      2.55124  5.08004e-14  3.15628e-14      5.52519      2.96924  8.70664e-15  1.47130e-05       56075.578       0          -2           4       0
      9.19355      10.7500      1.73427  6.00578e-14  0.000461301      1.57617      8.05249  0.000416444      1.74802      1.63542  0.000415790      1.70184      1.96941  6.19772e-14  4.85887e-14      5.77054      3.07839  8.09844e-15  1.24705e-05       56424.060       0          -2           4       0
      9.19355      10.8333      2.34007  3.64515e-14  0.000574355      2.02506      14.1741  0.000543906      2.35632      1.62042  0.000545114      1.89639      2.68275  5.17466e-14  2.90266e-14      5.19553      2.81242  9.64671e-15  1.47145e-05       57384.484       0          -2           4       0
      9.19355      10.9167      2.20765  4.01677e-14  0.000560858      1.93640      13.0156  0.000528357      2.22141      1.62417  0.000529353      1.84417      2.56807  5.42117e-14  3.12189e-14      5.21960      2.81779  9.57269e-15  1.34466e-05       56579.834       0          -2           4       0
      9.19355      11.0000      1.87615  5.26803e-14  0.000620703      1.65741      10.4844  0.000577362      1.89827      1.62651  0.000580129      1.69402      2.19659  6.24547e-14  4.05055e-14      5.30160      2.86290  9.32718e-15  1.42748e-05       56121.912       0          -2           4       0
      9.19355      11.0833      1.85981  5.34541e-14  0.000517508      1.68260      9.15674  0.000484031      1.87489      1.63558  0.000485445      1.69792      2.13780  6.22159e-14  4.23791e-14      4.45713      2.47292  1.24548e-14  2.13721e-05       55697.074       0          -2           4       0
      9.19355      11.1667      2.11744  4.30603e-14  0.000884418      1.74806      17.5547  0.000830088      2.13588      1.60355  0.000832899      1.67105      2.42837  6.38922e-14  3.42693e-14      5.20813      2.81174  9.60783e-15  1.48162e-05       55884.860       0          -2           4       0
      9.19355      11.2500      1.82445  5.51922e-14  0.000953507      1.55322      13.0156  0.000893746      1.83960      1.61002  0.000895119      1.52647      2.13097  7.42929e-14  4.26055e-14      5.63371      3.00793  8.42890e-15  1.32088e-05       54657.334       0          -2           4       0
      9.19355      11.3333      1.92444  5.04956e-14  0.000818525      1.63318      13.7656  0.000763056      1.94020      1.61266  0.000766057      1.64560      2.27522  6.55474e-14  3.81995e-14      2.38491      1.39456  3.53164e-14  5.87588e-05       53441.232       0          -2           4       0
      9.19355      11.4167      2.27946  3.80811e-14  0.000686636      1.93758      15.6975  0.000646427      2.29394      1.61214  0.000647366      1.80506      2.65939  5.61835e-14  2.94528e-14      5.84332      3.10965  7.93103e-15  1.27689e-05       52925.404       0          -4          48       0
      9.19355      11.5000      2.03404  4.60431e-14  0.000518149      1.81528      9.98438  0.000486745      2.05279      1.63167  0.000488642      1.78794      2.32817  5.70829e-14  3.67625e-14      4.96359      2.70862  1.04096e-14  1.68081e-05       53079.284       0          -4          48       0
      9.19355      11.5833      1.89246  5.19258e-14  0.000593842      1.68464      9.62891  0.000558834      1.91238      1.62876  0.000560152      1.65698      2.18556  6.47986e-14  4.08468e-14      4.30649      2.38928  1.31893e-14  2.04585e-05       54459.448       0          -2           5       0
      9.19355      11.6667      2.04046  4.58019e-14  0.000759995      1.74919      13.2656  0.000718669      2.07081      1.61581  0.000721380      1.64580      2.37333  6.55343e-14  3.56039e-14      4.28000      2.37414  1.33257e-14  1.87438e-05       55478.292       0          -2           5       0
      9.19355      11.7500      1.75066  5.91233e-14  0.000723807      1.54286      9.62891  0.000681343      1.76578      1.62722  0.000683993      1.55839      2.05972  7.17742e-14  4.50901e-14      3.43786      1.97184  1.91992e-14  3.22962e-05       56767.098       0          -2           5       0
      9.19355      11.8333      2.16095  4.16249e-14  0.000572673      1.88971      13.0156  0.000537311      2.17470      1.62417  0.000538994      1.82391      2.50752  5.52189e-14  3.24854e-14      5.55250      2.96813  8.63538e-15  1.46013e-05       56855.860       0          -2           5       0
      9.19355      11.9167      1.88934  5.20691e-14  0.000481164      1.71212      9.15674  0.000448173      1.91027      1.63355  0.000448403      1.77571      2.17895  5.77397e-14  4.10537e-14      4.41964      2.44276  1.26314e-14  1.85973e-05       56761.150       0          -2           5       0
      9.19355      12.0000      1.91226  5.10329e-14  0.000450096      1.73503      9.15674  0.000417030      1.91954      1.63839  0.000418467      1.82241      2.19026  5.52948e-14  4.07008e-14      4.81845      2.63810  1.09375e-14  1.57140e-05       56362.248       0          -2           5       0
      9.19355      12.0833      1.99226  4.76635e-14  0.000541366      1.78444      9.62891  0.000513258      2.00851      1.63417  0.000515315      1.80039      2.31233  5.64266e-14  3.71832e-14      3.93341      2.21272  1.53396e-14  2.36563e-05       56371.324       0          -2           5       0
      9.19355      12.1667      2.31774  3.70387e-14  0.000611444      1.99194      15.6322  0.000575686      2.34649      1.61417  0.000576563      1.86010      2.66302  5.34402e-14  2.93859e-14      6.10717      3.23305  7.36823e-15  1.36605e-05       57203.978       0          -2           5       0
      9.19355      12.2500      1.11452  1.25491e-13   0.00160920     0.964830      7.69922   0.00147573      1.13181      1.61337   0.00148272      1.06689      1.35883  1.34967e-13  9.01895e-14      5.81486      3.09089  7.99584e-15  1.31346e-05       57721.818       0          -2           5       0
      9.19355      12.3333      1.38160  8.77255e-14  0.000530098      1.28094      27.9147  0.000468269     0.746761      1.89682  0.000451245      1.44511      1.52459  8.13941e-14  7.44460e-14      2.98125      1.74761  2.43462e-14  3.28686e-05       57748.310       0          -2           5       0
      9.19355      12.4167      1.93555  5.00136e-14  0.000479619      1.75478      9.21289  0.000453104      1.94312      1.63782  0.000453980      1.80920      2.20582  5.59695e-14  4.02235e-14      2.38763      1.40911  3.52493e-14  4.71806e-05       57350.394       0          -2           5       0
      9.19355      12.5000      1.86052  5.34201e-14  0.000569318      1.67939      9.08644  0.000539688      1.87708      1.63480  0.000541017      1.65885      2.10047  6.46769e-14  4.36418e-14      3.87731      2.18681  1.57113e-14  2.30891e-05       56612.838       0          -2           5       0
      9.19355      12.5833      1.74609  5.93815e-14  0.000641788      1.57480      8.60706  0.000617053      1.76703      1.63355  0.000617971      1.57304      2.05989  7.06633e-14  4.50841e-14      2.68354      1.60022  2.90124e-14  4.14476e-05       56291.244       0          -2           5       0
      9.19355      12.6667      2.02374  4.64340e-14  0.000488432      1.81592      9.62891  0.000458834      2.03999      1.63417  0.000460648      1.87233      2.31111  5.28595e-14  3.72160e-14      4.76623      2.60153  1.11379e-14  1.48997e-05       56251.220       0          -2           5       0
      9.19355      12.7500      1.31123  9.57119e-14  0.000710032      1.23623      3.93750  0.000707218      1.32623      1.65167  0.000707960      1.23362      1.45516  1.05956e-13  8.04594e-14      1.34131     0.893076  9.21612e-14  0.000124109       57403.320       0          -1           5       0
      9.19355      12.8333      1.68834  6.28055e-14  0.000879549      1.49281      9.95667  0.000850872      1.71099      1.62573  0.000851972      1.43983      2.01747  8.18925e-14  4.66750e-14      2.05454      1.27733  4.52798e-14  8.13812e-05       55349.826       0          -1           5       0
      9.19355      12.9167      1.92252  5.05798e-14  0.000519146      1.75053      8.38708  0.000500217      1.92888      1.63972  0.000500556      1.69161      2.25255  6.26029e-14  3.88422e-14      2.71196      1.61142  2.85073e-14  5.22730e-05       55086.442       0          -1           5       0
      9.19355      13.0000      2.29679  3.76033e-14  0.000546879      2.00149      13.4727  0.000515724      2.31054      1.62417  0.000517421      1.94082      2.65785  4.97874e-14  2.94811e-14      5.98331      3.18221  7.62418e-15  1.50770e-05       54512.124       0          -2           5       0
      9.19355      13.0833      1.98571  4.79257e-14  0.000687976      1.74225      11.6099  0.000653739      1.99946      1.62417  0.000654909      1.62604      2.25859  6.68670e-14  3.86692e-14      3.75973      2.13308  1.65387e-14  2.77047e-05       54261.166       0          -2           5       0
      9.19355      13.1667      1.95705  4.91013e-14  0.000486220      1.76417      9.88770  0.000456254      1.97490      1.63550  0.000458462      1.76282      2.20925  5.84455e-14  4.01194e-14      4.20681      2.34467  1.37143e-14  2.19338e-05       54961.114       0          -2           5       0
      9.19355      13.2500      1.90263  5.14641e-14  0.000354922      1.74764      7.93750  0.000323939      1.91122      1.64011  0.000322265      1.81443      2.11297  5.57007e-14  4.32123e-14      4.71634      2.58251  1.13350e-14  1.65735e-05       55238.282       0          -2           5       0
      9.19355      13.3333      2.20566  4.02284e-14  0.000523540      1.95450      11.8193  0.000496213      2.22300      1.62761  0.000497041      1.88117      2.51496  5.24465e-14  3.23254e-14      4.99467      2.71610  1.03019e-14  1.48310e-05       55208.398       0          -2           5       0
      9.19355      13.4167      2.41976  3.44727e-14  0.000553333      2.10101      14.6799  0.000526221      2.43601      1.62042  0.000526842      1.98831      2.76680  4.78214e-14  2.75718e-14      4.60929      2.53197  1.17771e-14  1.90619e-05       55379.638       0          -2           5       0
      9.19355      13.5000      2.24145  3.91634e-14  0.000421303      2.01271      10.7344  0.000397044      2.25653      1.63558  0.000398822      1.96755      2.55625  4.86652e-14  3.14598e-14      4.92689      2.68271  1.05392e-14  1.97890e-05       55283.138       0          -2           5       0
      9.19355      13.5833      2.35632  3.60333e-14  0.000523999      2.06103      13.4727  0.000495637      2.37008      1.62417  0.000496626      2.01354      2.71382  4.68268e-14  2.84747e-14      5.77223      3.07373  8.09450e-15  1.23884e-05       55147.900       0          -2           5       0
      9.19355      13.6667      1.74690  5.93357e-14  0.000449506      1.59190      7.93750  0.000409942      1.75327      1.63972  0.000410820      1.70007      1.99209  6.20848e-14  4.76703e-14      4.55566      2.51076  1.20091e-14  2.12560e-05       55223.698       0          -2           5       0
      9.19355      13.7500      2.11297  4.32123e-14  0.000615750      1.85051      12.1898  0.000583141      2.12672      1.62417  0.000584311      1.74902      2.45936  5.92160e-14  3.35526e-14      4.07783      2.27934  1.44448e-14  2.46359e-05       56301.150       0          -2           5       0
      9.19355      13.8333      2.38903  3.52148e-14  0.000526378      2.06054      14.6455  0.000493769      2.40529      1.62042  0.000495422      1.97984      2.76220  4.81629e-14  2.76484e-14      6.49127      3.40383  6.65599e-15  1.22470e-05       56301.690       0          -2           5       0
      9.19355      13.9167      2.19115  4.06734e-14  0.000560592      1.91991      13.0156  0.000526226      2.20490      1.62417  0.000527517      1.90171      2.53679  5.15058e-14  3.18631e-14      6.26517      3.30364  7.06112e-15  1.23551e-05       56349.540       0          -2           5       0
      9.19355      14.0000      2.31744  3.70467e-14  0.000543926      2.02524      13.6211  0.000512899      2.33118      1.62417  0.000514227      1.97007      2.69741  4.85616e-14  2.87641e-14      5.94884      3.16020  7.69795e-15  1.41440e-05       56085.530       0          -2           5       0
      9.19355      14.0833      1.91441  5.09374e-14  0.000411832      1.73718      9.15674  0.000375355      1.92169      1.63839  0.000376929      1.82544      2.17291  5.51420e-14  4.12437e-14      5.07792      2.75024  1.00220e-14  1.85702e-05       56163.906       0          -2           5       0
      9.19355      14.1667      1.91519  5.09031e-14  0.000467103      1.74389      8.60706  0.000443248      1.92218      1.64097  0.000444593      1.72607      2.17357  6.05339e-14  4.12231e-14      3.45044      1.97690  1.90826e-14  2.92382e-05       55293.198       0          -2           5       0
      9.19355      14.2500      1.76018  5.85916e-14  0.000776424      1.55144      9.98438  0.000734899      1.77393      1.62417  0.000735712      1.55704      2.10661  7.18781e-14  4.34298e-14      3.53449      2.02270  1.83323e-14  3.01264e-05       53413.920       0         -38         -18       0
      9.19355      14.3333      1.89802  5.16726e-14  0.000363399      1.73239      8.38281  0.000330671      1.90541      1.64200  0.000332835      1.83412      2.15492  5.47080e-14  4.18193e-14      4.47416      2.47319  1.23759e-14  2.16937e-05       54799.346       0          -1           6       0
      9.19355      14.4167      1.46413  7.96395e-14  0.000672343      1.36414      5.18750  0.000665962      1.46663      1.65167  0.000666347      1.37427      1.66547  8.85064e-14  6.42492e-14      1.76146      1.13516  5.85205e-14  0.000151725       56211.126       0          -1           6       0
      9.19355      14.5000      2.40135  3.49143e-14  0.000463474      2.13009      13.0156  0.000438335      2.41869      1.62761  0.000438836      2.05912      2.76535  4.51122e-14  2.75959e-14      5.77023      3.08558  8.09917e-15  1.33770e-05       58987.888       0          -1           6       0
      9.19355      14.5833      1.74203  5.96122e-14  0.000414007      1.58453      8.65625  0.000367692      1.75649      1.63727  0.000369577      1.74505      1.94560  5.94402e-14  4.95838e-14      5.29103      2.85262  9.35827e-15  1.58636e-05       61931.814       0          -1           6       0
      9.19355      14.6667      1.77810  5.76107e-14  0.000441484      1.63561      7.53125  0.000415071      1.78806      1.64315  0.000415725      1.66935      1.98996  6.40007e-14  4.77553e-14      3.10916      1.81114  2.26999e-14  3.59542e-05       61901.464       0          -1           6       0
      9.19355      14.7500      2.24871  3.89529e-14  0.000422868      2.02131      10.6743  0.000395077      2.27184      1.63136  0.000395460      2.05022      2.56975  4.54388e-14  3.11850e-14      6.64654      3.47808  6.39887e-15  1.15179e-05       61051.238       0          -1           6       0
      9.19355      14.8333      2.06871  4.47640e-14  0.000616652      1.83996      10.2344  0.000594282      2.08742      1.63066  0.000595389      1.77118      2.45422  5.79859e-14  3.36698e-14      2.54474      1.50936  3.16974e-14  4.25947e-05       59267.178       0          -1           6       0
      9.19355      14.9167     0.846230  1.98586e-13   0.00404833     0.707795      7.32422   0.00393927     0.873109      1.58543   0.00393752     0.746398      1.11601  2.44800e-13  1.25213e-13     0.675821     0.503392  2.88874e-13  0.000654382       60747.586       0          -1           6       0
      9.19355      15.0000      1.13692  1.21399e-13  0.000283475      1.08161      3.59766  0.000280846      1.15192      1.65667  0.000281007      1.08911      1.23922  1.30409e-13  1.05159e-13      1.33156     0.894446  9.32881e-14  0.000155819       59078.868       0          -1           6       0
      9.19355      15.0833     0.781491  2.26754e-13   0.00135421     0.729186      3.36865   0.00134334     0.926751      1.58719   0.00134388     0.867882     0.887277  1.90397e-13  1.83512e-13     0.896572     0.640314  1.80352e-13  0.000249842       63133.332       0          -1           6       0
      9.19355      15.1667      1.17633  1.14696e-13  0.000536724      1.12946      2.93750  0.000528940      1.61484      1.55586  0.000528316      1.19698      1.25166  1.11416e-13  1.03424e-13      1.10190     0.758858  1.27897e-13  0.000248913       61586.708       0          -1           6       0
      9.19355      15.2500      1.36817  8.91651e-14  0.000608611      1.28926      4.68945  0.000602540      1.37247      1.65339  0.000600466      1.37405      1.49713  8.85306e-14  7.67357e-14      1.64611      1.05829  6.55133e-14  9.39831e-05       57790.666       0          -1           5       0
      9.19355      15.3333      1.42863  8.29657e-14  0.000240951      1.39117      11.9176  0.000236351      1.43831      1.65761  0.000235802      1.42136      1.51729  8.36739e-14  7.50439e-14      1.71922      1.09839  6.09366e-14  8.90974e-05       58254.116       0          -1           5       0
      9.19355      15.4167      1.59123  6.93227e-14  0.000239156      1.51482      4.53320  0.000237155      1.60623      1.65667  0.000236543      1.73993      1.69890  5.97321e-14  6.21559e-14      1.92107      1.21621  5.06435e-14  0.000150541       56043.410       0          -1           5       0
      9.19355      15.5000      1.50098  7.64074e-14  0.000346866      1.45262      19.3425  0.000338193      1.50536      1.65511  0.000337645      1.50568      1.64834  7.60105e-14  6.53656e-14      1.91046      1.20288  5.11129e-14  7.62623e-05       57836.352       0          -1           5       0
      9.19355      15.5833      1.57292  7.06726e-14  0.000232693      1.51236      40.1498  0.000208975      1.10709      1.78743  0.000202275      1.62241      1.71521  6.71163e-14  6.11743e-14      2.39971      1.45325  3.49541e-14  5.36301e-05       56749.860       0          -1           5       0
      9.19355      15.6667      1.79355  5.67857e-14  0.000371100      1.64906      8.03662  0.000340928      1.80396      1.64358  0.000342725      1.77395      2.02840  5.78356e-14  4.62565e-14      3.48726      1.99665  1.87480e-14  2.61383e-05       56105.660       0          -1           5       0
      9.19355      15.7500      1.94080  4.97884e-14  0.000362012      1.80847      6.71460  0.000349606      1.94580      1.64917  0.000349157      1.86822      2.18058  5.30536e-14  4.10024e-14      2.87201      1.69265  2.59090e-14  3.58788e-05       57574.682       0          -1           5       0
      9.19355      15.8333      1.95088  4.93603e-14  0.000501203      1.78837      7.78125  0.000486625      1.96084      1.64315  0.000487193      1.74660      2.21706  5.93524e-14  3.98841e-14      2.78335      1.64967  2.72991e-14  3.52961e-05       58201.210       0          -1           5       0
      9.19355      15.9167      1.42273  8.35397e-14  0.000302290      1.37561      34.3459  0.000285474      1.12270      1.74501  0.000281952      1.42245      1.55559  8.35673e-14  7.19898e-14      1.72048      1.09878  6.08621e-14  0.000116628       56919.494       0          -1           5       0
      9.19355      16.0000      1.35441  9.06797e-14  0.000658637      1.27473      4.58984  0.000653956      1.37082      1.65198  0.000653982      1.38428      1.51100  8.74426e-14  7.55649e-14      1.54946      1.01019  7.24652e-14  0.000125723       57159.200       0          -1           5       0
      9.19355      16.0836      1.52804  7.41661e-14  0.000854460      1.40054      6.96875  0.000839166      1.53503      1.64097  0.000839118      1.45114      1.65867  8.08316e-14  6.46891e-14      1.84649      1.17045  5.40985e-14  8.55717e-05       56908.098       0          -1           5       0
      9.19355      16.1667      1.63217  6.64489e-14   0.00110717      1.43171      9.17773   0.00107392      1.64842      1.62042   0.00107412      1.44605      1.92377  8.13066e-14  5.05253e-14      2.16942      1.33770  4.13545e-14  5.51349e-05       58616.010       0          -1           5       0
      9.19355      16.2500     0.378353  7.59627e-13    0.0168508     0.303353      3.93750    0.0160946     0.303353      1.67979    0.0160516     0.313087     0.464062  1.04149e-12  5.40508e-13     0.548930     0.423946  4.08540e-13  0.000462211       51635.964       0          36          26       0
      9.19355      16.3333     0.766134  2.34380e-13   0.00264574     0.688010      4.53906   0.00258454     0.691135      1.67979   0.00257796     0.712541     0.835992  2.64492e-13  2.02656e-13      1.01829     0.708133  1.45872e-13  0.000178847       59701.258       0           0          -1       0
      9.19355      16.4167      1.21035  1.09374e-13   0.00141762      1.10164      5.89294   0.00139515      1.22691      1.63480   0.00139469      1.02167      1.28824  1.45071e-13  9.85756e-14      1.43477     0.951692  8.23743e-14  0.000197201       56648.798       0           0          -2       0
      9.19355      16.5000     0.720741  2.59496e-13   0.00237799     0.667797      30.1213   0.00226440     0.653870      1.67893   0.00226192     0.665656     0.784969  2.96265e-13  2.25082e-13      1.34667     0.897045  9.15508e-14  0.000198091       53036.852       0           0          -2       0
      9.19355      16.5833     0.548995  4.08459e-13   0.00353384     0.503914      78.4484   0.00324138     0.315274      1.92045   0.00315769     0.536661     0.598344  4.24224e-13  3.53870e-13      1.34667     0.892070  9.15506e-14  0.000184172       49828.128       0           0          -2       0
      9.19355      16.6667     0.521136  4.45497e-13   0.00440474     0.458323      4.01953   0.00406219     0.466448      1.67124   0.00400235     0.497948     0.601094  4.80605e-13  3.51176e-13      2.34122      1.44652  3.64217e-14  0.000115305       50799.932       0           0          -3       0
      9.19355      16.7500     0.581753  3.70849e-13   0.00325570     0.525974      24.4081   0.00289046     0.323309      1.92664   0.00278334     0.588683     0.662677  3.63602e-13  2.98487e-13      2.64928      1.59098  2.96402e-14  4.26284e-05       50586.500       0           0          -3       0
      9.19355      16.8333     0.596370  3.55825e-13   0.00412444     0.519804      5.48828   0.00380045     0.514543      1.68057   0.00376591     0.580310     0.699004  3.72388e-13  2.73084e-13      2.98354      1.75928  2.43151e-14  5.91560e-05       49495.292       0           1          -3       0
      9.19355      16.9167     0.491545  4.91086e-13   0.00650622     0.413420      4.53906   0.00594523     0.419670      1.68011   0.00593332     0.468308     0.602226  5.32365e-13  3.50077e-13      3.45849      1.98633  1.90086e-14  3.07092e-05       49242.092       0           1          -3       0
      9.19355      17.0000     0.513236  4.56984e-13   0.00308060     0.468224      69.8068   0.00250908     0.274009      1.96855   0.00230829     0.553591     0.591909  4.02823e-13  3.60305e-13      7.25830      4.47069  5.52549e-15  4.83243e-05       48615.342       0           0          -3       0
      9.19355      17.0833     0.607329  3.45188e-13   0.00296255     0.548668      103.268   0.00257622     0.302063      1.99376   0.00246684     0.621257     0.711662  3.32387e-13  2.65037e-13      3.67817      2.08823  1.71544e-14  2.28108e-05       48519.958       0           1          -3       0
      9.19355      17.1667     0.797786  2.19088e-13   0.00204602     0.714867      29.6851   0.00181936     0.403402      1.95631   0.00176655     0.790489     0.952399  2.22469e-13  1.63079e-13      4.20640      2.34288  1.37165e-14  1.93029e-05       48291.428       0          37          20       0
      9.19355      17.2500     0.859384  1.93546e-13   0.00258297     0.741887      6.71875   0.00238337     0.460511      1.90468   0.00233857     0.807028      1.04768  2.14922e-13  1.39118e-13      3.57574      2.03444  1.79813e-14  2.88477e-05       47095.986       0          37          20       0
      9.19355      17.3333     0.454114  5.60386e-13   0.00626874     0.402204      38.2487   0.00562586     0.243383      1.96358   0.00548098     0.434607     0.548525  6.02932e-13  4.09043e-13      4.12773      2.30698  1.41550e-14  2.05990e-05       47434.720       0          39         -23       0
      9.19355      17.4167      1.29677  9.74964e-14   0.00141949      1.16927      6.96875   0.00139571      1.31412      1.62761   0.00139528      1.13843      1.46569  1.21130e-13  7.94981e-14      1.53779      1.00495  7.33842e-14  0.000130807       52821.688       0           0          -3       0
      9.19355      17.5000      1.00361  1.49446e-13   0.00127541     0.863606     0.694122   0.00122511      2.30721      1.40062   0.00122526     0.948767     0.929301  1.64121e-13  1.69890e-13     0.726330     0.534854  2.56176e-13  0.000504748       47373.940       0         -37         -26       0
      9.19355      17.5833      1.05717  1.37042e-13   0.00104628      1.00030      3.64844   0.00104371      1.06217      1.65667   0.00104463      1.04624      1.09712  1.39437e-13  1.28827e-13      1.23129     0.844662  1.06291e-13  0.000204493       53330.668       0          -1          -2       0
      9.19355      17.6667      1.38386  8.74869e-14   0.00134669      1.24637      6.96875   0.00133530      1.40042      1.63480   0.00133515      1.18493      1.53873  1.13311e-13  7.33092e-14      1.63731      1.07856  6.61015e-14  0.000226430       53783.162       0          -1          -1       0
      9.19355      17.7503      1.35383  9.07451e-14   0.00157480      1.17831      9.00909   0.00152476      1.37032      1.61527   0.00152543      1.17083      1.46624  1.15595e-13  7.94490e-14      1.88294      1.19207  5.23642e-14  0.000102463       51242.468       0          -1          -1       0
      9.19355      17.8333      1.41568  8.42343e-14   0.00145918      1.22016      9.95667   0.00140813      1.43216      1.61527   0.00141016      1.24064      1.62460  1.04959e-13  6.69653e-14      1.94612      1.22135  4.95616e-14  6.62910e-05       52957.928       0          -1           0       0
      9.19355      17.9167     0.969471  1.58321e-13   0.00313685     0.814468      7.93750   0.00300528     0.989746      1.59379   0.00300740     0.823660      1.12010  2.07738e-13  1.24452e-13      1.40885     0.930871  8.49157e-14  9.58282e-05       55462.776       0          -1           0       0
      9.19355      18.0000      1.10849  1.26632e-13   0.00237393     0.939809      8.53809   0.00228219      1.12161      1.60792   0.00228683     0.964580      1.26848  1.59661e-13  1.01148e-13      1.62303      1.04851  6.70736e-14  8.36549e-05       55660.288       0          -1           0       0
      9.19355      18.0833      1.05779  1.36909e-13   0.00225360     0.919359      7.32422   0.00217557      1.08126      1.61706   0.00218311     0.950450      1.25589  1.63637e-13  1.02843e-13      1.45803     0.957748  8.01955e-14  9.91174e-05       56396.958       0          -1           0       0
      9.19355      18.1667      1.09848  1.28561e-13   0.00163181     0.990458      6.11292   0.00160126      1.11723      1.63042   0.00160179      1.02736      1.28791  1.43733e-13  9.86178e-14      1.29538     0.867618  9.76710e-14  0.000108119       53661.262       0          -1           0       0
      9.19355      18.2500      1.25671  1.02731e-13   0.00162664      1.09421      7.78125   0.00156185      1.27320      1.61527   0.00156268      1.13540      1.46795  1.21669e-13  7.92944e-14      2.01445      1.25718  4.67918e-14  6.18498e-05       53013.698       0          -1           0       0
      9.19355      18.3333      1.47771  7.84234e-14   0.00111677      1.32522      7.78125   0.00109167      1.49506      1.62761   0.00109149      1.31393      1.73450  9.53835e-14  6.00442e-14      1.77270      1.13177  5.79031e-14  8.21742e-05       50793.650       0          -1           0       0
      9.19355      18.4167      1.29904  9.72134e-14   0.00124405      1.18154      6.71875   0.00122263      1.31560      1.63480   0.00122280      1.20450      1.54427  1.10259e-13  7.28715e-14      1.54365      1.00807  7.29199e-14  9.07630e-05       49832.674       0          -1          -1       0
      9.19355      18.5000      1.52942  7.40543e-14  0.000840031      1.39098      7.32422  0.000814456      1.55036      1.63355  0.000814175      1.45186      1.70130  8.07649e-14  6.20099e-14      2.19222      1.34900  4.06401e-14  5.09729e-05       48520.294       0         -37         -24       0
      9.19355      18.5833      1.60215  6.85370e-14   0.00142332      1.33089      13.0156   0.00134930      1.61968      1.60269   0.00135324      1.35925      1.96462  9.01426e-14  4.87863e-14      2.97606      1.74910  2.44170e-14  3.44014e-05       49617.944       0          -1          -1       0
      9.19355      18.6667      1.40415  8.53896e-14   0.00120200      1.25166      7.78125   0.00116556      1.41970      1.62589   0.00116562      1.28193      1.59156  9.93857e-14  6.92983e-14      1.98509      1.23971  4.79509e-14  5.57483e-05       50654.312       0          -1          -1       0
      9.19355      18.7500      1.45412  8.05556e-14   0.00121845      1.27333      9.21289   0.00117672      1.46787      1.62417   0.00117915      1.33069      1.71101  9.33897e-14  6.14247e-14      2.08953      1.29404  4.40231e-14  5.22959e-05       50936.570       0          -1          -1       0
      9.19355      18.8333      1.65162  6.51496e-14   0.00123347      1.40069      11.2439   0.00117583      1.66611      1.61097   0.00117842      1.43106      2.03609  8.27305e-14  4.59656e-14      2.84414      1.67948  2.63337e-14  3.37373e-05       51042.274       0          -1          -1       0
      9.19355      18.9167      1.53440  7.36546e-14   0.00162987      1.26316      13.0156   0.00154555      1.55467      1.59379   0.00154749      1.26811      1.83493  1.01197e-13  5.46674e-14      2.69264      1.60590  2.88490e-14  3.85051e-05       50575.752       0          -1          -1       0
      9.19355      19.0000      1.37142  8.88136e-14   0.00175295      1.14266      10.2344   0.00166393      1.37677      1.60582   0.00166867      1.18455      1.68777  1.13373e-13  6.28407e-14      2.31380      1.40938  3.71437e-14  4.20531e-05       51018.800       0         -39          19       0
      9.19355      19.0833      1.46163  7.98668e-14   0.00151136      1.24288      10.2344   0.00144684      1.47475      1.60792   0.00144803      1.25866      1.74748  1.02467e-13  5.93025e-14      2.33347      1.42418  3.66235e-14  4.51462e-05       51278.770       0         -39          19       0
      9.19355      19.1667      1.53831  7.33426e-14   0.00121069      1.30955      10.2344   0.00114555      1.55030      1.61538   0.00115029      1.38161      1.86298  8.77248e-14  5.33027e-14      3.09063      1.80261  2.29272e-14  3.15529e-05       51561.206       0           0          -1       0
      9.19355      19.2500      1.49205  7.71716e-14   0.00132657      1.28735      9.77734   0.00127334      1.50656      1.61398   0.00127436      1.32533      1.71296  9.40204e-14  6.13079e-14      2.28187      1.39565  3.80141e-14  4.86370e-05       51327.710       0           0          -1       0
      9.19355      19.3333      1.06593  1.35169e-13   0.00162871     0.948440      6.71875   0.00157759      1.07265      1.63136   0.00158047      1.00618      1.21771  1.48812e-13  1.08273e-13      1.48655     0.974778  7.76479e-14  9.05533e-05       51258.342       0           0          -1       0
      9.19355      19.4167      1.82783  5.50218e-14  0.000916931      1.61909      9.98438  0.000896315      1.84159      1.62417  0.000896188      1.58791      2.01665  6.95640e-14  4.67065e-14      2.21624      1.36482  3.99088e-14  5.97297e-05       50921.442       0           0          -1       0
      9.19355      19.5000      1.83217  5.48051e-14  0.000769980      1.62014      10.2285  0.000740845      1.85428      1.62652  0.000742193      1.65162      2.11406  6.51497e-14  4.31751e-14      2.65097      1.58455  2.96088e-14  4.69814e-05       51290.328       0          -1          -1       0
      9.19355      19.5833      1.95724  4.90934e-14   0.00100359      1.66507      13.6211  0.000970906      1.97808      1.61232  0.000971873      1.64514      2.26689  6.55776e-14  3.84337e-14      2.38521      1.45315  3.53089e-14  6.47432e-05       54962.622       0          -1           0       0
      9.19355      19.6667      1.70023  6.20747e-14   0.00125909      1.43776      12.1898   0.00121143      1.71335      1.60792   0.00121224      1.45292      1.88035  8.06662e-14  5.24847e-14      2.28424      1.39694  3.79484e-14  7.06367e-05       56033.072       0          -1           0       0
      9.19355      19.7500      1.96979  4.85733e-14  0.000885891      1.67854      13.2656  0.000849329      1.98430      1.61398  0.000850568      1.67659      2.15659  6.35406e-14  4.17652e-14      2.96695      1.74356  2.45422e-14  3.95303e-05       53925.528       0          -1           0       0
      9.19355      19.8333      1.87939  5.25293e-14  0.000971943      1.60815      13.0156  0.000931556      1.89387      1.61214  0.000932055      1.60943      2.33963  6.80206e-14  3.64628e-14      2.74980      1.63174  2.78565e-14  3.57426e-05       51044.664       0         -38         -23       0
      9.19355      19.9167      1.75795  5.87156e-14  0.000782177      1.57716      9.21289  0.000762721      1.77419      1.63417  0.000763741      1.61688      2.01362  6.74996e-14  4.68239e-14      2.17673      1.33781  4.11232e-14  4.70764e-05       49701.490       0         -38         -23       0
      9.19355      20.0000      1.87038  5.29517e-14  0.000956722      1.59163      12.8594  0.000912535      1.88614      1.61266  0.000914169      1.63181      2.17768  6.64733e-14  4.10935e-14      2.29385      1.37898  3.76837e-14  4.23009e-05       51949.654       0          -1           1       0
      9.19355      20.0833      1.78530  5.72240e-14   0.00104684      1.53827      11.6660   0.00101641      1.80405      1.61917   0.00101777      1.53749      2.12175  7.34075e-14  4.29146e-14      2.16901      1.33699  4.13675e-14  5.23294e-05       53669.716       0          -1           1       0
      9.19355      20.1667      1.85566  5.36535e-14  0.000920503      1.60660      12.0061  0.000887287      1.87472      1.61980  0.000888909      1.61871      2.28809  6.73720e-14  3.78419e-14      2.64814      1.58319  2.96616e-14  3.78418e-05       55441.288       0          -1           1       0
      9.19355      20.2500      2.03853  4.58741e-14  0.000921115      1.69078      15.7989  0.000868435      2.05416      1.60418  0.000870526      1.72605      2.46961  6.05351e-14  3.33207e-14      4.17909      2.33304  1.38663e-14  1.90315e-05       55529.168       0          -1           1       0
      9.19355      20.3333      2.25005  3.89144e-14  0.000862899      1.84713      17.9858  0.000815673      2.27817      1.59793  0.000816821      1.87094      2.72167  5.29253e-14  2.83380e-14      4.30680      2.38994  1.31878e-14  1.67467e-05       55150.086       0          -1           1       0
      9.19355      20.4167      1.85718  5.35802e-14   0.00106779      1.56186      13.4727   0.00102527      1.87031      1.60792   0.00102628      1.56733      2.28008  7.10935e-14  3.80638e-14      2.48384      1.50050  3.30033e-14  4.83734e-05       55245.504       0          -1           1       0
      9.19355      20.5000      2.16097  4.16244e-14  0.000888573      1.79158      17.5547  0.000842752      2.18378      1.60230  0.000844108      1.79503      2.74049  5.67079e-14  2.80144e-14      3.96301      2.22528  1.51491e-14  2.00042e-05       55411.060       0          -1           1       0
      9.19355      20.5833      1.70064  6.20500e-14  0.000915223      1.49689      9.92188  0.000880683      1.71576      1.62722  0.000883078      1.54467      2.00894  7.28398e-14  4.70058e-14      2.81235      1.66594  2.68317e-14  3.36222e-05       55294.370       0          -1           1       0
      9.19355      20.6667      1.62390  6.70138e-14  0.000869041      1.45827      8.38281  0.000844808      1.64265      1.63042  0.000845179      1.50480      1.87050  7.60843e-14  5.29461e-14      2.19242      1.35025  4.06339e-14  5.20577e-05       55412.708       0          -1           1       0
      9.19355      20.7500      1.54574  7.27556e-14  0.000995589      1.38325      7.78125  0.000969396      1.57200      1.62917  0.000970438      1.43073      1.83143  8.27627e-14  5.48417e-14      2.05515      1.27837  4.52573e-14  6.33691e-05       55168.242       0          -1           1       0
      9.19355      20.8333      2.02887  4.62388e-14  0.000903209      1.69720      15.7336  0.000856967      2.04199      1.60792  0.000858790      1.72577      2.46100  6.05513e-14  3.35153e-14      3.53208      2.01811  1.83532e-14  2.91579e-05       54372.590       0          -1           1       0
      9.19355      20.9167      1.79563  5.66763e-14  0.000928685      1.56689      10.2344  0.000896326      1.81188      1.62042  0.000896950      1.58145      2.11576  7.00382e-14  4.31173e-14      2.49617      1.50622  3.27320e-14  4.27831e-05       54570.418       0          -1           1       0
      9.19355      21.0000      1.82997  5.49149e-14  0.000655140      1.64918      9.21289  0.000631433      1.84653      1.63480  0.000632663      1.74117      2.09228  5.96612e-14  4.39269e-14      2.87520      1.69654  2.58612e-14  3.77671e-05       54066.526       0          -1           1       0
      9.19355      21.0833      2.15156  4.19281e-14  0.000817540      1.81632      15.4767  0.000776841      2.17366      1.61101  0.000778907      1.82579      2.49168  5.51245e-14  3.28302e-14      3.70837      2.10283  1.69222e-14  3.72445e-05       54451.372       0          -1           1       0
      9.19355      21.1667      1.83089  5.48689e-14  0.000940681      1.60214      10.2344  0.000914179      1.84464      1.62417  0.000915102      1.59234      2.16911  6.92422e-14  4.13644e-14      2.23087      1.36823  3.94733e-14  4.52775e-05       53947.282       0          -1           1       0
      9.19355      21.2500      1.66389  6.43511e-14  0.000697183      1.54638      6.71875  0.000687471      1.68139      1.64167  0.000686718      1.59416      1.89638  6.91104e-14  5.17473e-14      2.02003      1.26063  4.65765e-14  5.91203e-05       52698.040       0          -1           1       0
      9.19355      21.3333      2.03261  4.60971e-14  0.000838577      1.74137      13.2656  0.000806899      2.05906      1.61476  0.000808074      1.76100      2.41629  5.85458e-14  3.45551e-14      3.00409      1.76309  2.40385e-14  3.29073e-05       51772.800       0          -1           1       0
      9.19355      21.4167      1.83006  5.49103e-14  0.000685261      1.64927      9.21289  0.000664680      1.84662      1.63480  0.000665628      1.72231      2.13291  6.07543e-14  4.25412e-14      2.70497      1.61160  2.86302e-14  3.49994e-05       51415.708       0          -1           1       0
      9.19355      21.5000      2.23725  3.92861e-14  0.000913515      1.81060      19.1846  0.000862563      2.26754      1.59429  0.000864324      1.81808      2.67205  5.55145e-14  2.92205e-14      4.30058      2.39197  1.32196e-14  2.00978e-05       52079.538       0          -1           1       0
      9.19355      21.5833      1.73491  6.00206e-14  0.000768411      1.56293      8.38708  0.000744662      1.75366      1.63042  0.000744414      1.61367      2.05711  6.77230e-14  4.51854e-14      2.60992      1.56722  3.03890e-14  5.34835e-05       51252.822       0          -1           1       0
      9.19355      21.6667      1.90104  5.15358e-14  0.000752469      1.69322      9.62891  0.000732360      1.92018      1.62933  0.000732912      1.72355      2.29094  6.06815e-14  3.77636e-14      2.60753      1.56322  3.04355e-14  4.28126e-05       50826.276       0          -1           1       0
      9.19355      21.7500      2.09311  4.38976e-14  0.000743947      1.82186      13.0156  0.000718599      2.10687      1.62417  0.000719927      1.83052      2.54359  5.48873e-14  3.17213e-14      2.97967      1.74964  2.43677e-14  4.07164e-05       50207.446       0         -38         -22       0
      9.19355      21.8333      1.75825  5.86989e-14  0.000715159      1.61980      7.32422  0.000705187      1.77574      1.64167  0.000705192      1.63877      2.00481  6.60031e-14  4.71671e-14      2.13531      1.32305  4.24615e-14  5.73546e-05       50119.164       0         -38         -22       0
      9.19355      21.9167      2.00329  4.72270e-14  0.000746959      1.77452      10.2344  0.000726509      2.02110      1.62980  0.000727599      1.76245      2.42306  5.84655e-14  3.43944e-14      2.57920      1.54688  3.09947e-14  3.83495e-05       50125.324       0         -38         -22       0
      9.19355      22.0000      1.67925  6.33726e-14  0.000609530      1.56792      5.96191  0.000602480      1.69175      1.64667  0.000601860      1.62320      1.85540  6.70620e-14  5.36663e-14      2.04375      1.27265  4.56788e-14  5.55618e-05       50284.236       0         -38         -22       0
      9.19355      22.0833      1.86030  5.34307e-14  0.000672807      1.68901      8.60706  0.000658781      1.87421      1.63823  0.000659252      1.73038      2.08917  6.02826e-14  4.40359e-14      2.26605      1.38440  3.84573e-14  5.41628e-05       51001.474       0          -1           2       0
      9.19355      22.1667      2.14442  4.21613e-14  0.000819216      1.80612      15.9545  0.000780489      2.16526      1.61232  0.000782896      1.82358      2.53189  5.52361e-14  3.19659e-14      3.66206      2.08172  1.72804e-14  2.71020e-05       51595.344       0          -1           2       0
      9.19355      22.2500      1.87310  5.28234e-14  0.000916065      1.62608      11.6660  0.000889424      1.88935      1.62042  0.000890181      1.61317      2.23877  6.77586e-14  3.92415e-14      2.27856      1.39189  3.81061e-14  4.67931e-05       51633.818       0          -1           2       0
      9.19355      22.3336      1.84000  5.44166e-14  0.000669379      1.64448      9.95667  0.000640901      1.85875      1.63167  0.000642678      1.75324      2.08648  5.89783e-14  4.41304e-14      3.11847      1.81585  2.25870e-14  3.66721e-05       52096.292       0          -1           2       0
      9.19355      22.4167      1.70243  6.19414e-14  0.000770415      1.56399      7.32422  0.000760639      1.71102      1.64011  0.000760468      1.57078      1.97816  7.08335e-14  4.82309e-14      1.90242      1.19905  5.14735e-14  6.63640e-05       52548.946       0          -1           2       0
      9.19355      22.5000      1.95948  4.89998e-14  0.000563275      1.77414      9.57080  0.000539261      1.97604      1.63480  0.000539740      1.89264      2.29080  5.19175e-14  3.77673e-14      3.74010      2.12167  1.66837e-14  2.55705e-05       52831.296       0          -1           2       0
      9.19355      22.5833      2.00958  4.69806e-14  0.000717180      1.78085      10.2344  0.000696349      2.02693      1.62761  0.000696837      1.82670      2.41013  5.50788e-14  3.47026e-14      2.46742      1.47848  3.33700e-14  3.68359e-05       53442.032       0          -1           2       0
      9.19355      22.6667      1.74170  5.96314e-14  0.000684145      1.59919      7.53125  0.000667660      1.74952      1.63905  0.000666637      1.66875      1.99400  6.40388e-14  4.75942e-14      2.47194      1.49398  3.32685e-14  4.52070e-05       53357.582       0          -1           2       0
      9.19355      22.7500      2.11165  4.32572e-14  0.000668697      1.86047      11.8193  0.000645393      2.13376      1.62652  0.000646564      1.91817      2.56452  5.07710e-14  3.12909e-14      3.29840      1.90479  2.05710e-14  2.68796e-05       53688.210       0          -1           2       0
      9.19355      22.8333      1.86421  5.32443e-14  0.000745602      1.66047      9.92188  0.000722796      1.89046      1.62917  0.000723956      1.70121      2.09850  6.20155e-14  4.37100e-14      2.27894      1.38008  3.80954e-14  4.02343e-05       53109.312       0          -1           2       0
      9.19355      22.9167      1.93671  4.99638e-14  0.000921761      1.66545      13.0156  0.000890208      1.96706      1.61581  0.000891635      1.67048      2.34470  6.39284e-14  3.63316e-14      2.62037      1.56702  3.01873e-14  4.09075e-05       53340.344       0          -1           2       0
      9.19355      23.0000      2.01485  4.67763e-14  0.000684638      1.80705      9.62891  0.000670855      2.03110      1.63417  0.000671327      1.79993      2.38657  5.64507e-14  3.52754e-14      2.46309      1.49389  3.34678e-14  5.43204e-05       54185.818       0          -1           2       0
      9.19355      23.0833      2.11692  4.30780e-14  0.000701116      1.86576      11.8193  0.000682032      2.13473      1.62980  0.000683349      1.86979      2.56777  5.29796e-14  3.12249e-14      2.79338      1.65872  2.71360e-14  3.90485e-05       54713.956       0          -1           2       0
      9.19355      23.1667      1.40929  8.48714e-14  0.000604143      1.32687      4.30371  0.000600682      1.41742      1.65448  0.000600212      1.40833      1.54606  8.49682e-14  7.27312e-14      1.54896      1.00703  7.25043e-14  9.65034e-05       54933.578       0          -1           2       0
      9.19355      23.2500      2.08867  4.40534e-14  0.000706110      1.83456      12.0417  0.000682807      2.10379      1.62722  0.000684113      1.86002      2.44711  5.34442e-14  3.38329e-14      3.05453      1.78700  2.33806e-14  3.24802e-05       54975.790       0          -1           2       0
      9.19355      23.3333      1.92468  5.04853e-14  0.000698798      1.74211      8.97754  0.000684163      1.94562      1.63355  0.000684229      1.75321      2.20252  5.89799e-14  4.03240e-14      2.35575      1.43013  3.60479e-14  4.38836e-05       54708.000       0          -1           2       0
      9.19355      23.4167      1.86139  5.33784e-14  0.000748562      1.67352      9.58862  0.000731840      1.87764      1.63417  0.000732515      1.68679      2.14560  6.29017e-14  4.21224e-14      2.26550      1.38294  3.84729e-14  4.55309e-05       54630.908       0          -1           2       0
      9.19355      23.5000      1.99126  4.77034e-14  0.000600495      1.79575      9.95667  0.000582167      2.01220      1.63355  0.000582744      1.86620      2.34891  5.31493e-14  3.62230e-14      3.07417      1.79408  2.31322e-14  3.02536e-05       53996.272       0          -1           2       0
      9.19355      23.5833      2.01422  4.68005e-14  0.000812691      1.76127      11.5840  0.000787814      2.02797      1.62417  0.000788730      1.74664      2.33007  5.93502e-14  3.67124e-14      2.81750      1.66790  2.67499e-14  3.38911e-05       54351.230       0          -1           2       0
      9.19355      23.6667      1.72788  6.04285e-14  0.000690841      1.61037      6.71875  0.000685093      1.73569      1.64729  0.000684963      1.62271      1.87810  6.70955e-14  5.25894e-14      1.93350      1.21628  5.01019e-14  6.68287e-05       54786.624       0          -1           2       0
      9.19355      23.7500      1.74917  5.92074e-14  0.000604071      1.64378      6.04395  0.000601231      1.75167      1.65167  0.000601154      1.67106      1.94169  6.38913e-14  4.97505e-14      1.88922      1.19121  5.20743e-14  6.37397e-05       54619.330       0          -1           2       0
      9.19355      23.8333      2.21439  3.99644e-14  0.000693545      1.91907      13.4727  0.000667505      2.23814      1.61917  0.000668330      1.93255      2.66599  5.01430e-14  2.93313e-14      3.54993      2.02775  1.81997e-14  2.44592e-05       54172.338       0          -1           2       0
      9.19355      23.9167      2.03704  4.59299e-14  0.000633958      1.83772      10.1494  0.000619184      2.05798      1.63355  0.000619545      1.85364      2.38623  5.37510e-14  3.52839e-14      2.73263      1.62570  2.81489e-14  3.60257e-05       54501.340       0          -1           2       0
