      9.16129      0.00000     0.614262  3.38719e-13   0.00353274     0.569261      3.00000   0.00353591     0.594262      1.66917   0.00353776     0.544101     0.653792  4.14600e-13  3.05278e-13     0.573244     0.439951  3.80070e-13   0.00102312       0
      9.16129    0.0833333     0.804803  2.15914e-13   0.00184131     0.435973    0.0872843   0.00127639      10.3785      1.04843   0.00127018     0.761451     0.776362  2.36788e-13  2.29256e-13     0.451908     0.359734  5.64952e-13  0.000899621       0
      9.16129     0.166667     0.758082  2.38544e-13   0.00396119     0.657654      5.32959   0.00385337     0.649021      1.68101   0.00384414     0.616150     0.848870  3.36991e-13  1.97557e-13     0.878573     0.621756  1.86552e-13   0.00103432       0
      9.16129     0.250000     0.643495  3.13463e-13   0.00210544     0.566269     0.696655   0.00192088      1.41045      1.39971   0.00191942     0.597482     0.666748  3.54722e-13  2.95456e-13     0.502599     0.394592  4.73216e-13  0.000687415       0
      9.16129     0.333333     0.631308  3.23614e-13   0.00230722     0.478014     0.295822   0.00201966      1.90723      1.30930   0.00201943     0.585312     0.656812  3.67099e-13  3.02943e-13     0.441448     0.353963  5.87440e-13   0.00126208       0
      9.16129     0.416667     0.593080  3.59121e-13   0.00287873     0.373786     0.145387   0.00244852      2.23421      1.25029   0.00246421     0.524176     0.607929  4.41198e-13  3.44621e-13     0.399724     0.326080  6.93152e-13  0.000923382       0
      9.16129     0.500000     0.632146  3.22899e-13   0.00214708     0.526355     0.544179   0.00200598      1.18232      1.44251   0.00201436     0.557662     0.660190  3.97934e-13  3.00364e-13     0.501458     0.394123  4.75012e-13  0.000616117       0
      9.16129     0.583333     0.673878  2.90264e-13   0.00287325     0.372688    0.0996127   0.00246121      1.05167      1.51515   0.00261824     0.689898     0.725300  2.79118e-13  2.56783e-13     0.412265     0.334441  6.58366e-13   0.00166789       0
      9.16129     0.666667     0.686864  2.81176e-13   0.00182794     0.514944     0.246072   0.00114485      4.24287      1.16237   0.00112113     0.651479     0.692386  3.07087e-13  2.77448e-13     0.448499     0.359064  5.72128e-13   0.00102064       0
      9.16129     0.750000     0.508773  4.63684e-13   0.00473080     0.468149      3.22656   0.00471650     0.488773      1.66917   0.00471735     0.448509     0.549681  5.72108e-13  4.07610e-13     0.486944     0.383966  4.98843e-13  0.000651842       0
      9.16129     0.833333     0.390566  7.20452e-13    0.0121765     0.333223      4.01367    0.0118726     0.340566      1.67542    0.0118673     0.322106     0.444531  9.93338e-13  5.80665e-13     0.433776     0.348915  6.04858e-13  0.000816140       0
      9.16129     0.916667     0.758755  2.38192e-13   0.00218922     0.629732     0.569101   0.00213099      1.20349      1.49723   0.00214129     0.652318     0.823579  3.06429e-13  2.07772e-13     0.571961     0.439206  3.81492e-13   0.00115055       0
      9.16129      1.00000     0.838869  2.01498e-13   0.00258535     0.760433      4.94922   0.00255446     0.855119      1.63417   0.00255540     0.701276     0.919509  2.71611e-13  1.72916e-13     0.971056     0.685121  1.57890e-13  0.000270483       0
      9.16129      1.08333      1.02008  1.45448e-13  0.000988764     0.829512     0.430916  0.000871141      2.47148      1.39868  0.000871784     0.921382      1.03950  1.72331e-13  1.40947e-13     0.750421     0.551774  2.42617e-13  0.000370638       0
      9.16129      1.16667     0.791543  2.21976e-13   0.00172372     0.434402    0.0942795   0.00127212      4.99329      1.16591   0.00129266     0.739399     0.785065  2.48675e-13  2.25036e-13     0.500219     0.393009  4.76974e-13  0.000704892       0
      9.16129      1.25000     0.265710  1.36904e-12    0.0763745     0.152267      6.19586    0.0674256     0.151584      1.67898    0.0672925     0.147659     0.258616  3.64472e-12  1.43220e-12     0.596122     0.453953  3.56072e-13   0.00123343       0
      9.16129      1.33333     0.781595  2.26704e-13   0.00161451     0.779289      1.19629   0.00114516      6.59195      1.11734   0.00101669     0.728659     0.845510  2.54813e-13  1.98868e-13     0.486445     0.383357  4.99697e-13  0.000971126       0
      9.16129      1.41667      1.29126  9.81907e-14  0.000692236     0.996617     0.332107  0.000619579      1.29376      1.68542  0.000648773      1.16657      1.31460  1.16299e-13  9.53029e-14      1.50448      1.04038  7.61115e-14  0.000292740       0
      9.16129      1.50000     0.922497  1.71984e-13   0.00186602     0.872497      3.12500   0.00186839     0.937497      1.65667   0.00186906     0.798026     0.928019  2.18978e-13  1.70282e-13      1.05842     0.754721  1.36773e-13  0.000841507       0
      9.16129      1.58333     0.515362  4.53845e-13   0.00674899     0.459190      3.91309   0.00666686     0.465362      1.67542   0.00666108     0.427756     0.590520  6.19110e-13  3.61719e-13     0.504707     0.396552  4.69927e-13  0.000995735       0
      9.16129      1.66667     0.582637  3.69913e-13   0.00289110     0.507894     0.743649   0.00278924     0.595136      1.66792   0.00283980     0.533811     0.563310  4.28006e-13  3.91306e-13     0.462769     0.366541  5.43028e-13   0.00110721       0
      9.16129      1.75000     0.891265  1.82145e-13   0.00172640     0.731859     0.377201   0.00154261      2.12781      1.39904   0.00155722     0.891111     0.924881  1.82198e-13  1.71245e-13      1.00582     0.748690  1.48900e-13   0.00152172       0
      9.16129      1.83333     0.176724  2.70150e-12    0.0606670     0.134927      3.15820    0.0555125     0.138911      1.67190    0.0551890     0.152223     0.209581  3.46442e-12  2.03318e-12     0.822629     0.590784  2.08172e-13   0.00188523       0
      9.16129      1.91667     0.226342  1.78850e-12    0.0456223     0.168997      4.01367    0.0420032     0.172513      1.67396    0.0418822     0.173153     0.269690  2.79497e-12  1.33553e-12      1.10362     0.760849  1.27564e-13  0.000717799       0
      9.16129      2.00000     0.408943  6.67304e-13    0.0198457     0.305357      5.49485    0.0186864     0.308515      1.67859    0.0186765     0.287257     0.440624  1.20220e-12  5.89272e-13     0.514626     0.402758  4.54928e-13  0.000967309       0
      9.16129      2.08333     0.794825  2.20450e-13   0.00157322     0.498087     0.130839  0.000982679      7.56056      1.09719  0.000976252     0.758157     0.742439  2.38505e-13  2.46979e-13     0.488370     0.384744  4.96419e-13  0.000657673       0
      9.16129      2.16667     0.504499  4.70250e-13    0.0120131     0.386997      6.71875    0.0112725     0.386682      1.68127    0.0112655     0.371243     0.539521  7.84030e-13  4.20483e-13     0.824258     0.595463  2.07487e-13  0.000334669       0
      9.16129      2.25000     0.866175  1.91023e-13   0.00386411     0.720393      7.77539   0.00369750     0.903049      1.58543   0.00370795     0.675941     0.957988  2.88789e-13  1.61496e-13      1.40232     0.926961  8.55762e-14  0.000207207       0
      9.16129      2.33333     0.531223  4.31487e-13   0.00364425     0.492473      3.04688   0.00363253     0.511223      1.66917   0.00364805     0.480165     0.486718  5.10636e-13  4.99229e-13     0.586224     0.459348  3.66148e-13  0.000918784       0
      9.16129      2.41667     0.218813  1.89223e-12    0.0444032     0.167407      3.72070    0.0406471     0.171005      1.67298    0.0404519     0.170746     0.263446  2.86095e-12  1.38871e-12     0.797533     0.580197  2.19204e-13  0.000927993       0
      9.16129      2.50000     0.246191  1.55468e-12    0.0792139     0.146191      5.43750    0.0702574     0.146191      1.67980    0.0701082     0.141733     0.247462  3.90219e-12  1.54139e-12     0.928163     0.652974  1.70237e-13   0.00103156       0
      9.16129      2.58333     0.486455  4.99679e-13    0.0123462     0.378438      6.11292    0.0115935     0.383052      1.67740    0.0115883     0.363707     0.546619  8.11291e-13  4.11422e-13     0.978034     0.686364  1.56017e-13  0.000644364       0
      9.16129      2.66667     0.987738  1.53471e-13   0.00132964     0.542794    0.0889658  0.000962677      12.8883      1.06763  0.000955213     0.967071     0.939193  1.58976e-13  1.66918e-13     0.597090     0.455416  3.55110e-13  0.000906420       0
      9.16129      2.75000     0.877081  1.87081e-13   0.00135294     0.739913     0.580070   0.00126126      2.09775      1.38815   0.00125939     0.792465     0.851211  2.21545e-13  1.96653e-13     0.660750     0.496298  2.99939e-13  0.000439722       0
      9.16129      2.83333     0.867228  1.90637e-13   0.00302483     0.772231      5.06250   0.00299647     0.880981      1.62417   0.00299618     0.704253     0.992798  2.69700e-13  1.52169e-13     0.814785     0.589014  2.11523e-13  0.000366257       0
      9.16129      2.91667     0.668914  2.93863e-13   0.00228393     0.353467    0.0837584   0.00148919      6.22929      1.08388   0.00151262     0.611216     0.615883  3.41537e-13  3.37235e-13     0.385341     0.316153  7.36807e-13   0.00115714       0
      9.16129      3.00000     0.372542  7.79477e-13    0.0163343     0.294417      4.53906    0.0152075     0.297542      1.67979    0.0151731     0.303476     0.414034  1.09704e-12  6.53687e-13     0.979213     0.686471  1.55704e-13  0.000780552       0
      9.16129      3.08333     0.828502  2.05719e-13   0.00136486     0.555029     0.170498   0.00103324      2.91284      1.29704   0.00103880     0.785039     0.835882  2.25049e-13  2.02700e-13     0.588617     0.449820  3.63670e-13  0.000851488       0
      9.16129      3.16667     0.674130  2.90083e-13   0.00386053     0.618817      3.59766   0.00385653     0.644130      1.66792   0.00385329     0.573760     0.700193  3.79500e-13  2.72311e-13     0.676923     0.506076  2.88091e-13   0.00101612       0
      9.16129      3.25000     0.613482  3.39437e-13   0.00277962     0.456273     0.272332   0.00243375      1.99742      1.28975   0.00242952     0.594045     0.625738  3.58148e-13  3.28429e-13     0.411247     0.333534  6.61085e-13   0.00179507       0
      9.16129      3.33333     0.951461  1.63347e-13   0.00252857     0.855209      5.14062   0.00251106     0.968804      1.62761   0.00251068     0.831049      1.01632  2.04669e-13  1.46346e-13      1.11571     0.770675  1.25268e-13  0.000523649       0
      9.16129      3.41667     0.516374  4.52365e-13   0.00529599     0.471999      3.18750   0.00528093     0.488678      1.66920   0.00528819     0.436078     0.548137  5.99546e-13  4.09525e-13     0.463112     0.368999  5.42357e-13   0.00103583       0
      9.16129      3.50000     0.551451  4.05432e-13   0.00739917     0.466453      5.06250   0.00711975     0.466141      1.67710   0.00709871     0.459663     0.645678  5.49157e-13  3.11699e-13     0.632702     0.466453  3.22426e-13   0.00219865       0
      9.16129      3.58333     0.516907  4.51588e-13   0.00837918     0.437844      4.76953   0.00812209     0.435813      1.67911   0.00810529     0.411764     0.602261  6.59703e-13  3.50043e-13     0.582663     0.443723  3.69885e-13   0.00152948       0
      9.16129      3.66667     0.600248  3.52001e-13   0.00220146     0.523737     0.695662   0.00204644      1.05228      1.46548   0.00204423     0.579212     0.619827  3.73565e-13  3.33666e-13     0.497150     0.389484  4.81893e-13  0.000864388       0
      9.16129      3.75000     0.248882  1.52676e-12    0.0366833     0.188883      4.25000    0.0336232     0.198883      1.67542    0.0337491     0.188683     0.284807  2.42219e-12  1.21949e-12     0.633168     0.476498  3.22031e-13  0.000967194       0
      9.16129      3.83333     0.536847  4.23980e-13   0.00812906     0.451847      5.06250   0.00789346     0.457159      1.67562   0.00788404     0.447960     0.581903  5.73276e-13  3.70690e-13     0.605273     0.454508  3.47145e-13   0.00104325       0
      9.16129      3.91667     0.196096  2.27151e-12    0.0660182     0.141443      3.77936    0.0602012     0.144006      1.67544    0.0599827     0.144629     0.243343  3.77283e-12  1.58513e-12     0.656789     0.490333  3.02960e-13   0.00108926       0
      9.16129      4.00000      1.02520  1.44239e-13   0.00120407     0.813441     0.338456   0.00106743      3.19632      1.33897   0.00106690     0.903225      1.05826  1.78143e-13  1.36806e-13      1.16895     0.851176  1.15906e-13  0.000735724       0
      9.16129      4.08333     0.783876  2.25606e-13   0.00104645     0.754500      2.14844   0.00101052     0.983468      1.58721   0.00100831     0.753570     0.750432  2.40929e-13  2.42611e-13     0.901995     0.650750  1.78548e-13  0.000658964       0
      9.16129      4.16667     0.805132  2.15766e-13   0.00282802     0.730132      3.93750   0.00280838     0.744448      1.67484   0.00280560     0.683768     0.799623  2.83301e-13  2.18250e-13     0.928614     0.662152  1.70100e-13  0.000362035       0
      9.16129      4.25000     0.738616  2.49114e-13   0.00406271     0.643616      5.06250   0.00398468     0.653616      1.67355   0.00397965     0.585199     0.827415  3.67218e-13  2.06169e-13     0.862522     0.615705  1.92373e-13  0.000545587       0
      9.16129      4.33333     0.607355  3.45163e-13   0.00263541     0.501208     0.461555   0.00241416      1.55549      1.35095   0.00241340     0.557116     0.631756  3.98584e-13  3.23231e-13     0.441429     0.353079  5.87483e-13  0.000761248       0
      9.16129      4.41667     0.737982  2.49470e-13   0.00222078     0.684542      4.13672   0.00221403     0.707982      1.66792   0.00220833     0.663386     0.751520  2.97956e-13  2.42025e-13     0.853683     0.613954  1.95705e-13  0.000785431       0
      9.16129      4.50000     0.366086  8.02522e-13    0.0549419     0.190083      8.69338    0.0474255     0.187573      1.68665    0.0473795     0.182608     0.334944  2.55798e-12  9.30699e-13      1.25825     0.841319  1.02522e-13  0.000699397       0
      9.16129      4.58333     0.425550  6.24470e-13    0.0146387     0.333363      5.24609    0.0138472     0.340238      1.67710    0.0138439     0.317780     0.465510  1.01598e-12  5.37709e-13     0.626917     0.474834  3.27400e-13  0.000500925       0
      9.16129      4.66667     0.129861  4.51472e-12     0.145849    0.0898612      3.37500     0.131582    0.0923611      1.67323     0.131072    0.0936365     0.158648  7.78671e-12  3.23373e-12     0.576343     0.440947  3.76670e-13   0.00206150       0
      9.16129      4.75000     0.666937  2.95317e-13   0.00198903     0.389432     0.106463   0.00123027      4.42701      1.14760   0.00124400     0.622540     0.675197  3.31246e-13  2.89320e-13     0.420296     0.339522  6.37533e-13  0.000756627       0
      9.16129      4.83333     0.809010  2.14045e-13   0.00134649     0.522714     0.146694  0.000869457      4.67327      1.18904  0.000874981     0.754200     0.808971  2.40594e-13  2.14062e-13     0.523087     0.407838  4.42730e-13  0.000612529       0
      9.16129      4.91667     0.799937  2.18107e-13   0.00247674     0.612231     0.296945   0.00224680      3.99014      1.20996   0.00223648     0.752014     0.806170  2.41761e-13  2.15304e-13     0.479728     0.378938  5.11412e-13   0.00137252       0
      9.16129      5.00000     0.748284  2.43773e-13   0.00301517     0.746721      1.17969   0.00270359      8.42844      1.06174   0.00263312     0.743665     0.806212  2.46301e-13  2.15285e-13     0.825781     0.656408  2.06850e-13   0.00287362       0
      9.16129      5.08333     0.756823  2.39206e-13   0.00151466     0.483527     0.137277  0.000941568      4.67483      1.17278  0.000938557     0.748294     0.750872  2.43767e-13  2.42374e-13     0.501189     0.393141  4.75437e-13  0.000812658       0
      9.16129      5.16667     0.556280  3.99583e-13   0.00639243     0.489639      4.03223   0.00632071     0.503155      1.67097   0.00632062     0.450572     0.622796  5.67748e-13  3.31019e-13     0.529675     0.413049  4.33591e-13  0.000603526       0
      9.16129      5.25000      1.12213  1.24077e-13   0.00119473     0.579408    0.0788736  0.000890793      18.1338      1.04491  0.000882729      1.07214      1.07405  1.33868e-13  1.33471e-13     0.625832     0.472845  3.28347e-13  0.000771036       0
      9.16129      5.33333     0.678553  2.86939e-13   0.00339341     0.639804      3.04688   0.00339256     0.668553      1.66917   0.00339818     0.577868     0.699832  3.75014e-13  2.72545e-13     0.564835     0.434642  3.89547e-13  0.000624993       0
      9.16129      5.41667     0.830157  2.05035e-13   0.00193307     0.465488    0.0971429   0.00152226      9.10874      1.07509   0.00151969     0.779629     0.826552  2.27658e-13  2.06528e-13     0.488969     0.385360  4.95405e-13  0.000995850       0
      9.16129      5.50000      2.22741  3.95757e-14  0.000358677      2.17741      3.12500  0.000354072      2.22741      1.67167  0.000355935      1.87820      2.38590  5.25847e-14  3.52919e-14      2.69479      1.68640  2.88107e-14  0.000179193       0
      9.16129      5.58333      2.27293  3.82635e-14  0.000547032      2.19793      3.93750  0.000545804      2.28043      1.66417  0.000547939      1.84101      2.30561  5.43669e-14  3.73640e-14      2.70244      1.76453  2.86749e-14  0.000430128       0
      9.16129      5.66667      3.00874  2.39767e-14   0.00144448      2.93374      3.93750   0.00144351      3.01874      1.66667   0.00144414      2.56917      3.09467  3.11967e-14  2.28774e-14      3.70008      2.20596  1.69854e-14   0.00155017       0
      9.16129      5.75000      2.35448  3.60804e-14  0.000362790      2.31948      2.68750  0.000352764      2.36948      1.67417  0.000355634      2.11711      2.44898  4.30714e-14  3.37898e-14      2.84006      1.79456  2.63966e-14  0.000234065       0
      9.16129      5.83333      2.10835  4.33703e-14  0.000714132      1.92756      9.21289  0.000718652      2.12585      1.64167  0.000717467      1.69857      2.22673  6.21763e-14  3.95957e-14      2.58332      1.56252  3.09124e-14  0.000526513       0
      9.16129      5.91667      2.75877  2.77058e-14  0.000246341      2.72877      2.37500  0.000233958      2.76377      1.67917  0.000236500      2.47676      2.53715  3.31605e-14  3.18555e-14      3.34213      2.05297  2.01244e-14  0.000194344       0
      9.16129      6.00000      2.28885  3.78209e-14   0.00132392      2.24885      2.50000   0.00131686      2.29386      1.67917   0.00131683      2.17847      2.26313  4.10686e-14  3.85401e-14      2.72668      1.77051  2.82513e-14   0.00139879       0
      9.16129      6.08333      3.73600  1.67141e-14  0.000477475      3.63100      5.31250  0.000477842      3.73600      1.66667  0.000477475      3.68481      3.58629  1.71029e-14  1.78932e-14      4.63012      2.70201  1.16890e-14  0.000470448       0
      9.16129      6.16667      1.94935  4.94251e-14  0.000502297      1.91935      2.37500  0.000484696      1.96185      1.67792  0.000487911      1.65778      1.89127  6.47466e-14  5.19804e-14      2.31305      1.52272  3.71639e-14  0.000364099       0
      9.16129      6.25000      2.34409  3.63473e-14  0.000362541      2.23869      6.04395  0.000364879      2.35159      1.65917  0.000364077      1.90559      2.30298  5.13310e-14  3.74350e-14      2.86071      1.72243  2.60799e-14  0.000201198       0
      9.16129      6.33333      2.77998  2.73543e-14  0.000234726      2.72998      3.12500  0.000229377      2.79498      1.67417  0.000228735      2.53887      2.61234  3.18196e-14  3.03422e-14      3.39884      2.04239  1.95680e-14  0.000196252       0
      9.16129      6.41667      3.39651  1.95902e-14  0.000245874      3.31151      5.06250  0.000245653      3.39901      1.66417  0.000246672      2.95109      3.13156  2.47624e-14  2.24300e-14      4.16259      2.47418  1.39580e-14  0.000185956       0
      9.16129      6.50000      3.50342  1.86041e-14   0.00109133      3.48342      1.75000   0.00108455      3.50592      1.68542   0.00108562      3.25992      3.46159  2.09774e-14  1.89803e-14      4.19467      2.70058  1.37805e-14   0.00114344       0
      9.16129      6.58333      3.21667  2.14496e-14  0.000407104      3.09918      6.71875  0.000409255      3.22667      1.66167  0.000408623      2.74408      3.63972  2.79534e-14  1.74575e-14      3.95950      2.32964  1.51715e-14  0.000376820       0
      9.16129      6.66667      2.52718  3.20652e-14  0.000366213      2.44218      5.06250  0.000366609      2.53718      1.66167  0.000367646      1.99339      2.28842  4.76186e-14  3.78328e-14      3.02928      1.91572  2.37063e-14  0.000205326       0
      9.16129      6.75000      3.11196  2.26659e-14  0.000239532      3.05195      3.50000  0.000236446      3.11946      1.66917  0.000238046      2.76059      2.83829  2.76754e-14  2.64241e-14      3.80335      2.30927  1.62238e-14  0.000178588       0
      9.16129      6.83333      3.98941  1.49824e-14  0.000702316      3.90442      5.06250  0.000701940      3.99941      1.66667  0.000702134      3.31798      4.08908  2.03691e-14  1.43787e-14      4.93428      2.89958  1.05129e-14  0.000742995       0
      9.16129      6.91667      3.03002  2.36967e-14  0.000719907      2.95501      3.93750  0.000718939      3.04002      1.66667  0.000719541      2.89964      2.93693  2.54990e-14  2.49616e-14      3.68416      2.25468  1.71080e-14  0.000720240       0
      9.16129      7.00000      4.65538  1.15834e-14  0.000554976      4.42665      10.2344  0.000557188      4.65788      1.65167  0.000558085      3.78257      4.03028  1.63726e-14  1.47300e-14      5.50280      3.65778  8.76576e-15  0.000499337       0
      9.16129      7.08333      3.50715  1.85712e-14  0.000778018      3.45715      3.12500  0.000774858      3.50715      1.67167  0.000776262      3.11146      3.24566  2.26720e-14  2.11312e-14      4.26880      2.59301  1.33840e-14  0.000851022       0
      9.16129      7.16667      4.03900  1.46770e-14  0.000249683      3.87650      7.78125  0.000251399      4.05400      1.65667  0.000251990      3.27815      4.04750  2.07833e-14  1.46257e-14      4.95154      2.98021  1.04519e-14  0.000184910       0
      9.16129      7.25000      3.54782  1.82177e-14  0.000254037      3.53782      1.50000  0.000236956      3.56532      1.68792  0.000240203      3.43135      3.37519  1.92599e-14  1.97970e-14      4.26669      2.68459  1.33950e-14  0.000246948       0
      9.16129      7.33333      3.55912  1.81214e-14  0.000657335      3.44162      6.71875  0.000658456      3.56912      1.66167  0.000658413      2.91170      3.78480  2.53232e-14  1.63565e-14      4.25046      2.75624  1.34804e-14  0.000674292       0
      9.16129      7.41667      4.18414  1.38384e-14  0.000417436      4.02164      7.78125  0.000419122      4.19914      1.65667  0.000419751      3.46826      4.20360  1.89195e-14  1.37318e-14      5.12865      3.09432  9.85728e-15  0.000410754       0
      9.16129      7.50000      3.84700  1.59181e-14  0.000778022      3.61824      10.2344  0.000781197      3.84951      1.65167  0.000781234      3.03387      3.81353  2.36465e-14  1.61516e-14      4.69435      2.84921  1.14236e-14  0.000808672       0
      9.16129      7.58333      3.86725  1.57795e-14  0.000322645      3.76802      5.28711  0.000322751      3.87725      1.66167  0.000323944      3.26272      3.81266  2.09474e-14  1.61578e-14      4.76839      2.82263  1.11295e-14  0.000309227       0
      9.16129      7.66667      3.96139  1.51594e-14  0.000238983      3.79891      7.78125  0.000240620      3.97639      1.65667  0.000240963      3.38611      3.48950  1.96907e-14  1.87279e-14      4.90616      2.87157  1.06135e-14  0.000178818       0
      9.16129      7.75000      3.11027  2.26864e-14  0.000336358      2.96779      7.53125  0.000338737      3.12277      1.65417  0.000339485      2.70515      2.79911  2.86271e-14  2.70435e-14      3.79849      2.30000  1.62584e-14  0.000222520       0
      9.16129      7.83333      2.89933  2.55034e-14  0.000733072      2.73683      7.78125  0.000736924      2.90183      1.65167  0.000737527      2.44980      3.00765  3.37710e-14  2.39911e-14      3.51706      2.16171  1.84840e-14  0.000717620       0
      9.16129      7.91667      2.89568  2.55571e-14  0.000264501      2.81068      5.06250  0.000264890      2.90568      1.66167  0.000265597      2.35106      3.02277  3.61679e-14  2.37915e-14      3.55052      2.13058  1.81946e-14  0.000165238       0
      9.16129      8.00000      2.36487  3.58166e-14  0.000342126      2.24599      6.27881  0.000344130      2.37986      1.65667  0.000343350      1.95832      2.52467  4.90483e-14  3.21185e-14      2.88151      1.74319  2.57670e-14  0.000179477       0
      9.16129      8.08333      2.15698  4.17527e-14   0.00149540      2.07199      5.06250   0.00149762      2.16698      1.66167   0.00149694      1.86992      2.26100  5.29734e-14  3.86007e-14      2.63196      1.61114  2.99661e-14   0.00154566       0
      9.16129      8.16667      3.06946  2.31913e-14  0.000454411      2.95196      6.71875  0.000456696      3.06946      1.66167  0.000456215      2.75950      3.17445  2.76935e-14  2.19271e-14      3.75491      2.26035  1.65741e-14  0.000442340       0
      9.16129      8.25000      2.57596  3.10597e-14  0.000359573      2.41483      8.22119  0.000359323      2.58596      1.65042  0.000358957      2.32142      2.76904  3.69409e-14  2.75347e-14      3.17535      1.87210  2.19167e-14  0.000195337       0
      9.16129      8.33333      4.15327  1.40102e-14  0.000202022      4.02955      6.42188  0.000202820      4.16327      1.66167  0.000203197      3.52718      4.17556  1.83957e-14  1.38858e-14      5.12570      3.00327  9.86673e-15  0.000167400       0
      9.16129      8.41667      4.48629  1.23202e-14  0.000208242      4.25754      10.2344  0.000210476      4.50129      1.65167  0.000211036      3.74000      4.55015  1.66844e-14  1.20333e-14      5.54889      3.23136  8.64475e-15  0.000165000       0
      9.16129      8.50000      4.06543  1.45184e-14  0.000227952      3.74918      14.0781  0.000230731      4.08292      1.64167  0.000231284      3.27259      4.02981  2.08421e-14  1.47329e-14      4.99971      2.96902  1.02846e-14  0.000166596       0
      9.16129      8.58333      3.50386  1.86002e-14  0.000224496      3.45386      3.12500  0.000220212      3.50917      1.67339  0.000221472      3.10678      3.18943  2.27289e-14  2.17557e-14      4.26993      2.58153  1.33781e-14  0.000169050       0
      9.16129      8.66667      4.40683  1.26926e-14  0.000950393      4.28933      6.71875  0.000950801      4.40683      1.66667  0.000950393      3.92578      4.40535  1.53893e-14  1.26997e-14      4.41683      4.40683  1.26448e-14   0.00105620       0
      9.16129      8.75000      2.94305  2.48752e-14  0.000427162      2.78054      7.78125  0.000430135      2.94555      1.65167  0.000430589      2.58422      3.13392  3.08944e-14  2.24018e-14      3.63444      2.14037  1.74998e-14  0.000369859       0
      9.16129      8.83333      4.44140  1.25284e-14  0.000342034      4.27889      7.78125  0.000343006      4.45640      1.65667  0.000343635      3.66594      3.69239  1.72499e-14  1.70444e-14      5.31220      3.41664  9.29619e-15  0.000218201       0
      9.16129      8.91667      2.08177  4.42971e-14  0.000337659      2.05052      2.32812  0.000318494      2.08677      1.67917  0.000323339      1.83622      2.03397  5.46035e-14  4.60456e-14      2.49623      1.59644  3.27307e-14  0.000184011       0
      9.16129      9.00000      1.29736  9.74236e-14  0.000646383      1.00437     0.318067  0.000546879      4.43204      1.32920  0.000547123      1.18797      1.31435  1.12829e-13  9.53333e-14     0.982016     0.689092  1.54964e-13  0.000234665       0
      9.16129      9.08333      3.95815  1.51801e-14  0.000325866      3.68688      13.0156  0.000329647      3.96065      1.65167  0.000328743      3.69505      3.95363  1.70240e-14  1.52090e-14      4.90279      2.86821  1.06257e-14  0.000256689       0
      9.16129      9.16667      5.05889  1.00849e-14  0.000681485      4.57841      21.0703  0.000685514      5.07640      1.64167  0.000685023      4.04879      4.90901  1.46180e-14  1.06032e-14      5.06889      5.05889  1.00517e-14  0.000742686       0
      9.16129      9.25000      3.78768  1.63358e-14  0.000216965      3.69642      4.76562  0.000216484      3.79518      1.66417  0.000217519      3.33144      3.70163  2.02321e-14  1.69736e-14      4.67006      2.76060  1.15228e-14  0.000164918       0
      9.16129      9.33333      2.57704  3.10379e-14  0.000303274      2.49892      4.53906  0.000303521      2.58704      1.66667  0.000302757      2.10346      2.55260  4.35384e-14  3.15349e-14      3.15015      1.88708  2.22098e-14  0.000204529       0
      9.16129      9.41667      2.66105  2.94222e-14  0.000620863      2.20996      20.7090  0.000597039      2.67416      1.60792  0.000598272      2.21001      2.93803  4.00962e-14  2.49461e-14      3.29681      1.91955  2.05876e-14  0.000169238       0
      9.16129      9.50000      2.14736  4.20649e-14  0.000648207      1.93956      9.62891  0.000644654      2.16861      1.63417  0.000644633      1.69735      2.10944  6.22506e-14  4.33329e-14      2.61097      1.60541  3.03688e-14  0.000193813       0
      9.16129      9.58361      3.37723  1.97771e-14  0.000220825      3.22097      8.07812  0.000222936      3.38473      1.65917  0.000222064      3.03074      3.36188  2.36872e-14  1.99278e-14      4.17418      2.43538  1.38935e-14  0.000169346       0
      9.16129      9.66667      3.35528  1.99932e-14  0.000367356      3.33528      2.25000  0.000357152      3.36028      1.67917  0.000360301      3.30598      3.42829  2.04925e-14  1.92886e-14      4.01803      2.57078  1.48049e-14  0.000327129       0
      9.16129      9.75000      2.79072  2.71790e-14  0.000436292      2.68166      5.51953  0.000437289      2.79822      1.65917  0.000438979      2.27991      2.77833  3.80686e-14  2.73815e-14      3.29278      2.17923  2.06296e-14  0.000211354       0
      9.16129      9.83333      2.11529  4.31332e-14  0.000433087      1.40059     0.186177  0.000402011      2.13029      1.67917  0.000417733      1.82564      2.14828  5.51320e-14  4.20349e-14      2.51065      1.64512  3.24180e-14  0.000243083       0
      9.16129      9.91667      1.71088  6.14323e-14  0.000864841      1.60588      5.31250  0.000870122      1.72229      1.65323  0.000870771      1.32855      1.74720  9.36407e-14  5.93185e-14      2.00735      1.37964  4.70679e-14  0.000395045       0
      9.16129      10.0000      2.29544  3.76401e-14   0.00107936      2.13294      7.78125   0.00108655      2.29794      1.65167   0.00108468      1.86660      2.50396  5.31303e-14  3.25625e-14      2.79327      1.69730  2.71378e-14   0.00100681       0
      9.16129      10.0833      5.62663  8.44659e-15  0.000300588      5.39788      10.2344  0.000301935      5.63163      1.66167  0.000301350      4.77179      4.90157  1.11163e-14  1.06301e-14      6.78487      4.24402  6.18292e-15  0.000272817       0
      9.16129      10.1667      4.49400  1.22850e-14  0.000165000      4.37646      6.71875  0.000165585      4.49400      1.66667  0.000165000      4.29830      4.23883  1.32313e-14  1.35421e-14      5.59634      3.18369  8.52292e-15  0.000159619       0
      9.16129      10.2500      1.16810  1.16046e-13   0.00212814     0.996806      8.60706   0.00211108      1.19122      1.60792   0.00210566     0.802317      1.24802  2.17029e-13  1.03926e-13      1.34943     0.946544  9.12382e-14  0.000466535       0
      9.16129      10.3333      2.00490  4.71639e-14  0.000322180      1.62054     0.377813  0.000271426      7.38441      1.33659  0.000271456      1.87807      1.92512  5.25908e-14  5.04663e-14      2.37720      1.54471  3.55074e-14  0.000271145       0
      9.16129      10.4167      2.65604  2.95146e-14  0.000226944      1.88905     0.214098  0.000183358      2.67792      1.68886  0.000196117      2.54963      2.48294  3.15961e-14  3.30232e-14      3.19490      2.00437  2.16937e-14  0.000206566       0
      9.16129      10.5000      2.57001  3.11796e-14  0.000344610      2.48501      5.06250  0.000345020      2.57751      1.66542  0.000344739      2.16425      2.14834  4.15192e-14  4.20332e-14      3.11494      1.90785  2.26297e-14  0.000218679       0
      9.16129      10.5833      1.88099  5.24548e-14  0.000669788      1.78849      4.90625  0.000673254      1.89599      1.65667  0.000674829      1.42975      2.05725  8.28572e-14  4.51804e-14      2.22421      1.49069  3.96706e-14  0.000401770       0
      9.16129      10.6667      1.55990  7.16587e-14  0.000988772      1.48490      3.93750  0.000989227      1.57490      1.65167  0.000999216      1.50292      1.54277  7.62438e-14  7.29891e-14      1.80342      1.25833  5.62686e-14  0.000579087       0
      9.16129      10.7500      4.12775  1.41549e-14  0.000352826      3.85651      13.0156  0.000355519      4.13025      1.65167  0.000355031      3.51899      3.57278  1.84671e-14  1.80061e-14      5.07227      3.03794  1.00406e-14  0.000291085       0
      9.16129      10.8333      1.83539  5.46446e-14  0.000997349     0.640888    0.0464289  0.000922327      1.84539      1.67167  0.000988114      1.49045      1.45380  7.73098e-14  8.05854e-14      2.07892      1.53382  4.43982e-14  0.000766076       0
      9.16129      10.9167      3.30692  2.04828e-14  0.000196844      3.23192      3.93750  0.000195338      3.30692      1.67167  0.000194849      3.02356      2.95551  2.37811e-14  2.47006e-14      4.07767      2.40446  1.44458e-14  0.000167360       0
      9.16129      11.0000      1.11247  1.25877e-13   0.00193999     0.452260    0.0620223   0.00177560      9.99959      1.10621   0.00181464     0.956010      1.18111  1.62053e-13  1.13922e-13     0.530516     0.411295  4.32446e-13   0.00121150       0
      9.16129      11.0833      2.22805  3.95569e-14  0.000399994      1.28480     0.119396  0.000364129      2.24304      1.67917  0.000384387      1.88079      2.24699  5.24643e-14  3.90027e-14      2.65645      1.72322  2.95071e-14  0.000243262       0
      9.16129      11.1667      1.57436  7.05651e-14   0.00126868      1.43185      7.03125   0.00128403      1.60061      1.62917   0.00128877      1.06233      1.60740  1.35934e-13  6.81641e-14      1.79582      1.31295  5.66661e-14  0.000640437       0
      9.16129      11.2500      1.49953  7.65307e-14  0.000642849      1.20320     0.468336  0.000616397      1.50953      1.67167  0.000634094      1.34945      1.45888  9.12365e-14  8.01177e-14      1.15528     0.790982  1.18200e-13  0.000238572       0
      9.16129      11.3333      2.27649  3.81640e-14   0.00131101      2.15898      6.71875   0.00131587      2.27898      1.65167   0.00131807      1.94533      1.67961  4.95953e-14  6.33501e-14      2.67788      1.79589  2.91146e-14   0.00135109       0
      9.16129      11.4167      1.06594  1.35168e-13   0.00106700      1.00735      3.65430   0.00106350      1.07844      1.65542   0.00107044     0.955950      1.05133  1.62070e-13  1.38314e-13     0.926280     0.659314  1.70815e-13  0.000326174       0
      9.16129      11.5000      1.65994  6.46065e-14  0.000615490      1.60994      3.12500  0.000605701      1.66994      1.66667  0.000613315      1.33208      1.64830  9.32277e-14  6.53685e-14      1.95638      1.32868  4.91292e-14  0.000293817       0
      9.16129      11.5833      2.33172  3.66692e-14  0.000256298      1.74924     0.285131  0.000219079      2.34297      1.68354  0.000233209      2.21360      2.13526  3.99881e-14  4.24629e-14      2.78567      1.79880  2.72613e-14  0.000214719       0
      9.16129      11.6667      1.22150  1.07715e-13   0.00106026     0.777770     0.183027   0.00101161      1.75444      1.54068   0.00104047     0.999453      1.14806  1.50485e-13  1.19441e-13      1.39246      1.00646  8.65879e-14  0.000714131       0
      9.16129      11.7500      1.69753  6.22395e-14  0.000744211      1.58003      6.21875  0.000745547      1.71253      1.64542  0.000746382      1.31903      1.76939  9.47705e-14  5.80840e-14      2.02429      1.30885  4.64133e-14  0.000235995       0
      9.16129      11.8333      1.85286  5.37888e-14  0.000501583      1.21101     0.181219  0.000466736      1.86786      1.67417  0.000489891      1.69898      1.68895  6.21509e-14  6.27676e-14      2.18178      1.46725  4.09649e-14  0.000270439       0
      9.16129      11.9167      4.35736  1.29337e-14  0.000194093      4.32735      2.37500  0.000187002      4.37236      1.67417  0.000190436      3.74872      3.63694  1.66197e-14  1.74798e-14      5.20457      3.35964  9.61880e-15  0.000173610       0
      9.16129      12.0000      1.19635  1.11514e-13   0.00155130      1.07885      6.71875   0.00153378      1.21370      1.62761   0.00153409     0.981759      1.24143  1.55032e-13  1.04847e-13      1.39374     0.959975  8.64555e-14  0.000343190       0
      9.16129      12.0833      1.35118  9.10417e-14  0.000874040      1.25618      5.06250  0.000872486      1.37211      1.64355  0.000874206      1.17495      1.31303  1.14920e-13  9.54934e-14      1.59837      1.06828  6.88073e-14  0.000262275       0
      9.16129      12.1667      2.20238  4.03281e-14  0.000561939      2.10453      5.72705  0.000563275      2.21488      1.65417  0.000564801      2.14799      2.18708  4.20444e-14  4.07994e-14      2.63190      1.69397  2.99671e-14  0.000204904       0
      9.16129      12.2500      1.61682  6.75033e-14  0.000668213      1.52183      5.06250  0.000672407      1.62821      1.65147  0.000675403      1.24863      1.72019  1.03842e-13  6.08793e-14      1.90788      1.27374  5.12283e-14  0.000256836       0
      9.16129      12.3333      2.56884  3.12034e-14  0.000195950      2.50384      3.93750  0.000194830      2.57821      1.66854  0.000194449      2.29732      2.47874  3.75889e-14  3.31165e-14      3.15533      1.87251  2.21491e-14  0.000188416       0
      9.16129      12.4167      2.24400  3.90894e-14  0.000331140      2.21900      2.06250  0.000306807      2.25650      1.67667  0.000318075      1.94067      1.93694  4.97939e-14  4.99538e-14      2.65517      1.75498  2.95308e-14  0.000232730       0
      9.16129      12.5000      2.22165  3.97469e-14  0.000412406      2.16103      3.57031  0.000408177      2.22915      1.67042  0.000409461      1.91869      2.23186  5.07484e-14  3.94442e-14      2.65727      1.69944  2.94920e-14  0.000202140       0
      9.16129      12.5833      2.59330  3.07144e-14  0.000880628      2.36455      10.2344  0.000885027      2.61080      1.64167  0.000884163      2.00643      2.70163  4.71038e-14  2.86893e-14      3.13823      1.93114  2.23505e-14  0.000939978       0
      9.16129      12.6667      2.87259  2.59004e-14  0.000461135      2.83759      2.68750  0.000452347      2.88759      1.67417  0.000455619      2.29179      2.78932  3.77402e-14  2.72018e-14      3.47313      2.16788  1.88753e-14  0.000426922       0
      9.16129      12.7500      3.39908  1.95656e-14  0.000254901      3.32408      3.93750  0.000253837      3.40908      1.66667  0.000254646      3.00763      2.95335  2.39914e-14  2.47308e-14      4.16509      2.47680  1.39440e-14  0.000159377       0
      9.16129      12.8333      4.19350  1.37870e-14  0.000211621      4.10847      5.06250  0.000211172      4.19350      1.66667  0.000211621      3.66775      3.60396  1.72357e-14  1.77472e-14      5.14659      3.06968  9.80007e-15  0.000164574       0
      9.16129      12.9167      2.41063  3.46905e-14  0.000523030      2.20190      9.98438  0.000524252      2.42400      1.63901  0.000524324      1.75760      2.48812  5.87346e-14  3.29087e-14      2.90759      1.82295  2.53828e-14  0.000184011       0
      9.16129      13.0000      1.05605  1.37284e-13  0.000645051     0.956111      1.07694  0.000603460      1.77720      1.49502  0.000604740      1.03499      1.02108  1.41971e-13  1.45210e-13     0.900958     0.642095  1.78891e-13  0.000335126       0
      9.16129      13.0833      3.59991  1.77805e-14  0.000212960      3.52490      3.93750  0.000211126      3.60741      1.67042  0.000211286      2.86134      3.62197  2.60703e-14  1.76003e-14      4.45114      2.61798  1.24828e-14  0.000187915       0
      9.16129      13.1667      2.62160  3.01637e-14  0.000314025      2.52239      5.28711  0.000314752      2.63598      1.65854  0.000316191      2.26139      2.59862  3.85897e-14  3.06096e-14      3.18162      1.95328  2.18448e-14  0.000184842       0
      9.16129      13.2500      2.89978  2.54969e-14  0.000389224      2.86978      2.87500  0.000381293      2.91478      1.67417  0.000383898      2.53580      3.02751  3.18839e-14  2.37294e-14      3.53098      2.14546  1.83627e-14  0.000367832       0
      9.16129      13.3333      3.88796  1.56396e-14  0.000307551      3.72545      7.78125  0.000309363      3.90296      1.65667  0.000310016      3.33691      3.19411  2.01769e-14  2.17026e-14      4.68133      2.93816  1.14766e-14  0.000319154       0
      9.16129      13.4167      3.30383  2.05148e-14  0.000200202      3.22883      3.93750  0.000198343      3.30633      1.66792  0.000199575      2.85401      2.97276  2.61821e-14  2.44623e-14      4.06909      2.39028  1.44967e-14  0.000160782       0
      9.16129      13.5000      4.14983  1.40296e-14  0.000235790      4.04230      5.59375  0.000235891      4.15983      1.66167  0.000236744      3.74910      3.70162  1.66170e-14  1.69737e-14      5.09430      3.05957  9.96830e-15  0.000165355       0
      9.16129      13.5833      2.18273  4.09351e-14  0.000509585      2.10773      3.93750  0.000508186      2.18273      1.66667  0.000509585      2.18594      1.87848  4.08349e-14  5.25718e-14      2.58413      1.70210  3.08963e-14  0.000239029       0
      9.16129      13.6667      3.50446  1.85949e-14  0.000210965      3.41946      5.06250  0.000210856      3.50446      1.66667  0.000210965      2.97074      3.40622  2.44899e-14  1.94973e-14      4.32280      2.54183  1.31065e-14  0.000158893       0
      9.16129      13.7500      4.42710  1.25959e-14  0.000177983      4.26464      7.78125  0.000179485      4.43460      1.65917  0.000179659      3.91974      3.99879  1.54289e-14  1.49239e-14      5.50202      3.15414  8.76782e-15  0.000174710       0
      9.16129      13.8333      3.73347  1.67330e-14  0.000183077      3.69847      2.68750  0.000176142      3.74847      1.67417  0.000178595      3.42573      3.27738  1.93126e-14  2.07915e-14      4.55566      2.76366  1.20091e-14  0.000176883       0
      9.16129      13.9167      3.82040  1.61033e-14  0.000163779      3.73541      5.06250  0.000163303      3.82290      1.66917  0.000162747      3.40601      3.54245  1.94993e-14  1.82637e-14      4.72796      2.75807  1.12886e-14  0.000160822       0
      9.16129      14.0000      3.15557  2.21462e-14  0.000309268      3.05635      5.28711  0.000309256      3.16557      1.66167  0.000310879      2.46668      2.53109  3.33868e-14  3.19829e-14      3.78519      2.40350  1.63537e-14  0.000183773       0
      9.16129      14.0833      3.23738  2.12214e-14  0.000235494      3.12989      5.59375  0.000236129      3.23738      1.66167  0.000237120      2.58880      3.21428  3.08033e-14  2.14762e-14      3.94599      2.36748  1.52581e-14  0.000154391       0
      9.16129      14.1667      3.95060  1.52285e-14  0.000184790      3.86560      5.06250  0.000183921      3.96060      1.66667  0.000184503      3.32066      3.78572  2.03418e-14  1.63499e-14      4.89519      2.86075  1.06532e-14  0.000163501       0
      9.16129      14.2500      3.28519  2.07091e-14  0.000194413      3.20331      4.46094  0.000193511      3.29519      1.66667  0.000194010      2.99990      3.26118  2.40945e-14  2.09638e-14      4.05054      2.37159  1.46074e-14  0.000173671       0
      9.16129      14.3333      4.46760  1.24062e-14  0.000205281      4.15736      14.8322  0.000207483      4.47510      1.64667  0.000207662      3.57003      4.37500  1.80292e-14  1.28469e-14      5.56999      3.15782  8.59023e-15  0.000155207       0
      9.16129      14.4167      4.36054  1.29180e-14  0.000256755      4.05030      14.8322  0.000258263      4.36803      1.64667  0.000258315      3.73233      3.85146  1.67416e-14  1.58874e-14      5.34276      3.21674  9.20774e-15  0.000164047       0
      9.16129      14.5000      5.13153  9.84808e-15  0.000322952      4.76214      17.5547  0.000324727      5.13902      1.64667  0.000324756      4.05595      4.11336  1.45750e-14  1.42375e-14      6.07606      4.04164  7.43119e-15  0.000195565       0
      9.16129      14.5833      2.86611  2.59980e-14  0.000243836      2.84486      2.09375  0.000225074      2.87611      1.68417  0.000228664      2.51309      2.79315  3.23655e-14  2.71398e-14      3.44278      2.18161  1.91534e-14  0.000199615       0
      9.16129      14.6667      3.22760  2.13286e-14  0.000221129      3.06511      7.78125  0.000223048      3.23260      1.65667  0.000222567      2.63050      3.02685  2.99938e-14  2.37381e-14      3.98888      2.33376  1.49857e-14  0.000179652       0
      9.16129      14.7500      5.81834  7.98785e-15  0.000230306      5.33786      21.0703  0.000233326      5.82585      1.64667  0.000232819      4.65055      4.80167  1.16035e-14  1.10012e-14      6.97732      4.43612  5.90131e-15  0.000213442       0
      9.16129      14.8333      4.58647  1.18749e-14  0.000350999      4.35772      10.2344  0.000352484      4.58897      1.65167  0.000353101      3.90334      3.97943  1.55371e-14  1.50450e-14      5.43369      3.58876  8.95237e-15  0.000293635       0
      9.16129      14.9167      3.74679  1.66340e-14  0.000395460      3.54177      10.5625  0.000397513      3.76179      1.65167  0.000397635      3.42901      3.50549  1.92818e-14  1.85858e-14      4.49393      2.87107  1.22853e-14  0.000324398       0
      9.16129      15.0000      4.41560  1.26506e-14  0.000333605      4.18691      10.2344  0.000335280      4.42654      1.65104  0.000335834      3.70424      3.75134  1.69536e-14  1.66004e-14      5.36054      3.32613  9.15689e-15  0.000260546       0
      9.16129      15.0833      5.31560  9.28629e-15  0.000270419      4.94622      17.5547  0.000272408      5.32310      1.64667  0.000272565      4.31102      4.41870  1.31663e-14  1.26359e-14      6.47441      3.93293  6.68491e-15  0.000201681       0
      9.16129      15.1667      3.03528  2.36283e-14  0.000270842      2.89684      7.32422  0.000272266      3.04028      1.65667  0.000272206      2.65865      3.16855  2.94664e-14  2.19952e-14      3.73570      2.20839  1.67164e-14  0.000154722       0
      9.16129      15.2500      2.98560  2.42871e-14  0.000295935      2.80481      9.21289  0.000296979      2.98810      1.65167  0.000296795      2.67820      3.19543  2.91087e-14  2.16877e-14      3.68613      2.15868  1.70927e-14  0.000150297       0
      9.16129      15.3333      3.81941  1.61102e-14  0.000206041      3.76441      3.68750  0.000203436      3.82941      1.67167  0.000204045      3.27589      3.23854  2.08072e-14  2.12087e-14      4.66309      2.83496  1.15515e-14  0.000157777       0
      9.16129      15.4167      6.29751  7.00080e-15  0.000178032      5.75147      24.7485  0.000181008      6.31500      1.64167  0.000181096      4.90262      5.04759  1.06263e-14  1.01225e-14      7.67967      4.67854  5.02950e-15  0.000148167       0
      9.16129      15.5000      6.17998  7.22411e-15  0.000183521      5.90873      13.0156  0.000184898      6.18498      1.65667  0.000184899      5.11432      5.18851  9.90335e-15  9.66848e-15      7.53678      4.59340  5.18942e-15  0.000148850       0
      9.16129      15.5833      4.13255  1.41275e-14  0.000219562      3.86129      13.0156  0.000221803      4.13505      1.65167  0.000221321      3.31407      3.75036  2.04092e-14  1.66076e-14      5.11504      2.98872  9.90104e-15  0.000150873       0
      9.16129      15.6667      6.48636  6.66440e-15  0.000181892      6.11701      17.5547  0.000183668      6.49949      1.64792  0.000184281      5.10209      5.17491  9.94294e-15  9.71086e-15      7.74610      4.99198  4.95782e-15  0.000153598       0
      9.16129      15.7500      4.59504  1.18380e-14  0.000220329      4.16836      19.1846  0.000222530      4.60418      1.63933  0.000222619      3.76139      4.90255  1.65265e-14  1.06266e-14      5.65119      3.35938  8.38550e-15  0.000150682       0
      9.16129      15.8333      2.58459  3.08871e-14  0.000287383      2.55084      2.23438  0.000273466      2.59709      1.67667  0.000278648      2.26798      2.30782  3.84028e-14  3.73042e-14      3.08762      1.97703  2.29644e-14  0.000188635       0
      9.16129      15.9167      3.09811  2.28350e-14  0.000225580      3.01312      5.06250  0.000225873      3.09811      1.66667  0.000225580      2.72379      2.99500  2.83012e-14  2.41603e-14      3.84171      2.23114  1.59547e-14  0.000165390       0
      9.16129      16.0000      3.38472  1.97042e-14  0.000277924      3.33472      3.12500  0.000273807      3.39472      1.67167  0.000275573      2.88559      3.27919  2.57063e-14  2.07723e-14      4.13609      2.48936  1.41074e-14  0.000227450       0
      9.16129      16.0833      3.94433  1.52688e-14  0.000285675      3.86933      3.93750  0.000283909      3.95433      1.66667  0.000285430      3.35118      3.82732  2.00339e-14  1.60548e-14      4.85700      2.88554  1.07932e-14  0.000271155       0
      9.16129      16.1667      4.08399  1.44086e-14  0.000314431      3.75544      14.6455  0.000316505      4.09149      1.64667  0.000316056      3.51099      3.63872  1.85373e-14  1.74655e-14      4.99120      3.02151  1.03139e-14  0.000188823       0
      9.16129      16.2500      4.90537  1.06164e-14  0.000280187      4.34768      24.2188  0.000282266      4.93161      1.62917  0.000282706      3.48173      4.75729  1.87976e-14  1.11728e-14      5.95180      3.66793  7.69157e-15  0.000184051       0
      9.16129      16.3333      4.95611  1.04358e-14  0.000186305      4.88111      3.93750  0.000184617      4.95611      1.67167  0.000184969      4.12219      4.50883  1.41868e-14  1.22177e-14      6.08185      3.63067  7.41940e-15  0.000179339       0
      9.16129      16.4167      4.10938  1.42605e-14  0.000201300      4.03438      3.93750  0.000199570      4.11938      1.66667  0.000201055      3.48879      4.08794  1.87343e-14  1.43854e-14      5.08676      2.96228  9.99295e-15  0.000174310       0
      9.16129      16.5000      2.48590  3.29576e-14  0.000968943      1.89942      26.4371  0.000919124      2.52014      1.58069  0.000921790      1.63362      2.46721  6.63505e-14  3.33749e-14      3.06663      1.78722  2.32270e-14  0.000177481       0
      9.16129      16.5833      3.64885  1.73847e-14  0.000244883      3.53135      6.71875  0.000245913      3.65885      1.66167  0.000246107      3.06784      3.78889  2.32118e-14  1.63271e-14      4.50004      2.66691  1.22575e-14  0.000178695       0
      9.16129      16.6667      3.06023  2.33080e-14  0.000312224      2.83150      10.2344  0.000312758      3.07524      1.64417  0.000312813      2.44811      3.24632  3.38099e-14  2.11240e-14      3.83211      2.15278  1.60213e-14  0.000192503       0
      9.16129      16.7500      2.29839  3.75597e-14  0.000692675      1.96672      15.7336  0.000674082      2.31714      1.61917  0.000674862      1.66340      2.51395  6.43823e-14  3.23471e-14      2.82444      1.66324  2.66404e-14  0.000219161       0
      9.16129      16.8333      3.62562  1.75708e-14  0.000302216      3.35436      13.0156  0.000304903      3.63312      1.64667  0.000304606      2.85159      3.62015  2.62191e-14  1.76151e-14      4.52679      2.58098  1.21370e-14  0.000219960       0
      9.16129      16.9167      3.71484  1.68731e-14  0.000351356      3.33889      17.0430  0.000352318      3.74109      1.62917  0.000353321      2.74090      3.47214  2.80075e-14  1.88843e-14      4.64130      2.64382  1.16421e-14  0.000229933       0
      9.16129      17.0000      1.27391  1.00430e-13   0.00247726      1.01146      12.1898   0.00232238      1.30043      1.57629   0.00232950     0.914097      1.41358  1.74626e-13  8.44425e-14      1.53122     0.970319  7.39096e-14  0.000306930       0
      9.16129      17.0833      2.77077  2.75061e-14  0.000501297      2.40143      17.5547  0.000491440      2.78452      1.62417  0.000491901      2.01371      3.09471  4.68201e-14  2.28768e-14      3.44861      1.98011  1.90995e-14  0.000210175       0
      9.16129      17.1667      3.00349  2.40465e-14  0.000706590      2.45769      24.7485  0.000692528      3.01662      1.60792  0.000693258      2.17432      3.08395  4.11992e-14  2.30100e-14      3.69484      2.20071  1.70256e-14  0.000198591       0
      9.16129      17.2500      3.76374  1.65093e-14  0.000330395      3.42183      15.6975  0.000330970      3.77718      1.63605  0.000331505      3.28055      3.39781  2.07579e-14  1.95778e-14      4.66495      2.71907  1.15439e-14  0.000176023       0
      9.16129      17.3333      2.50730  3.24902e-14  0.000612726      2.13794      17.5547  0.000594403      2.52605      1.61917  0.000595522      1.86545      2.66640  5.31850e-14  2.93239e-14      3.08865      1.80743  2.29516e-14  0.000200005       0
      9.16129      17.4167      3.08371  2.30129e-14  0.000424023      2.66933      18.6172  0.000417576      3.09746      1.62417  0.000417815      2.30037      3.08656  3.75058e-14  2.29776e-14      3.83862      2.18639  1.59761e-14  0.000175936       0
      9.16129      17.5000      3.27109  2.08581e-14  0.000470400      2.73347      24.5333  0.000458652      3.29194      1.61232  0.000459282      2.29610      3.28812  3.76221e-14  2.06784e-14      4.09545      2.31020  1.43414e-14  0.000157227       0
      9.16129      17.5833      1.67844  6.34236e-14   0.00160100      1.30905      17.5547   0.00149002      1.70411      1.58157   0.00149811      1.13918      1.90917  1.20997e-13  5.11707e-14      3.52794      2.01069  1.83891e-14  0.000166515       0
      9.16129      17.6667      1.50346  7.61975e-14   0.00173265      1.21220      13.7656   0.00162837      1.54034      1.58543   0.00163449      1.10403      1.68352  1.27485e-13  6.31054e-14      3.80295      2.16317  1.62266e-14  0.000168213       0
      9.16129      17.7500      2.51334  3.23600e-14  0.000604096      2.17147      15.6975  0.000585096      2.53210      1.61917  0.000586021      1.88276      2.63042  5.23727e-14  2.99953e-14      3.11386      1.78989  2.26428e-14  0.000158398       0
      9.16129      17.8333      3.30879  2.04636e-14  0.000293418      2.99251      14.0781  0.000292593      3.31793      1.63933  0.000292484      2.59849      3.53973  3.06122e-14  1.82871e-14      4.15269      2.33095  1.40135e-14  0.000158480       0
      9.16129      17.9167    0.0531178  2.00307e-11      3.33764    0.0281177      2.62500      3.24577    0.0293677      1.67261      3.23869    0.0390165    0.0399642  3.34977e-11  3.21843e-11    0.0378052    0.0724928  3.53055e-11     0.389549       0
      9.16129      18.0000    0.0336956  4.27701e-11      9.06952       0       0          NaN       0       0      9.38832    0.0267886    0.0293494  6.26872e-11  5.38390e-11    0.0186956    0.0636956  1.14164e-10      2.01136       0
      9.16129      18.0833     0.255878  1.45783e-12    0.0290053     0.202441      4.13672    0.0265961     0.205878      1.67542    0.0264726     0.207031     0.304525  2.07508e-12  1.09075e-12      1.01005     0.703968  1.47863e-13  0.000691830       0
      9.16129      18.1667     0.140350  3.96651e-12    0.0845188     0.111984      5.77621    0.0773969     0.113006      1.66895    0.0769583     0.114463     0.156830  5.57166e-12  3.29644e-12      3.01476      2.22840  2.38969e-14   0.00100977       0
      9.16129      18.2500     0.329867  9.54696e-13    0.0193909     0.261117      4.09375    0.0179058     0.270687      1.67234    0.0178830     0.264522     0.393161  1.37930e-12  7.12545e-13      1.14200     0.784147  1.20500e-13  0.000366368       0
      9.16129      18.3333     0.152060  3.47060e-12     0.112161     0.104560      3.56250     0.100838     0.108310      1.67386     0.100586     0.107700     0.169940  6.16691e-12  2.88362e-12      2.83280      2.15068  2.65095e-14   0.00160339       0
      9.16129      18.4167     0.140938  3.93896e-12    0.0943785     0.106407      2.94727    0.0861332     0.110606      1.67045    0.0856429     0.110131     0.160075  5.94172e-12  3.18583e-12      2.28647      1.71361  3.78866e-14   0.00160156       0
      9.16129      18.5000     0.173109  2.79616e-12    0.0603147     0.134359      3.09375    0.0555152     0.138256      1.67188    0.0551368     0.138351     0.203739  4.06248e-12  2.13128e-12     0.532135     0.414743  4.30255e-13   0.00130513       0
      9.16129      18.5833     0.218862  1.89152e-12    0.0427187     0.165737      3.72656    0.0391084     0.173237      1.67495    0.0391042     0.169366     0.250499  2.89992e-12  1.51038e-12     0.551137     0.425484  4.05816e-13  0.000977837       0
      9.16129      18.6667     0.185114  2.50052e-12    0.0748415     0.130426      3.77734    0.0675510     0.135114      1.67542    0.0674674     0.133463     0.206558  4.31347e-12  2.08302e-12      1.73443      1.23689  6.00486e-14   0.00167882       0
      9.16129      18.7500      2.28830  3.78361e-14  0.000401311      2.22330      3.68750  0.000398616      2.29830      1.66667  0.000400436      1.83700      2.43027  5.45648e-14  3.42246e-14      2.76169      1.72867  2.76570e-14  0.000240814       0
      9.16129      18.8333      1.25174  1.03413e-13   0.00242159      1.00472      11.6660   0.00229202      1.27611      1.58043   0.00229726     0.870452      1.43398  1.89461e-13  8.24504e-14      1.99754      1.25428  4.74536e-14  0.000234332       0
      9.16129      18.9167      2.72841  2.82215e-14  0.000290799      2.64341      5.06250  0.000291436      2.73091      1.66292  0.000291854      2.26288      2.82145  3.85472e-14  2.66875e-14      3.35062      1.99179  2.00395e-14  0.000152940       0
      9.16129      19.0000      2.61363  3.03172e-14  0.000523994      2.30884      13.4468  0.000512700      2.63152      1.62683  0.000513193      2.10231      2.74876  4.35780e-14  2.78741e-14      3.23213      1.88627  2.12789e-14  0.000143602       0
      9.16129      19.0833      4.17714  1.38771e-14  0.000221650      4.06966      5.59375  0.000221927      4.18464      1.66417  0.000222185      3.34927      4.31384  2.00530e-14  1.31519e-14      5.17802      3.01485  9.70114e-15  0.000216294       0
      9.16129      19.1667      3.53988  1.82858e-14  0.000386535      3.05321      22.0260  0.000380409      3.56364      1.61917  0.000381008      2.67295      3.81655  2.92040e-14  1.61304e-14      4.40869      2.52142  1.26837e-14  0.000143140       0
      9.16129      19.2500      5.33281  9.23638e-15  0.000166105      5.10406      10.2344  0.000167677      5.34781      1.65667  0.000167747      4.76113      4.92746  1.11578e-14  1.05372e-14      6.49105      3.95020  6.65637e-15  0.000141784       0
      9.16129      19.3333      6.01830  7.55045e-15  0.000148494      5.74709      13.0156  0.000150182      6.02330      1.65667  0.000150111      5.46837      5.46220  8.85794e-15  8.87462e-15      7.41251      4.37132  5.33524e-15  0.000138327       0
      9.16129      19.4167      5.23432  9.52785e-15  0.000181177      5.07182      7.78125  0.000182059      5.24432      1.66167  0.000182130      4.73908      5.30059  1.12445e-14  9.33014e-15      6.39294      3.85165  6.82749e-15  0.000169534       0
      9.16129      19.5000      3.29001  2.06585e-14  0.000495143      2.70355      26.4371  0.000480329      3.30313      1.60792  0.000481087      2.39179      3.48663  3.51472e-14  1.87537e-14      4.10301      2.34296  1.42974e-14  0.000142037       0
      9.16129      19.5833      4.41686  1.26446e-14  0.000256607      3.93622      21.0703  0.000257474      4.43311      1.63417  0.000257487      3.51085      4.51280  1.85385e-14  1.21998e-14      5.51928      3.10700  8.72218e-15  0.000149471       0
      9.16129      19.6667      2.50306  3.25820e-14  0.000965896      1.91513      25.9435  0.000907219      2.52958      1.57629  0.000909478      1.64611      2.71449  6.55134e-14  2.84631e-14      3.10243      1.79927  2.27821e-14  0.000131847       0
      9.16129      19.7500      2.78956  2.71980e-14  0.000692814      2.22529      24.9276  0.000660915      2.81151      1.59746  0.000662811      1.88093      3.07230  5.24578e-14  2.31556e-14      3.46577      1.99295  1.89422e-14  0.000129141       0
      9.16129      19.8333      1.96843  4.86288e-14   0.00116638      1.57904      18.3047   0.00110366      1.99281      1.59168   0.00110702      1.40357      2.18965  8.54483e-14  4.07196e-14      2.43272      1.44288  3.41672e-14  0.000141221       0
      9.16129      19.9167      2.45324  3.36922e-14  0.000854482      1.96792      21.8477  0.000809687      2.48512      1.59043  0.000811281      1.69937      2.62891  6.21270e-14  3.00241e-14      3.03591      1.76239  2.36201e-14  0.000129276       0
      9.16129      20.0000     0.185956  2.48169e-12    0.0551560     0.144081      3.48438    0.0506984     0.148768      1.67018    0.0504530     0.149726     0.235610  3.56125e-12  1.67278e-12     0.739457     0.546641  2.48642e-13  0.000842845       0
      9.16129      20.0833     0.879228  1.86320e-13  0.000946159     0.734237     0.522623  0.000820203      1.76010      1.44223  0.000821081     0.852644     0.882964  1.96102e-13  1.85008e-13     0.701904     0.523011  2.71206e-13  0.000404551       0
      9.16129      20.1667      2.13898  4.23401e-14  0.000390154      2.08429      3.77734  0.000387351      2.14648      1.67042  0.000387759      1.85735      2.14906  5.35723e-14  4.20097e-14      2.58814      1.61679  3.08165e-14  0.000158588       0
      9.16129      20.2500      1.73255  6.01567e-14  0.000384867      1.44901     0.460885  0.000326063      5.33985      1.36819  0.000325788      1.61936      1.66322  6.73268e-14  6.43938e-14      2.05154      1.37267  4.53901e-14  0.000251121       0
      9.16129      20.3333      1.95244  4.92948e-14  0.000446604      1.92244      2.37500  0.000428423      1.96743      1.67417  0.000436862      1.74919      1.90878  5.92061e-14  5.11879e-14      1.40016     0.932385  8.57955e-14  0.000193828       0
      9.16129      20.4167      1.45268  8.06883e-14  0.000743015      1.01802     0.207103  0.000616596      15.9534      1.11474  0.000609560      1.26571      1.25019  1.01517e-13  1.03626e-13      1.65896      1.20254  6.46698e-14  0.000485238       0
      9.16129      20.5000      1.44068  8.18117e-14  0.000696905      1.40568      2.75000  0.000676588      1.45318      1.67167  0.000685617      1.27968      1.48520  9.96766e-14  7.77656e-14      1.68124      1.15974  6.32479e-14  0.000324269       0
      9.16129      20.5833      1.63637  6.61645e-14  0.000576249      1.61137      1.62500  0.000522272      1.66192      1.67968  0.000544058      1.42210      1.70723  8.36011e-14  6.16513e-14      1.06684     0.740466  1.34978e-13  0.000303598       0
      9.16129      20.6667      1.96233  4.88814e-14  0.000257622      1.67190     0.589628  0.000226472      4.64731      1.43119  0.000226043      1.86225      1.88162  5.33375e-14  5.24256e-14      1.58258      1.03155  6.99553e-14  0.000157671       0
      9.16129      20.7500      1.84053  5.43906e-14  0.000427892      1.23154     0.194622  0.000383020      1.85553      1.67917  0.000407622      1.60652      1.57457  6.82262e-14  7.05495e-14      2.16941      1.45494  4.13548e-14  0.000256228       0
      9.16129      20.8333      1.69371  6.24736e-14  0.000497571      1.56006      1.14355  0.000476259      1.70371      1.67167  0.000490332      1.41841      1.75544  8.39636e-14  5.88552e-14      1.30599     0.877154  9.63524e-14  0.000185564       0
      9.16129      20.9167      2.09221  4.39293e-14  0.000343901      1.81249     0.762913  0.000326415      2.10627      1.67151  0.000337353      1.73987      2.15731  5.97357e-14  4.17421e-14      2.49362      1.61160  3.27878e-14  0.000188088       0
      9.16129      21.0000      2.41590  3.45645e-14  0.000226806      2.00838     0.551586  0.000211781      2.43090      1.67417  0.000219247      2.07603      2.43931  4.45013e-14  3.40135e-14      1.97774      1.24681  4.82479e-14  0.000130031       0
      9.16129      21.0833      1.97406  4.83980e-14  0.000309744      1.46027     0.275902  0.000262618      5.87112      1.37946  0.000263954      1.85056      1.82514  5.39003e-14  5.51573e-14      1.41893     0.940104  8.39123e-14  0.000175514       0
      9.16129      21.1667      2.48230  3.30373e-14  0.000362507      2.40731      3.93750  0.000360324      2.49230      1.66667  0.000361875      2.29003      2.43673  3.77886e-14  3.40734e-14      2.98015      1.88410  2.43612e-14  0.000162309       0
      9.16129      21.2500      2.47606  3.31762e-14  0.000221231      2.40856      3.68750  0.000219304      2.48606      1.66667  0.000220633      2.25880      2.40158  3.86633e-14  3.49087e-14      3.00293      1.83692  2.40540e-14  0.000126113       0
      9.16129      21.3333      3.02021  2.38250e-14  0.000153172      2.99147      2.65625  0.000142569      3.02521      1.67917  0.000144466      2.67542      2.87975  2.91593e-14  2.57931e-14      3.68587      2.23441  1.70947e-14  0.000122863       0
      9.16129      21.4167      1.92289  5.05634e-14  0.000358619      1.81790      5.31250  0.000357909      1.92789      1.65667  0.000356998      1.67165      1.93814  6.38536e-14  4.99024e-14      2.33622      1.42960  3.65515e-14  0.000109640       0
      9.16129      21.5000      2.73825  2.80526e-14  0.000227059      2.61938      6.27881  0.000228013      2.73825      1.66167  0.000227442      2.50365      2.90087  3.25692e-14  2.54810e-14      3.37705      1.98773  1.97788e-14  0.000104982       0
      9.16129      21.5836      2.80842  2.68942e-14  0.000326694      2.64592      7.78125  0.000328003      2.81983      1.65323  0.000327629      2.33439      2.99551  3.65993e-14  2.41533e-14      3.46836      2.02470  1.89186e-14  0.000175691       0
      9.16129      21.6667     0.542964  4.16049e-13   0.00804419     0.447964      5.31250   0.00753339     0.445464      1.67980   0.00750011     0.439507     0.627316  5.91770e-13  3.27053e-13      1.89993      1.20158  5.15863e-14  0.000148512       0
      9.16129      21.7500     0.889920  1.82604e-13   0.00152531     0.849920      2.87500   0.00152000     0.899920      1.66667   0.00152054     0.798187     0.955068  2.18904e-13  1.62320e-13     0.794397     0.579485  2.20648e-13  0.000338322       0
      9.16129      21.8333     0.771824  2.31508e-13   0.00118475     0.541517     0.201971  0.000674194      2.75960      1.29010  0.000679256     0.751970     0.758293  2.41785e-13  2.38434e-13     0.544025     0.421320  4.14697e-13  0.000516820       0
      9.16129      21.9167     0.529267  4.34148e-13   0.00510101     0.252985    0.0749336   0.00447699      2.35879      1.19703   0.00454022     0.504684     0.480263  4.69962e-13  5.10462e-13     0.290428     0.250376  1.18041e-12   0.00256330       0
      9.16129      22.0000     0.608243  3.44324e-13   0.00709448     0.501592      6.55286   0.00678902     0.499181      1.68101   0.00678278     0.476377     0.700254  5.17421e-13  2.72272e-13     0.864970     0.620808  1.91467e-13  0.000278966       0
      9.16129      22.0833     0.493765  4.87411e-13   0.00661479     0.442739      3.57239   0.00654207     0.452515      1.67276   0.00653303     0.419404     0.557588  6.39795e-13  3.98022e-13     0.547114     0.426148  4.10802e-13   0.00103595       0
      9.16129      22.1667     0.452254  5.64233e-13   0.00985092     0.382255      4.06250   0.00947860     0.386005      1.67714   0.00945041     0.372329     0.464239  7.80223e-13  5.40164e-13     0.613494     0.464866  3.39426e-13  0.000628197       0
      9.16129      22.2500     0.639101  3.17064e-13   0.00528562     0.534101      5.31250   0.00504682     0.549101      1.67792   0.00505228     0.531160     0.672275  4.31572e-13  2.91418e-13      1.10874     0.765289  1.26584e-13  0.000219451       0
      9.16129      22.3333     0.883367  1.84868e-13   0.00158888     0.851220      2.28857   0.00156379     0.905868      1.66292   0.00157606     0.802569     0.913470  2.16916e-13  1.74826e-13     0.724782     0.535677  2.57089e-13  0.000421342       0
      9.16129      22.4167     0.761155  2.36941e-13   0.00296289     0.686153      3.93750   0.00293129     0.695899      1.67729   0.00292902     0.651826     0.784143  3.06815e-13  2.25478e-13     0.843335     0.607632  1.99723e-13  0.000257070       0
      9.16129      22.5000     0.868442  1.90193e-13   0.00188910     0.516208     0.125553   0.00170233      4.25179      1.21683   0.00170634     0.768438     0.837616  2.33210e-13  2.02001e-13     0.535874     0.418218  4.25263e-13  0.000926394       0
      9.16129      22.5833     0.610965  3.41771e-13   0.00280735     0.453140     0.288950   0.00259953      1.69807      1.32476   0.00259992     0.560905     0.635671  3.94106e-13  3.19920e-13     0.438183     0.352701  5.94753e-13   0.00109699       0
      9.16129      22.6667     0.260851  1.41181e-12    0.0349053     0.195851      4.18750    0.0319111     0.201535      1.67515    0.0318642     0.200963     0.313570  2.18057e-12  1.03882e-12     0.967115     0.681889  1.58964e-13  0.000520507       0
      9.16129      22.7500     0.860280  1.93210e-13   0.00196817     0.820279      2.87500   0.00196147     0.870280      1.66167   0.00196798     0.739331     0.942645  2.48712e-13  1.65901e-13     0.701446     0.520881  2.71502e-13  0.000379255       0
      9.16129      22.8333     0.616272  3.36880e-13   0.00209470     0.399421     0.156589   0.00147338     0.668771      1.67042   0.00170606     0.593719     0.602456  3.58476e-13  3.49854e-13     0.407634     0.331635  6.70881e-13   0.00108300       0
      9.16129      22.9167     0.832818  2.03945e-13   0.00181972     0.688605     0.506396   0.00174844      1.53463      1.46183   0.00175178     0.741733     0.828308  2.47371e-13  2.05799e-13     0.618159     0.468569  3.35167e-13  0.000424930       0
      9.16129      23.0000     0.977404  1.56185e-13   0.00175212     0.899277      4.53906   0.00174092     0.987404      1.64292   0.00173998     0.841894      1.00849  2.00293e-13  1.48244e-13      1.14155     0.792782  1.20578e-13  0.000318117       0
      9.16129      23.0833     0.946756  1.64702e-13   0.00140235     0.563516     0.125750   0.00118054      6.15090      1.16952   0.00118607     0.824691     0.978131  2.07305e-13  1.55991e-13     0.572527     0.440806  3.80863e-13  0.000642428       0
      9.16129      23.1667     0.276964  1.27758e-12    0.0749346     0.153440      6.95129    0.0654550     0.155810      1.67754    0.0654480     0.152690     0.271804  3.44678e-12  1.31826e-12     0.793799     0.577771  2.20925e-13  0.000760259       0
      9.16129      23.2500     0.919359  1.72963e-13   0.00132603     0.889359      2.87500   0.00130772      1.47014      1.50400   0.00130214     0.814635     0.891570  2.11588e-13  1.82041e-13     0.774025     0.565573  2.30412e-13  0.000331609       0
      9.16129      23.3333     0.221860  1.84912e-12    0.0323818     0.186678      16.8113    0.0299199     0.186235      1.67245    0.0298740     0.189428     0.260706  2.40633e-12  1.41312e-12     0.647855     0.487805  3.09955e-13  0.000597491       0
      9.16129      23.4167     0.816396  2.10827e-13   0.00411203     0.705069      5.96191   0.00402362     0.694834      1.67945   0.00401870     0.647513     0.889581  3.10228e-13  1.82720e-13     0.944192     0.670788  1.65448e-13  0.000262705       0
      9.16129      23.5000      1.19886  1.11126e-13  0.000963020     0.687903     0.104340  0.000759279      1.21886      1.69167  0.000854696      1.10535      1.16395  1.27231e-13  1.16737e-13     0.729944     0.538461  2.54066e-13  0.000396538       0
      9.16129      23.5833     0.148973  3.59129e-12    0.0843420     0.113040      2.89203    0.0778649     0.118641      1.67045    0.0776211     0.118982     0.182201  5.22349e-12  2.56749e-12     0.351912     0.292986  8.57116e-13   0.00158513       0
      9.16129      23.6667     0.713991  2.63597e-13   0.00379159     0.315519    0.0666361   0.00348600      5.24983      1.11414   0.00351822     0.699943     0.680175  2.72474e-13  2.85799e-13     0.378388     0.312028  7.59510e-13   0.00173218       0
      9.16129      23.7500     0.732433  2.52629e-13   0.00197294     0.501188     0.191451   0.00168516      1.37881      1.45917   0.00172931     0.673418     0.731281  2.90595e-13  2.53292e-13     0.490051     0.386206  4.93582e-13  0.000613999       0
      9.16129      23.8333     0.608650  3.43940e-13   0.00583806     0.529588      4.76953   0.00572665     0.530526      1.67534   0.00572338     0.485738     0.612860  5.00909e-13  3.40011e-13     0.614978     0.466891  3.38062e-13  0.000453139       0
      9.16129      23.9167     0.774056  2.30396e-13   0.00270798     0.719367      3.77734   0.00270772     0.744056      1.66792   0.00270916     0.666840     0.791532  2.95388e-13  2.21981e-13     0.697371     0.520077  2.74151e-13  0.000468185       0
