      9.48387      0.00000      4.19375  1.37856e-14  0.000184315      3.88903      13.4468  0.000182917      4.20156      1.64729  0.000182917      3.38605      4.66456  1.96913e-14  1.15455e-14      5.30291      2.87264  9.32333e-15  5.92372e-05       65527.420       0         -19         -28       0
      9.48387    0.0833333      1.80080  5.64050e-14  0.000293797      1.76581      2.68750  0.000280951      1.81581      1.67417  0.000284631      1.67557      1.84631  6.36051e-14  5.41072e-14      1.59352      1.03318  6.91565e-14  9.59320e-05       65515.532       0         -19         -28       0
      9.48387     0.166667      3.05788  2.33378e-14  0.000186585      2.98289      3.93750  0.000185488      3.06101      1.66948  0.000185921      2.72751      3.00333  2.82369e-14  2.40486e-14      2.77865      1.64510  2.73761e-14  5.54897e-05       65523.124       0         -19         -28       0
      9.48387     0.250000      3.37758  1.97736e-14  0.000172636      3.23603      7.17578  0.000172799      3.37821      1.65979  0.000172691      2.93528      3.61012  2.49850e-14  1.76967e-14      4.23056      2.37746  1.35862e-14  5.02711e-05       65480.082       0         -19         -28       0
      9.48387     0.333333      2.02207  4.64981e-14  0.000354412      1.95082      3.57812  0.000352984      2.03207      1.66667  0.000353856      1.81141      2.20446  5.58557e-14  4.02648e-14      1.84200      1.16775  5.43185e-14  7.99718e-05       65305.822       0         -19         -28       0
      9.48387     0.416667      3.70452  1.69515e-14  0.000142121      3.56295      7.17578  0.000142355      3.70452      1.66167  0.000142173      3.27068      3.85290  2.08625e-14  1.58775e-14      4.65773      2.58112  1.15737e-14  5.00099e-05       65342.192       0         -19         -28       0
      9.48387     0.500000      2.37072  3.56693e-14  0.000143906      2.32697      2.85938  0.000134192      2.38482      1.67329  0.000136934      2.27651      2.33271  3.81635e-14  3.66434e-14      2.17613      1.34110  4.11422e-14  7.04150e-05       65453.370       0         -19         -28       0
      9.48387     0.583333      1.78216  5.73917e-14  0.000494157      1.71592      3.76562  0.000492310      1.78966      1.66417  0.000494539      1.57001      1.91745  7.08913e-14  5.08029e-14      1.54608      1.00669  7.27295e-14  0.000105759       65385.752       0         -19         -28       0
      9.48387     0.666667      1.51013  7.56375e-14  0.000307574      1.38118      1.14239  0.000279450      2.64860      1.49637  0.000279432      1.43665      1.54561  8.21946e-14  7.27662e-14      1.34054     0.894736  9.22489e-14  0.000124164       65205.014       0         -19         -28       0
      9.48387     0.750000      3.24746  2.11117e-14  0.000140450      3.16245      5.06250  0.000140318      3.25746      1.66667  0.000140276      2.87210      3.40947  2.59077e-14  1.94664e-14      4.02753      2.29933  1.47468e-14  5.33949e-05       65308.022       0         -19         -28       0
      9.48387     0.833333      3.14114  2.23160e-14  0.000222159      2.97863      7.78125  0.000221827      3.14677      1.65479  0.000221711      2.65811      3.10005  2.94764e-14  2.28111e-14      3.91596      2.22720  1.54537e-14  5.60044e-05       65370.318       0         -19         -28       0
      9.48387     0.916667      3.14672  2.22501e-14  0.000206963      3.02921      6.71875  0.000207292      3.14672      1.66167  0.000207183      2.69595      3.36514  2.87901e-14  1.98956e-14      3.90441      2.23982  1.55299e-14  5.78655e-05       65260.452       0         -19         -28       0
      9.48387      1.00000      3.64159  1.74426e-14  0.000254920      3.32533      14.0781  0.000252566      3.65909      1.64167  0.000252571      2.89717      4.06463  2.55352e-14  1.45231e-14      4.58613      2.55171  1.18764e-14  5.13947e-05       64694.866       0         -19         -28       0
      9.48387      1.08333      1.37051  8.89111e-14  0.000322153      1.23131     0.914155  0.000274269      2.55426      1.47776  0.000274479      1.31111      1.38099  9.57262e-14  8.77904e-14      1.18524     0.807435  1.13262e-13  0.000152708       64037.058       0         -19         -28       0
      9.48387      1.16667      2.58088  3.09611e-14  0.000279073      2.52088      3.50000  0.000276507      2.58338      1.66792  0.000278526      2.24341      2.62899  3.91064e-14  3.00226e-14      3.14899      1.89600  2.22234e-14  8.60951e-05       64192.488       0         -19         -28       0
      9.48387      1.25000      1.47052  7.90634e-14  0.000401673      1.27714     0.694405  0.000363116      2.40534      1.51710  0.000365644      1.36732      1.49343  8.92577e-14  7.70528e-14      1.23819     0.836188  1.05306e-13  0.000135511       64228.010       0         -19         -28       0
      9.48387      1.33333      1.40950  8.48503e-14  0.000367639      1.27487      1.01865  0.000338260      2.35927      1.50806  0.000338189      1.33240      1.43452  9.31904e-14  8.23986e-14      1.24519     0.839308  1.04321e-13  0.000134029       64308.106       0         -19         -28       0
      9.48387      1.41667      4.77137  1.11179e-14  0.000135325      4.54256      10.2344  0.000135396      4.77637      1.65667  0.000135320      3.93638      4.46002  1.53203e-14  1.24413e-14      6.05181      3.25552  7.48089e-15  5.97582e-05       64370.122       0         -19         -28       0
      9.48387      1.50000      2.38905  3.52144e-14  0.000296994      2.35405      2.68750  0.000288013      2.40405      1.67417  0.000291323      2.08185      2.35728  4.42942e-14  3.60089e-14      2.87656      1.79701  2.58409e-14  0.000100426       64411.526       0         -19         -28       0
      9.48387      1.58333      3.33962  2.01496e-14  0.000202419      3.22211      6.71875  0.000202710      3.33962      1.66167  0.000202756      2.85599      3.57679  2.61518e-14  1.79724e-14      4.16337      2.37201  1.39537e-14  6.25383e-05       64372.722       0         -19         -28       0
      9.48387      1.66667      2.47561  3.31862e-14  0.000322545      2.37061      5.31250  0.000323027      2.47561      1.66167  0.000323213      2.13567      2.66486  4.24496e-14  2.93520e-14      2.29306      1.39801  3.77055e-14  7.37499e-05       64093.518       0         -19         -28       0
      9.48387      1.75000      1.34497  9.17430e-14  0.000314648      1.17746     0.740700  0.000247161      2.67029      1.45954  0.000248618      1.31279      1.33445  9.55217e-14  9.29519e-14      1.14573     0.784114  1.19846e-13  0.000155554       63596.130       0         -19         -28       0
      9.48387      1.83333      2.38189  3.53910e-14  0.000297603      2.30689      3.93750  0.000296730      2.39189      1.66667  0.000297265      2.13524      2.51456  4.24636e-14  3.23339e-14      2.15681      1.32808  4.17584e-14  7.04166e-05       62932.540       0         -19         -28       0
      9.48387      1.91667      1.89368  5.18703e-14  0.000325670      1.74391      1.24469  0.000312911      1.90868      1.67417  0.000317652      1.75352      1.96672  5.89628e-14  4.86994e-14      1.61403      1.04386  6.76980e-14  9.54809e-05       62768.744       0         -19         -28       0
      9.48387      2.00000      2.34494  3.63253e-14  0.000412938      2.20245      7.53125  0.000410557      2.34744      1.65167  0.000410401      1.97561      2.51884  4.83349e-14  3.22424e-14      2.87403      1.70965  2.58787e-14  6.44550e-05       62746.988       0         -19         -28       0
      9.48387      2.08333      1.63846  6.60239e-14  0.000208588      1.53588      1.51450  0.000184952      2.61130      1.52545  0.000184925      1.57268      1.63844  7.06904e-14  6.60252e-14      1.48884     0.975992  7.74489e-14  0.000110042       62361.552       0         -19         -28       0
      9.48387      2.16667      4.68670  1.14547e-14  0.000124760      4.43372      11.5840  0.000124421      4.69127      1.65300  0.000124396      3.91168      4.93070  1.54819e-14  1.05256e-14      5.94301      3.18671  7.71054e-15  5.11117e-05       62522.880       0         -19         -28       0
      9.48387      2.25000      3.32891  2.02578e-14  0.000213123      3.21141      6.71875  0.000213532      3.33891      1.66167  0.000213484      2.80560      3.52744  2.69393e-14  1.83934e-14      4.12741      2.36729  1.41569e-14  5.79762e-05       62499.580       0         -19         -28       0
      9.48387      2.33333      3.82334  1.60826e-14  0.000238954      3.45396      17.5547  0.000234005      3.82834      1.63667  0.000234103      2.99543      4.00867  2.41544e-14  1.48626e-14      4.84491      2.63330  1.08381e-14  5.15172e-05       62516.884       0         -19         -28       0
      9.48387      2.41667      2.31201  3.71917e-14  0.000621016      2.04077      13.0156  0.000602705      2.33411      1.62652  0.000603422      1.82625      2.50401  5.51011e-14  3.25612e-14      3.33451      1.91374  2.02011e-14  5.54053e-05       62361.048       0         -19         -28       0
      9.48387      2.50000      2.28206  3.80086e-14  0.000455292      2.17228      5.77271  0.000456282      2.29707      1.65667  0.000456644      1.87828      2.49955  5.25811e-14  3.26583e-14      1.88647      1.18981  5.22012e-14  8.22601e-05       61985.584       0         -19         -28       0
      9.48387      2.58333      4.36600  1.28911e-14  0.000165373      4.03422      15.7336  0.000163756      4.37349      1.64667  0.000163776      3.45895      4.52733  1.90045e-14  1.21346e-14      5.54077      2.97401  8.66586e-15  4.95345e-05       62140.078       0         -19         -28       0
      9.48387      2.66667      5.13510  9.83667e-15  0.000105549      4.90628      10.2344  0.000105711      5.15010      1.65667  0.000105645      4.40362      4.82054  1.27081e-14  1.09295e-14      6.53252      3.47983  6.58608e-15  4.99325e-05       62266.378       0         -19         -28       0
      9.48387      2.75000      3.85895  1.58360e-14  0.000237497      3.48957      17.5547  0.000232766      3.87286      1.63823  0.000232946      3.02146      4.03367  2.38086e-14  1.47094e-14      4.88721      2.64839  1.06822e-14  5.16879e-05       62558.822       0         -19         -28       0
      9.48387      2.83333      5.16786  9.73295e-15  0.000118400      4.89660      13.0156  0.000118583      5.17599      1.65448  0.000118519      4.32943      4.99329  1.30731e-14  1.03067e-14      6.55588      3.49896  6.54703e-15  5.36552e-05       62263.370       0         -19         -28       0
      9.48387      2.91667      4.56407  1.19722e-14  0.000175514      4.19474      17.5547  0.000173908      4.58157      1.64167  0.000173985      3.70847      4.59063  1.69214e-14  1.18570e-14      5.79552      3.10620  8.04035e-15  5.45310e-05       61665.914       0         -19         -28       0
      9.48387      3.00000      5.31258  9.29508e-15  9.68715e-05      5.15003      7.78125  9.72021e-05      5.32258      1.66167  9.71999e-05      4.55530      5.08426  1.20107e-14  1.00011e-14      6.73625      3.60905  6.25747e-15  5.49147e-05       61260.018       0         -19         -28       0
      9.48387      3.08333      5.73207  8.18923e-15  9.19314e-05      5.54207      8.87500  9.22900e-05      5.73957      1.65917  9.24258e-05      4.89780      5.24838  1.06437e-14  9.48535e-15      7.27143      3.90008  5.50887e-15  5.34647e-05       60992.800       0         -19         -28       0
      9.48387      3.16667      4.33443  1.30479e-14  0.000116078      4.14777      9.13086  0.000116081      4.34944      1.65667  0.000115984      3.65816      4.39287  1.73111e-14  1.27599e-14      5.48827      2.95975  8.80447e-15  5.19221e-05       61013.822       0         -19         -28       0
      9.48387      3.25000      4.74476  1.12221e-14  0.000168094      4.31807      19.1846  0.000166572      4.76225      1.64167  0.000166582      3.69108      5.25334  1.70545e-14  9.47044e-15      6.03199      3.22019  7.52192e-15  5.08267e-05       61091.164       0         -19         -28       0
      9.48387      3.33333      4.73145  1.12747e-14  0.000117348      4.50270      10.2344  0.000117131      4.73645      1.65667  0.000117047      3.86880      4.84561  1.57689e-14  1.08355e-14      6.01231      3.21616  7.56299e-15  5.02622e-05       61002.984       0         -19         -28       0
      9.48387      3.41667      4.79279  1.10352e-14  0.000160812      4.42329      17.5547  0.000159963      4.80028      1.64667  0.000159942      3.77876      5.15390  1.64001e-14  9.77692e-15      6.08804      3.27190  7.40684e-15  5.68899e-05       61091.804       0         -19         -28       0
      9.48387      3.50000      5.77076  8.09794e-15  0.000104857      5.49941      13.0156  0.000105262      5.78325      1.65417  0.000105336      4.78991      5.34167  1.10463e-14  9.21087e-15      7.31353      3.90109  5.45612e-15  5.58121e-05       60933.020       0         -19         -28       0
      9.48387      3.58333      4.95754  1.04308e-14  0.000135480      4.68633      13.0156  0.000135426      4.96005      1.65167  0.000135479      4.00970      4.82795  1.48562e-14  1.09016e-14      6.29927      3.38808  6.99755e-15  5.22524e-05       60779.848       0         -19         -28       0
      9.48387      3.66667      3.80533  1.62097e-14  0.000259469      3.37870      19.1846  0.000253550      3.82158      1.63417  0.000253817      2.90651      4.13378  2.53985e-14  1.41205e-14      4.81980      2.61306  1.09324e-14  5.09444e-05       60640.346       0         -19         -28       0
      9.48387      3.75000      5.19249  9.65613e-15  0.000122116      4.86079      15.7336  0.000122009      5.19498      1.65167  0.000121933      4.07671      5.33734  1.44515e-14  9.22332e-15      6.59656      3.52729  6.47988e-15  5.37198e-05       60429.648       0         -19         -28       0
      9.48387      3.83333      5.16224  9.75062e-15  0.000128853      4.84599      14.0781  0.000129209      5.16474      1.65167  0.000129157      4.08090      5.59863  1.44268e-14  8.51713e-15      6.55476      3.50753  6.54890e-15  5.77691e-05       60377.104       0         -19         -28       0
      9.48387      3.91667      4.51771  1.21777e-14  0.000188814      4.09105      19.1846  0.000187089      4.52684      1.63933  0.000187112      3.47373      5.11239  1.88699e-14  9.90959e-15      5.73156      3.07372  8.19046e-15  5.89464e-05       60334.304       0         -19         -28       0
      9.48387      4.00000      4.40674  1.26931e-14  0.000184133      4.03748      17.5547  0.000182294      4.42425      1.64167  0.000182343      3.41379      4.53919  1.94253e-14  1.20818e-14      5.59729      3.00215  8.52051e-15  5.76568e-05       60096.106       0         -19         -28       0
      9.48387      4.08333      4.32984  1.30710e-14  0.000228265      3.84921      21.0703  0.000225374      4.34609      1.63417  0.000225397      3.26145      4.91401  2.09610e-14  1.05853e-14      5.48348      2.96717  8.81731e-15  6.20284e-05       59991.486       0         -19         -28       0
      9.48387      4.16667      5.16522  9.74124e-15  0.000134625      4.89396      13.0156  0.000135120      5.17608      1.65401  0.000135073      4.24317      4.85519  1.35190e-14  1.07999e-14      6.57205      3.52262  6.52021e-15  6.25686e-05       59810.790       0         -19         -28       0
      9.48387      4.25000      5.02462  1.01998e-14  0.000114311      4.83462      8.87500  0.000114678      5.03213      1.65917  0.000114677      4.08418      5.32864  1.44075e-14  9.24842e-15      6.38140      3.43800  6.84808e-15  6.44241e-05       59876.708       0         -19         -28       0
      9.48387      4.33333      4.28230  1.33137e-14  0.000139129      4.17323      5.51953  0.000139072      4.29230      1.66667  0.000139031      3.64538      4.17873  1.74123e-14  1.38683e-14      5.35779      3.00394  9.16473e-15  6.38825e-05       59860.768       0         -19         -28       0
      9.48387      4.41667      4.90771  1.06079e-14  0.000121796      4.71771      8.87500  0.000122164      4.92271      1.65667  0.000122317      4.02176      4.44485  1.47821e-14  1.25122e-14      6.20303      3.36435  7.17942e-15  6.26251e-05       59703.990       0         -19         -28       0
      9.48387      4.50000      1.09529  1.29185e-13  0.000948497     0.811620     0.304194  0.000867252      3.17397      1.35092  0.000869822     0.974438      1.13901  1.56978e-13  1.21027e-13     0.791085     0.575805  2.22189e-13  0.000300341       59492.770       0         -19         -28       0
      9.48387      4.58333      4.90508  1.06174e-14  0.000108654      4.74258      7.78125  0.000109015      4.91508      1.66167  0.000108951      4.25299      4.63124  1.34670e-14  1.16842e-14      6.21517      3.35581  7.15606e-15  5.92952e-05       59395.680       0         -19         -28       0
      9.48387      4.66667      2.26148  3.85871e-14  0.000381706      2.17648      5.06250  0.000381833      2.27148      1.66167  0.000382301      1.92902      2.46925  5.02962e-14  3.33289e-14      2.05350      1.27666  4.53179e-14  7.57261e-05       59564.374       0         -19         -28       0
      9.48387      4.75000      4.19074  1.38021e-14  0.000193161      3.85558      15.4767  0.000191002      4.20825      1.64167  0.000191054      3.29378      4.43889  2.06191e-14  1.25402e-14      5.30335      2.86381  9.32205e-15  5.24977e-05       59655.020       0         -19         -28       0
      9.48387      4.83333      4.57032  1.19449e-14  0.000151623      4.29899      13.0156  0.000151495      4.57282      1.65167  0.000151475      3.85169      4.90501  1.58859e-14  1.06177e-14      5.78321      3.13055  8.06890e-15  5.61513e-05       59737.788       0         -19         -28       0
      9.48387      4.91667      4.31295  1.31564e-14  0.000210783      3.88954      19.4404  0.000207604      4.31794      1.63667  0.000207691      3.28605      4.51461  2.07001e-14  1.21916e-14      5.46603      2.94014  8.86424e-15  5.68626e-05       59447.804       0         -19         -28       0
      9.48387      5.00000      4.28447  1.33025e-14  0.000119757      4.12198      7.78125  0.000119975      4.29634      1.65885  0.000119891      3.66236      4.51325  1.72780e-14  1.21978e-14      5.42421      2.92900  8.97846e-15  5.70170e-05       59331.332       0         -19         -28       0
      9.48387      5.08333      5.17627  9.70660e-15  0.000109032      4.95377      10.5312  0.000109520      5.18377      1.65917  0.000109348      4.42018      4.70071  1.26288e-14  1.13979e-14      6.57820      3.52229  6.51005e-15  5.85057e-05       59256.956       0         -19         -28       0
      9.48387      5.16667      2.95353  2.47282e-14  0.000502032      2.47288      21.0703  0.000478988      2.96685      1.61775  0.000481028      2.15719      3.32705  4.17459e-14  2.02766e-14      3.71198      2.06197  1.68948e-14  5.85113e-05       59050.234       0         -19         -28       0
      9.48387      5.25000      4.02233  1.47786e-14  0.000186530      3.74480      12.7188  0.000184463      4.03451      1.64604  0.000184435      3.30707      4.32462  2.04812e-14  1.30973e-14      5.09655      2.74880  9.96097e-15  5.50886e-05       59067.992       0         -19         -28       0
      9.48387      5.33333      3.73061  1.67544e-14  0.000264418      3.30402      19.1846  0.000258060      3.74687      1.63417  0.000258395      2.88191      3.95971  2.57609e-14  1.51702e-14      4.73238      2.56984  1.12710e-14  5.28770e-05       58965.322       0         -19         -28       0
      9.48387      5.41667      3.52298  1.84323e-14  0.000198654      3.29422      10.2344  0.000196259      3.52548      1.65167  0.000196281      3.07135      3.49261  2.31676e-14  1.87001e-14      4.45552      2.44255  1.24623e-14  5.06966e-05       58622.020       0         -19         -28       0
      9.48387      5.50000      3.70707  1.69321e-14  0.000320903      3.19238      23.1483  0.000310526      3.72083      1.62417  0.000311031      2.83203      4.12102  2.65216e-14  1.41934e-14      4.70917      2.55635  1.13638e-14  5.19845e-05       58351.224       0          22         -45       0
      9.48387      5.58333      3.82657  1.60600e-14  0.000241744      3.45718      17.5547  0.000236320      3.84033      1.63667  0.000236450      2.99273      4.05037  2.41908e-14  1.46085e-14      4.85059      2.62167  1.08169e-14  5.20630e-05       58476.794       0          22         -45       0
      9.48387      5.66667      4.23876  1.35425e-14  0.000232936      3.75814      21.0703  0.000227799      4.26500      1.62917  0.000227943      3.38195      4.69380  1.97310e-14  1.14258e-14      5.38844      2.88970  9.07800e-15  5.31278e-05       58162.204       0          22         -45       0
      9.48387      5.75000      3.57961  1.79488e-14  0.000327348      3.09897      21.0703  0.000316153      3.59337      1.62417  0.000316615      2.74990      4.13094  2.78548e-14  1.41367e-14      4.54242      2.46668  1.20675e-14  5.38083e-05       57695.274       0          22         -45       0
      9.48387      5.83333      4.07769  1.44457e-14  0.000174104      3.80019      12.7188  0.000172122      4.09019      1.64667  0.000172100      3.36804      4.47841  1.98671e-14  1.23563e-14      5.16610      2.78613  9.73847e-15  5.48021e-05       57334.284       0          22         -45       0
      9.48387      5.91667      4.10317  1.42965e-14  0.000191335      3.76484      15.9545  0.000188713      4.11316      1.64417  0.000188798      3.29944      4.58135  2.05602e-14  1.18971e-14      5.19836      2.80231  9.63796e-15  5.46358e-05       57198.794       0          22         -45       0
      9.48387      6.00000      3.07407  2.31334e-14  0.000546052      2.48615      25.9435  0.000515946      3.10220      1.59793  0.000516888      2.14200      3.47344  4.22406e-14  1.88725e-14      3.86540      2.13963  1.57921e-14  5.51356e-05       57066.812       0          22         -45       0
      9.48387      6.08333      3.91699  1.54469e-14  0.000217363      3.58531      15.7336  0.000214527      3.93449      1.64167  0.000214601      3.14111      4.34493  2.23164e-14  1.29954e-14      4.94198      2.70465  1.04856e-14  5.35934e-05       57106.702       0          22         -45       0
      9.48387      6.16667      3.75183  1.65968e-14  0.000306984      3.24009      22.6705  0.000296392      3.76558      1.62417  0.000296868      2.74466      4.12267  2.79435e-14  1.41840e-14      4.74551      2.57893  1.12191e-14  5.45503e-05       56980.764       0          22         -45       0
      9.48387      6.25000      3.99246  1.49633e-14  0.000207006      3.65056      15.6975  0.000203840      4.00996      1.64167  0.000203932      3.16091      4.21400  2.20839e-14  1.36754e-14      5.05321      2.73727  1.01038e-14  5.33232e-05       56935.240       0          22         -45       0
      9.48387      6.33333      5.34616  9.19797e-15  0.000111780      5.11744      10.2344  0.000112030      5.35116      1.65667  0.000112048      4.45760      5.30924  1.24526e-14  9.30482e-15      6.78282      3.63981  6.18602e-15  5.38885e-05       56793.042       0          22         -45       0
      9.48387      6.41667      5.20335  9.62256e-15  0.000113966      4.97466      10.2344  0.000114376      5.21835      1.65667  0.000114356      4.29333      5.16149  1.32568e-14  9.75297e-15      6.58526      3.57680  6.49842e-15  5.44317e-05       56792.690       0          22         -45       0
      9.48387      6.50000      5.37552  9.11440e-15  0.000121801      5.04710      14.6455  0.000122110      5.38693      1.65323  0.000121949      4.36273      5.40535  1.29072e-14  9.03074e-15      6.82663      3.63803  6.12000e-15  5.53364e-05       56907.032       0          22         -45       0
      9.48387      6.58333      6.27450  7.04363e-15  9.18942e-05      6.04573      10.2344  9.24241e-05      6.27450      1.66167  9.22766e-05      5.16177      6.06716  9.75208e-15  7.44939e-15      7.91871      4.30949  4.77901e-15  6.07146e-05       57284.086       0          22         -45       0
      9.48387      6.66667      5.62811  8.44290e-15  0.000120214      5.29642      15.7336  0.000120650      5.63060      1.65167  0.000120647      4.50093      5.72977  1.22534e-14  8.19471e-15      7.10060      3.85749  5.73154e-15  5.94205e-05       57178.200       0          22         -45       0
      9.48387      6.75000      6.07782  7.42762e-15  9.96922e-05      5.84904      10.2344  0.000100129      6.09282      1.65667  0.000100310      4.94696      5.88659  1.04680e-14  7.83411e-15      7.70481      4.14574  5.00218e-15  6.11132e-05       57367.506       0          22         -45       0
      9.48387      6.83333      5.91840  7.76405e-15  0.000119919      5.49177      19.1846  0.000120251      5.93090      1.64667  0.000120271      4.66134      5.70886  1.15587e-14  8.24479e-15      7.49023      4.02917  5.24328e-15  6.12316e-05       57394.934       0          22         -45       0
      9.48387      6.91667      3.73149  1.67478e-14  0.000301971      3.25085      21.0703  0.000292583      3.74525      1.62417  0.000292804      2.78207      4.00885  2.73200e-14  1.48615e-14      4.72335      2.57412  1.13070e-14  6.48724e-05       57657.424       0          22         -45       0
      9.48387      7.00000      3.12628  2.24932e-14  0.000377819      2.71817      18.9141  0.000364787      3.14838      1.62652  0.000365585      2.40978      3.39414  3.47111e-14  1.96131e-14      3.93935      2.17926  1.53011e-14  6.22029e-05       57677.390       0          22         -45       0
      9.48387      7.08333      5.29578  9.34429e-15  0.000165089      4.74990      24.7485  0.000163885      5.30913      1.63901  0.000163848      4.01981      5.51290  1.47940e-14  8.73901e-15      6.70523      3.60790  6.30578e-15  5.90679e-05       57346.182       0          22         -45       0
      9.48387      7.16667      5.39872  9.04921e-15  0.000140733      4.97192      19.1846  0.000140399      5.41372      1.64417  0.000140427      4.25095      5.50438  1.34778e-14  8.76155e-15      6.84893      3.65989  6.08683e-15  5.96360e-05       57194.596       0          22         -45       0
      9.48387      7.25000      4.75244  1.11918e-14  0.000210188      4.20780      24.2639  0.000206757      4.77869      1.62917  0.000206889      3.61930      4.77427  1.76220e-14  1.11067e-14      6.03737      3.24274  7.51073e-15  6.50663e-05       57782.026       0          22         -45       0
      9.48387      7.33333      6.18549  7.21339e-15  8.80489e-05      6.02294      7.78125  8.82685e-05      6.18798      1.66417  8.82739e-05      5.19766      6.01801  9.64011e-15  7.55105e-15      7.83987      4.21880  4.85938e-15  6.47244e-05       57998.362       0          22         -45       0
      9.48387      7.41667      5.90893  7.78480e-15  0.000136811      5.39060      22.8914  0.000136705      5.92643      1.64167  0.000136722      4.52412      5.83284  1.21489e-14  7.95478e-15      7.48089      4.01967  5.25421e-15  6.62108e-05       58030.960       0          22         -45       0
      9.48387      7.50000      5.44093  8.93251e-15  0.000112917      5.16969      13.0156  0.000113490      5.44593      1.65667  0.000113326      4.54096      5.51890  1.20739e-14  8.72318e-15      6.90349      3.70352  6.00687e-15  6.42139e-05       57987.602       0          22         -45       0
      9.48387      7.58333      5.75134  8.14355e-15  0.000109060      5.48017      13.0156  0.000109473      5.75635      1.65667  0.000109395      4.72450      5.58119  1.13024e-14  8.56153e-15      7.32419      3.86264  5.44289e-15  6.41223e-05       58002.614       0          22         -45       0
      9.48387      7.66667      6.04143  7.50233e-15  8.43495e-05      5.87897      7.78125  8.46224e-05      6.04143      1.66667  8.43495e-05      5.16756      5.71197  9.73389e-15  8.23731e-15      7.65586      4.11862  5.05560e-15  6.41489e-05       58005.266       0          22         -45       0
      9.48387      7.75000      5.16106  9.75433e-15  0.000146317      4.74668      18.6172  0.000145815      5.17606      1.64417  0.000145825      4.14689      4.97936  1.40462e-14  1.03548e-14      6.55396      3.50628  6.55022e-15  6.41665e-05       58013.912       0          22         -45       0
      9.48387      7.83333      5.69854  8.26969e-15  0.000106320      5.46979      10.2344  0.000106797      5.71354      1.65667  0.000106903      4.69188      5.59811  1.14336e-14  8.51845e-15      7.19637      3.92001  5.60497e-15  6.67450e-05       57956.076       0          22         -45       0
      9.48387      7.91667      5.61645  8.47212e-15  9.13933e-05      5.45395      7.78125  9.17158e-05      5.61895      1.66417  9.16151e-05      4.79616      5.27736  1.10223e-14  9.39870e-15      7.08937      3.84603  5.74667e-15  6.46342e-05       58017.732       0          22         -45       0
      9.48387      8.00000      5.15099  9.78614e-15  0.000122574      4.87974      13.0156  0.000122939      5.16599      1.65167  0.000123046      4.31321      4.84782  1.31551e-14  1.08272e-14      6.55780      3.50851  6.54384e-15  6.11314e-05       57994.190       0          22         -45       0
      9.48387      8.08333      5.40572  9.02969e-15  0.000146374      4.92511      21.0703  0.000145550      5.42322      1.64167  0.000145569      4.31184      5.80264  1.31621e-14  8.02392e-15      6.84596      3.67324  6.09123e-15  5.96798e-05       57846.562       0          22         -45       0
      9.48387      8.16667      5.15109  9.78583e-15  0.000127747      4.87981      13.0156  0.000127890      5.15358      1.65167  0.000128005      4.25011      5.03105  1.34822e-14  1.01781e-14      6.53208      3.52378  6.58683e-15  5.95045e-05       57940.852       0          22         -45       0
      9.48387      8.25000      5.53742  8.67462e-15  0.000149190      4.99161      24.7485  0.000148500      5.54655      1.63933  0.000148486      4.28543      5.39869  1.32975e-14  9.04930e-15      7.02290      3.77166  5.83760e-15  5.85234e-05       57893.508       0          22         -45       0
      9.48387      8.33333      6.00627  7.57567e-15  8.14877e-05      5.84376      7.78125  8.17478e-05      6.00877      1.66417  8.16965e-05      5.19342      5.51818  9.65324e-15  8.72509e-15      7.61490      4.08931  5.10100e-15  5.88141e-05       57918.492       0          22         -45       0
      9.48387      8.41667      3.02739  2.37309e-14  0.000365483      2.68548      15.6975  0.000352871      3.05365      1.62917  0.000353338      2.42219      3.34601  3.44151e-14  2.00856e-14      3.81236      2.10774  1.61599e-14  6.05521e-05       57880.440       0          22         -45       0
      9.48387      8.50000      5.14134  9.81676e-15  0.000175070      4.58481      25.5650  0.000173193      5.14635      1.63667  0.000173222      3.96963      5.18857  1.51070e-14  9.66829e-15      6.54877      3.49939  6.55887e-15  5.92141e-05       57872.078       0          22         -45       0
      9.48387      8.58333      5.44224  8.92894e-15  0.000162602      4.89754      24.2639  0.000161461      5.44723      1.63667  0.000161551      4.14497      5.50881  1.40570e-14  8.74984e-15      6.88248      3.70975  6.03746e-15  5.85303e-05       57616.332       0          22         -45       0
      9.48387      8.66667      5.35364  9.17656e-15  0.000147310      4.87303      21.0703  0.000146379      5.37115      1.64167  0.000146388      4.26809      5.61270  1.33877e-14  8.48158e-15      6.78226      3.63442  6.18687e-15  5.52883e-05       57335.248       0          22         -45       0
      9.48387      8.75000      6.10864  7.36527e-15  0.000104170      5.80446      13.8765  0.000104545      6.11950      1.65401  0.000104569      4.91899      5.97516  1.05674e-14  7.64153e-15      7.75415      4.15418  4.94925e-15  5.49144e-05       56837.252       0          22         -45       0
      9.48387      8.83333      5.36515  9.14377e-15  0.000152256      4.88454      21.0703  0.000151465      5.38266      1.64167  0.000151471      4.21356      5.21676  1.36777e-14  9.58137e-15      6.81421      3.65296  6.13861e-15  5.48365e-05       56778.526       0          22         -45       0
      9.48387      8.91667      5.08147  1.00103e-14  0.000153620      4.65816      19.4404  0.000152433      5.09897      1.64167  0.000152499      4.13692      5.52036  1.41027e-14  8.71932e-15      6.46222      3.45040  6.70594e-15  5.61724e-05       56805.082       0          22         -45       0
      9.48387      9.00000      5.55586  8.62667e-15  0.000156292      4.96951      26.4371  0.000155199      5.56087      1.63667  0.000155232      4.28494      5.68729  1.33001e-14  8.29698e-15      7.05483      3.75188  5.79364e-15  5.66865e-05       56944.826       0          22         -45       0
      9.48387      9.08333      5.86295  7.88682e-15  8.96794e-05      5.70047      7.78125  8.99601e-05      5.86545      1.66417  8.99233e-05      4.99829      5.88262  1.02895e-14  7.84291e-15      7.39260      4.02471  5.35920e-15  5.99943e-05       57767.036       0          22         -45       0
      9.48387      9.16667      6.03603  7.51352e-15  7.44112e-05      5.87978      8.07812  7.46889e-05      6.04353      1.66417  7.46486e-05      5.30630      6.09877  9.31341e-15  7.38514e-15      7.64941      4.11268  5.06270e-15  5.38032e-05       58528.202       0          22         -45       0
      9.48387      9.25000      5.86182  7.88936e-15  0.000130131      5.38120      21.0703  0.000130084      5.87932      1.64167  0.000130202      4.46439      5.48154  1.24211e-14  8.82250e-15      7.43959      3.97884  5.30291e-15  5.20149e-05       58662.094       0          22         -45       0
      9.48387      9.33333      2.93312  2.50156e-14  0.000463570      2.50646      19.1846  0.000443569      2.95188      1.61917  0.000444647      2.24542      3.11960  3.90481e-14  2.25735e-14      3.67969      2.04538  1.71426e-14  5.60946e-05       58653.154       0          22         -45       0
      9.48387      9.41667      5.22046  9.57005e-15  0.000121909      4.94912      13.0156  0.000122144      5.23132      1.65401  0.000122110      4.34843      5.38244  1.29780e-14  9.09487e-15      6.61638      3.55289  6.44756e-15  5.72111e-05       58623.740       0          22         -45       0
      9.48387      9.50000      2.49469  3.27644e-14  0.000697647      2.07129      19.4404  0.000660799      2.50781      1.60792  0.000662639      1.85343      2.71711  5.37611e-14  2.84173e-14      3.11361      1.76906  2.26459e-14  6.53160e-05       58532.290       0          22         -45       0
      9.48387      9.58333      6.39935  6.81610e-15  0.000111844      5.91880      21.0703  0.000112364      6.41186      1.64667  0.000112331      5.00478      6.02164  1.02672e-14  7.54346e-15      8.07272      4.39860  4.62802e-15  5.96713e-05       58619.508       0          22         -45       0
      9.48387      9.66667      5.92661  7.74614e-15  0.000107864      5.61637      14.8322  0.000108215      5.92911      1.65167  0.000108360      4.85227      6.06071  1.08107e-14  7.46259e-15      7.49903      4.03735  5.23304e-15  5.46982e-05       58826.124       0          22         -45       0
      9.48387      9.75000      5.24610  9.49223e-15  0.000156595      4.73794      22.9275  0.000155506      5.26359      1.64167  0.000155450      4.20037      5.80155  1.37494e-14  8.02643e-15      6.66601      3.54871  6.36774e-15  5.49171e-05       58607.322       0          22         -45       0
      9.48387      9.83333      6.13828  7.30608e-15  0.000103750      5.80978      14.6455  0.000104420      6.15328      1.65167  0.000104546      5.01814      5.66873  1.02217e-14  8.34231e-15      7.78786      4.16536  4.91359e-15  5.79233e-05       58183.262       0          22         -45       0
      9.48387      9.91667      3.73892  1.66924e-14  0.000204521      3.43810      13.3769  0.000201205      3.75642      1.64167  0.000201243      2.99852      4.00393  2.41129e-14  1.48919e-14      4.74526      2.57134  1.12201e-14  7.05423e-05       58127.888       0          22         -45       0
      9.48387      10.0000      5.86819  7.87508e-15  0.000140170      5.32341      24.2639  0.000140248      5.87731      1.63933  0.000140316      4.62068      6.39402  1.17288e-14  6.82557e-15      7.43459      3.99862  5.30885e-15  6.78369e-05       58372.360       0          22         -45       0
      9.48387      10.0833      5.16118  9.75394e-15  0.000164412      4.65324      22.9275  0.000163518      5.16619      1.63667  0.000163623      3.89320      5.74413  1.56045e-14  8.16059e-15      6.54309      3.53464  6.56837e-15  6.19748e-05       58390.214       0          22         -45       0
      9.48387      10.1667      5.95605  7.68243e-15  0.000106719      5.65188      13.8765  0.000107131      5.96691      1.65401  0.000107130      4.82389      5.55861  1.09169e-14  8.61955e-15      7.58410      4.02429  5.13557e-15  5.24899e-05       58514.946       0          22         -45       0
      9.48387      10.2500      5.00101  1.02801e-14  0.000125252      4.72976      13.0156  0.000125235      5.00351      1.65167  0.000125306      3.99230      5.40709  1.49643e-14  9.02587e-15      6.37223      3.39605  6.86452e-15  5.38503e-05       58794.550       0          22         -45       0
      9.48387      10.3333      4.01927  1.47973e-14  0.000141295      3.90176      6.71875  0.000141558      4.02927      1.66167  0.000141697      3.37605      4.35595  1.97886e-14  1.29407e-14      5.02464      2.83189  1.01997e-14  6.12993e-05       58999.974       0          22         -45       0
      9.48387      10.4167      4.39849  1.27328e-14  0.000127727      4.28099      6.71875  0.000127968      4.40599      1.66417  0.000127972      3.65061      4.68943  1.73708e-14  1.14436e-14      5.49915      3.08814  8.77546e-15  6.10101e-05       59063.448       0          22         -45       0
      9.48387      10.5000      5.32961  9.24564e-15  0.000117917      5.16711      7.78125  0.000118236      5.32961      1.66167  0.000118395      4.37305      5.06804  1.28565e-14  1.00546e-14      6.69491      3.73035  6.32200e-15  5.97764e-05       58402.674       0          22         -45       0
      9.48387      10.5833      4.69596  1.14171e-14  0.000118311      4.58846      5.59375  0.000118158      4.70346      1.66417  0.000118591      3.92172      4.70581  1.54158e-14  1.13773e-14      5.85761      3.30240  7.89880e-15  5.65523e-05       59593.602       0          22         -45       0
      9.48387      10.6667      3.64532  1.74129e-14  0.000152096      3.50375      7.17578  0.000152556      3.64532      1.66167  0.000152347      3.11946      3.56269  2.25752e-14  1.80911e-14      4.57395      2.57001  1.19292e-14  7.73045e-05       60267.736       0          22         -45       0
      9.48387      10.7500      4.07928  1.44363e-14  0.000188321      3.85055      10.2344  0.000188475      4.09069      1.65323  0.000188404      3.32844      4.46644  2.02626e-14  1.24116e-14      5.12601      2.84248  9.86574e-15  7.85652e-05       59582.970       0          22         -45       0
      9.48387      10.8333      2.41778  3.45198e-14  0.000476123      2.14651      13.0156  0.000457267      2.43653      1.63167  0.000458613      1.86559      2.57175  5.31782e-14  3.11444e-14      2.99621      1.71993  2.41440e-14  5.87857e-05       59121.640       0          22         -45       0
      9.48387      10.9167      2.93497  2.49894e-14  0.000414523      2.59971      15.4767  0.000403093      2.96122      1.62917  0.000403566      2.16274      3.10776  4.15675e-14  2.27170e-14      3.67603      2.06778  1.71711e-14  5.93090e-05       60301.806       0          22         -45       0
      9.48387      11.0000      3.74440  1.66517e-14  0.000122410      3.61018      6.72461  0.000122755      3.74440      1.66167  0.000122462      3.25787      3.38065  2.09993e-14  1.97437e-14      4.70527      2.61953  1.13794e-14  5.59713e-05       60091.120       0          22         -45       0
      9.48387      11.0833      4.17248  1.39029e-14  0.000130751      4.08748      5.06250  0.000130548      4.17248      1.66667  0.000130751      3.52637      3.94260  1.84027e-14  1.52800e-14      5.21128      2.95712  9.59817e-15  6.20437e-05       59875.216       0          22         -45       0
      9.48387      11.1667      3.49698  1.86612e-14  0.000142231      3.42198      3.93750  0.000140982      3.50386      1.66885  0.000141531      3.10539      3.30965  2.27459e-14  2.04547e-14      4.31531      2.53437  1.31445e-14  7.04474e-05       60110.906       0          22         -45       0
      9.48387      11.2500      3.44620  1.91217e-14  0.000144358      3.39620      3.12500  0.000139737      3.45831      1.67264  0.000141489      2.97435      3.05926  2.44405e-14  2.33203e-14      2.58351      1.55316  3.09086e-14  7.02293e-05       60303.456       0          22         -45       0
      9.48387      11.3333      3.56352  1.80841e-14  0.000115402      3.52227      2.95312  0.000108747      3.57727      1.67542  0.000110566      3.23528      3.24527  2.12443e-14  2.11354e-14      4.35673      2.61355  1.29368e-14  8.15669e-05       61230.630       0         -19         -28       0
      9.48387      11.4167      2.13366  4.25162e-14  0.000679429      1.88207      12.0239  0.000656583      2.14740      1.62417  0.000656766      1.71673      2.46426  6.10840e-14  3.34414e-14      2.62612      1.55174  3.00773e-14  7.53988e-05       61525.412       0         -19         -28       0
      9.48387      11.5000      4.43379  1.25643e-14  0.000139190      4.21129      10.5312  0.000139463      4.43879      1.65667  0.000139319      3.69173      4.76031  1.70496e-14  1.11610e-14      5.59242      3.05112  8.53288e-15  6.70140e-05       61892.430       0         -19         -28       0
      9.48387      11.5833      4.20682  1.37143e-14  0.000126435      4.08933      6.71875  0.000126707      4.20682      1.66667  0.000126435      3.54628      4.50711  1.82309e-14  1.22255e-14      5.27725      2.94184  9.39902e-15  5.68183e-05       61939.618       0         -19         -28       0
      9.48387      11.6667      3.10852  2.27077e-14  0.000115501      2.57589     0.518466  0.000101499      3.12102      1.67667  0.000107424      2.85128      2.88724  2.62239e-14  2.56818e-14      3.80304      2.27534  1.62260e-14  7.72807e-05       62885.126       0         -19         -28       0
      9.48387      11.7500      3.40299  1.95282e-14  0.000124134      3.32798      3.93750  0.000122212      3.40924      1.67042  0.000122740      2.96506      3.33543  2.45681e-14  2.01918e-14      4.22548      2.44572  1.36135e-14  6.93495e-05       63649.462       0         -19         -28       0
      9.48387      11.8333      3.96186  1.51565e-14  0.000130951      3.86935      4.90625  0.000130126      3.97123      1.66854  0.000130275      3.32261      3.54223  2.03218e-14  1.82657e-14      4.91862      2.85101  1.05687e-14  7.53769e-05       62857.330       0         -19         -28       0
      9.48387      11.9167      5.03992  1.01482e-14  0.000127280      4.81116      10.2344  0.000128272      5.05492      1.65667  0.000128217      3.94382      5.58467  1.52722e-14  8.55264e-15      6.34595      3.50917  6.91196e-15  6.94178e-05       62953.182       0         -19         -28       0
      9.48387      12.0000      3.82980  1.60375e-14  0.000169506      3.64901      9.21289  0.000169827      3.83480      1.65667  0.000169728      3.10898      4.01347  2.27021e-14  1.48330e-14      4.79760      2.69614  1.10168e-14  5.57643e-05       63148.072       0         -19         -28       0
      9.48387      12.0833      5.31299  9.29388e-15  0.000104312      5.15049      7.78125  0.000104596      5.31299      1.66167  0.000104699      4.29375      5.57504  1.32547e-14  8.57726e-15      6.69418      3.68593  6.32315e-15  5.31151e-05       64155.612       0         -19         -28       0
      9.48387      12.1667      4.66217  1.15553e-14  9.88458e-05      4.58715      3.93750  9.73526e-05      4.66217      1.67167  9.78156e-05      3.87721      4.39134  1.57120e-14  1.27673e-14      5.82043      3.27900  7.98308e-15  6.29972e-05       64911.834       0         -19         -28       0
      9.48387      12.2500      4.40680  1.26928e-14  9.65905e-05      4.35680      3.12500  9.24183e-05      4.42180      1.67417  9.37035e-05      3.71086      4.22011  1.69033e-14  1.36423e-14      5.46774      3.15205  8.85965e-15  6.42685e-05       65224.200       0         -19         -28       0
      9.48387      12.3333      2.34970  3.62028e-14  0.000425045      2.15449      9.80322  0.000415873      2.36720      1.64167  0.000416187      1.86602      2.48873  5.31579e-14  3.28951e-14      2.90086      1.69568  2.54811e-14  6.64730e-05       65246.516       0         -19         -28       0
      9.48387      12.4167      4.86345  1.07693e-14  8.34671e-05      4.80595      3.37500  8.05598e-05      4.87845      1.67417  8.11956e-05      4.15645      4.16582  1.39924e-14  1.39400e-14      6.06332      3.44673  7.45725e-15  6.85489e-05       65244.166       0         -19         -28       0
      9.48387      12.5000      2.13309  4.25351e-14  0.000939556      1.76373      17.5547  0.000893542      2.16122      1.59793  0.000894433      1.60947      2.36631  6.80181e-14  3.57802e-14      2.63169      1.54410  2.99712e-14  7.78357e-05       65395.718       0         -19         -28       0
      9.48387      12.5836      3.41622  1.94023e-14  0.000290130      3.08768      14.6455  0.000285002      3.42957      1.63901  0.000285202      2.75346      3.83354  2.77949e-14  1.60114e-14      4.30498      2.38741  1.31971e-14  5.28129e-05       65526.568       0         -19         -28       0
      9.48387      12.6667      2.34508  3.63216e-14  0.000294927      2.20352      7.17578  0.000291340      2.35649      1.65323  0.000291315      2.04067      2.51666  4.57939e-14  3.22890e-14      2.89024      1.70261  2.56373e-14  5.97199e-05       65527.824       0         -19         -28       0
      9.48387      12.7500      2.49227  3.28174e-14  0.000365181      2.28759      9.77734  0.000354784      2.50977      1.64167  0.000355022      2.11825      2.66458  4.30327e-14  2.93572e-14      3.09234      1.77506  2.29060e-14  5.63251e-05       65527.834       0         -19         -28       0
      9.48387      12.8333      3.36874  1.98602e-14  0.000159905      3.20008      8.53809  0.000158898      3.37374      1.65667  0.000158718      2.93959      3.61143  2.49240e-14  1.76860e-14      4.24074      2.34874  1.35319e-14  5.24738e-05       65528.000      1.00000         -19         -28       0
      9.48387      12.9167      2.03406  4.60421e-14  0.000608524      1.82532      9.98438  0.000587243      2.05281      1.63167  0.000587772      1.67008      2.27332  6.39537e-14  3.82527e-14      3.30144      1.90779  2.05395e-14  5.93776e-05       65528.000      1.00000         -19         -28       0
      9.48387      13.0000      2.70342  2.86576e-14  0.000596451      2.25637      20.6392  0.000570261      2.72426      1.61232  0.000571854      2.02396      3.06327  4.64259e-14  2.32695e-14      3.38664      1.91217  1.96856e-14  7.21649e-05       65528.000      1.00000         -19         -28       0
      9.48387      13.0833      1.95284  4.92776e-14   0.00105333      1.60516      16.1962  0.000996188      1.97097      1.60293  0.000999617      1.36052      2.09994  9.00029e-14  4.36600e-14      4.11842      2.30476  1.42084e-14  5.97291e-05       65528.000      1.00000         -19         -28       0
      9.48387      13.1667      4.50712  1.22254e-14  0.000134249      4.26016      11.6660  0.000134207      4.51798      1.65401  0.000134126      3.56927      4.49259  1.80356e-14  1.22914e-14      5.68989      3.10487  8.29066e-15  5.77465e-05       65528.000      1.00000         -19         -28       0
      9.48387      13.2500      2.83572  2.64640e-14  0.000319433      2.58692      11.4307  0.000310634      2.84486      1.63933  0.000310649      2.37431      2.98344  3.55795e-14  2.43164e-14      3.54551      1.99593  1.82375e-14  6.45547e-05       65528.000      1.00000         -19         -28       0
      9.48387      13.3333      4.60289  1.18044e-14  0.000125138      4.39413      9.98438  0.000125367      4.60789      1.65667  0.000125336      3.70010      4.48208  1.69853e-14  1.23395e-14      5.81903      3.16960  7.98629e-15  5.35477e-05       65528.000      1.00000         -19         -28       0
      9.48387      13.4167      3.43458  1.92297e-14  0.000179199      3.23086      9.92188  0.000177605      3.44599      1.65323  0.000177569      2.84406      3.48860  2.63349e-14  1.87360e-14      4.32835      2.39958  1.30785e-14  5.18707e-05       65528.000      1.00000         -19         -28       0
      9.48387      13.5000      4.13053  1.41390e-14  0.000164171      3.85928      13.0156  0.000162898      4.14303      1.64667  0.000162934      3.33399      4.29501  2.02064e-14  1.32481e-14      5.23308      2.83977  9.53163e-15  5.09189e-05       65528.000      1.00000         -19         -28       0
      9.48387      13.5833      3.46359  1.89620e-14  0.000174840      3.30109      7.78125  0.000174800      3.47859      1.65667  0.000174663      2.91433      3.65434  2.52851e-14  1.73413e-14      4.33768      2.44152  1.30317e-14  5.25488e-05       65528.000      1.00000         -19         -28       0
      9.48387      13.6667      3.19242  2.17218e-14  0.000176956      3.02991      7.78125  0.000176257      3.19742      1.65667  0.000176095      2.71956      3.21049  2.83747e-14  2.15184e-14      3.97496      2.25181  1.50733e-14  5.83016e-05       65528.000      1.00000         -19         -28       0
      9.48387      13.7500      3.84862  1.59070e-14  0.000128545      3.68612      7.78125  0.000128823      3.85284      1.65972  0.000128645      3.32394      4.08820  2.03083e-14  1.43838e-14      4.84467      2.67451  1.08390e-14  6.10103e-05       65528.000      1.00000         -19         -28       0
      9.48387      13.8333      5.00584  1.02636e-14  0.000133695      4.84334      7.78125  0.000134129      5.00584      1.66167  0.000134293      4.00990      4.72861  1.48550e-14  1.12860e-14      6.25340      3.53316  7.08329e-15  6.59346e-05       65528.000      1.00000         -19         -28       0
      9.48387      13.9167      4.85225  1.08108e-14  0.000102674      4.71475      6.96875  0.000102904      4.85537      1.66448  0.000102910      4.02848      5.12761  1.47410e-14  9.86061e-15      6.10940      3.36074  7.36373e-15  5.85491e-05       65528.000      1.00000         -19         -28       0
      9.48387      14.0000      2.07318  4.46032e-14  0.000525775      1.86538      9.62891  0.000504245      2.08826      1.63558  0.000505472      1.75577      2.30054  5.88366e-14  3.75012e-14      3.58767      2.03964  1.78817e-14  5.54269e-05       65528.000      1.00000         -19         -28       0
      9.48387      14.0833      2.81729  2.67533e-14  0.000170314      2.69980      6.71875  0.000169824      2.82541      1.65948  0.000169457      2.47730      2.83513  3.31485e-14  2.64732e-14      3.50862      2.00452  1.85581e-14  5.72193e-05       65528.000      1.00000         -19         -28       0
      9.48387      14.1667      3.68725  1.70841e-14  0.000157750      3.50466      8.97754  0.000157350      3.69288      1.65479  0.000157284      3.11707      3.84680  2.26040e-14  1.59195e-14      4.64410      2.57664  1.16304e-14  7.26868e-05       65528.000      1.00000         -19         -28       0
      9.48387      14.2500      4.17243  1.39032e-14  0.000185545      3.90119      13.0156  0.000185226      4.17493      1.65167  0.000185117      3.39472      4.42919  1.96075e-14  1.25860e-14      5.24687      2.89908  9.48992e-15  7.69051e-05       65528.000      1.00000         -19         -28       0
      9.48387      14.3333      3.77962  1.63939e-14  0.000176682      3.57089      9.98438  0.000176164      3.79048      1.65401  0.000176075      3.10213      3.98388  2.27857e-14  1.50171e-14      4.74716      2.63600  1.12126e-14  5.77481e-05       65528.000      1.00000         -19         -28       0
      9.48387      14.4167      5.74431  8.16018e-15  0.000111363      5.41265      15.7336  0.000111974      5.75571      1.65323  0.000111852      4.78939      6.13468  1.10483e-14  7.31322e-15      7.23572      3.95973  5.55425e-15  5.92206e-05       65528.000      1.00000         -19         -28       0
      9.48387      14.5000      3.80705  1.61975e-14  0.000189019      3.64455      7.78125  0.000189416      3.82205      1.65667  0.000189459      3.20071      4.07517  2.16281e-14  1.44606e-14      4.76696      2.68271  1.11351e-14  6.06545e-05       65528.000      1.00000         -19         -28       0
      9.48387      14.5833      2.13295  4.25396e-14  0.000418924      1.96098      8.38708  0.000404796      2.14334      1.64183  0.000404556      1.87407      2.31343  5.27778e-14  3.71537e-14      3.76066      2.13662  1.65319e-14  5.45823e-05       65528.000      1.00000         -19         -28       0
      9.48387      14.6667      3.22611  2.13450e-14  0.000192879      3.05412      8.38708  0.000191781      3.23697      1.65401  0.000191685      2.77502      3.33042  2.74359e-14  2.02425e-14      4.02714      2.26748  1.47492e-14  5.09924e-05       65528.000      1.00000         -19         -28       0
      9.48387      14.7500      2.91308  2.53032e-14  0.000417236      2.52368      18.3047  0.000398682      2.92684      1.62417  0.000399730      2.11818      3.12787  4.30354e-14  2.24741e-14      5.87918      3.14320  7.85057e-15  5.49358e-05       65528.000      1.00000         -19         -28       0
      9.48387      14.8333      3.66069  1.72912e-14  0.000157489      3.42580      10.9912  0.000155225      3.66319      1.65167  0.000155229      3.05753      3.71453  2.33423e-14  1.68754e-14      4.62352      2.52382  1.17168e-14  5.43171e-05       65528.000      1.00000         -19         -28       0
      9.48387      14.9167      4.70996  1.13606e-14  9.78058e-05      4.59247      6.71875  9.79590e-05      4.71746      1.66417  9.80149e-05      4.02126      4.79585  1.47851e-14  1.10235e-14      5.95110      3.25098  7.69307e-15  5.12863e-05       65528.000      1.00000         -19         -28       0
      9.48387      15.0000      2.97548  2.44249e-14  0.000344628      2.68329      13.6211  0.000336102      2.99673      1.63417  0.000336231      2.41536      3.39406  3.45774e-14  1.96139e-14      3.72845      2.09497  1.67706e-14  6.05178e-05       65528.000      1.00000         -19         -28       0
      9.48387      15.0833      4.25507  1.34561e-14  0.000112166      4.05036      9.77734  0.000111815      4.26007      1.65667  0.000111701      3.56821      4.36738  1.80445e-14  1.28843e-14      5.40105      2.89319  9.04272e-15  5.70826e-05       65528.000      1.00000         -19         -28       0
      9.48387      15.1667      6.69577  6.32064e-15  7.78659e-05      6.42456      13.0156  7.85001e-05      6.70327      1.65917  7.83762e-05      5.25303      6.94118  9.47137e-15  5.95260e-15      8.47801      4.57690  4.26520e-15  5.22864e-05       65528.000      1.00000         -19         -28       0
      9.48387      15.2500      6.05925  7.46558e-15  0.000103529      5.74910      14.8322  0.000104146      6.06176      1.65167  0.000104385      4.66780      6.43000  1.15321e-14  6.76203e-15      7.63210      4.17055  5.08186e-15  6.29053e-05       65528.000      1.00000         -19         -28       0
      9.48387      15.3333      5.08041  1.00138e-14  0.000119795      4.80916      13.0156  0.000120256      5.08541      1.65667  0.000120022      4.01386      5.21949  1.48306e-14  9.57303e-15      6.44964      3.47364  6.72775e-15  6.13653e-05       65528.000      1.00000         -19         -28       0
      9.48387      15.4167      3.58188  1.79299e-14  0.000159502      3.50688      3.93750  0.000156727      3.58875      1.66885  0.000158505      3.25298      3.73671  2.10520e-14  1.67089e-14      4.38322      2.62843  1.28068e-14  9.05760e-05       65528.000      1.00000         -19         -28       0
      9.48387      15.5000      4.76077  1.11592e-14  8.28886e-05      4.67078      4.87500  8.22788e-05      4.77015      1.66854  8.24676e-05      4.05899      4.51698  1.45568e-14  1.21810e-14      6.00191      3.30179  7.58484e-15  5.79688e-05       65528.000      1.00000         -19         -28       0
      9.48387      15.5833      5.02104  1.02119e-14  0.000148662      4.59438      19.1846  0.000147889      5.03854      1.64167  0.000147932      3.87527      5.54988  1.57251e-14  8.64217e-15      6.38580      3.42838  6.84021e-15  5.55613e-05       65528.000      1.00000         -19         -28       0
      9.48387      15.6667      6.72117  6.28089e-15  9.63552e-05      6.35190      17.5547  9.70471e-05      6.72367      1.65167  9.71577e-05      5.07884      7.26470  1.00189e-14  5.51738e-15      8.49231      4.63164  4.25323e-15  6.55513e-05       65528.000      1.00000         -19         -28       0
      9.48387      15.7500      3.99059  1.49750e-14  0.000171625      3.71933      13.0156  0.000170092      3.99559      1.64917  0.000170083      3.29174      4.40854  2.06404e-14  1.26844e-14      5.05132      2.74679  1.01101e-14  6.48762e-05       65528.000      1.00000         -19         -28       0
      9.48387      15.8333      5.62416  8.45277e-15  0.000129538      5.19759      19.1846  0.000129832      5.62667      1.65167  0.000129532      4.36006      5.98760  1.29204e-14  7.61508e-15      7.10306      3.84472  5.72823e-15  6.00530e-05       65528.000      1.00000         -19         -28       0
      9.48387      15.9167      4.44640  1.25050e-14  0.000156851      4.11788      14.6455  0.000156097      4.45140      1.64917  0.000156010      3.55999      5.00145  1.81140e-14  1.02786e-14      5.64218      3.03624  8.40784e-15  5.58632e-05       65528.000      1.00000         -19         -28       0
      9.48387      16.0000      5.16136  9.75339e-15  0.000120092      4.89010      13.0156  0.000120289      5.16386      1.65167  0.000120432      4.14154      5.62902  1.40764e-14  8.44063e-15      6.56231      3.51152  6.53634e-15  5.87888e-05       65528.000      1.00000         -19         -28       0
      9.48387      16.0833      4.82874  1.08987e-14  0.000139343      4.46547      16.5990  0.000138732      4.84124      1.64667  0.000138701      3.80444      5.02868  1.62160e-14  1.01861e-14      6.14291      3.26825  7.29690e-15  5.33066e-05       65528.000      1.00000         -19         -28       0
      9.48387      16.1667      3.97438  1.50769e-14  0.000266607      3.51373      20.8203  0.000261056      4.00063      1.62917  0.000261215      3.04681      4.33652  2.34794e-14  1.30375e-14      5.02111      2.73760  1.02117e-14  5.23733e-05       65528.000      1.00000         -19         -28       0
      9.48387      16.2500      6.45183  6.72394e-15  0.000106396      5.97115      21.0703  0.000106982      6.46432      1.64667  0.000106959      4.78762      7.12929  1.10551e-14  5.69315e-15      8.14534      4.42962  4.55946e-15  5.26170e-05       65528.000      1.00000         -19         -28       0
      9.48387      16.3333      5.19488  9.64874e-15  0.000141494      4.83152      16.5990  0.000141793      5.19737      1.65167  0.000141564      4.00871      5.26704  1.48624e-14  9.42940e-15      6.56747      3.57860  6.52778e-15  5.34297e-05       65528.000      1.00000         -19         -28       0
      9.48387      16.4167      6.91244  5.99391e-15  9.58439e-05      6.43185      21.0703  9.64155e-05      6.92494      1.64667  9.65165e-05      5.15113      7.29639  9.78568e-15  5.47750e-15      8.78354      4.70748  4.02080e-15  5.11796e-05       65528.000      1.00000         -19         -28       0
      9.48387      16.5000      4.86879  1.07496e-14  0.000109606      4.64630      10.5312  0.000110013      4.88379      1.65667  0.000109934      3.90487      4.77417  1.55269e-14  1.11071e-14      6.17420      3.33705  7.23538e-15  5.08041e-05       65528.000      1.00000         -19         -28       0
      9.48387      16.5833      4.07505  1.44613e-14  0.000216610      3.70563      17.5547  0.000214607      4.08364      1.64011  0.000214630      3.19699      4.44979  2.16701e-14  1.24891e-14      5.12916      2.82931  9.85564e-15  5.34170e-05       65528.000      1.00000         -19         -28       0
      9.48387      16.6667      6.40269  6.81018e-15  9.04570e-05      6.17394      10.2344  9.09913e-05      6.40581      1.65885  9.11259e-05      4.98012      6.72102  1.03521e-14  6.28112e-15      8.08507      4.41055  4.61625e-15  5.43926e-05       65528.000      1.00000         -19         -28       0
      9.48387      16.7500      5.27515  9.40527e-15  0.000100047      5.13766      6.96875  0.000100215      5.28265      1.66417  0.000100332      4.29425      5.54576  1.32521e-14  8.65288e-15      6.60634      3.70419  6.46389e-15  5.70089e-05       65528.000      1.00000         -19         -28       0
      9.48387      16.8333      6.21074  7.16457e-15  8.28178e-05      6.00567      10.5625  8.33500e-05      6.21074      1.66167  8.32813e-05      4.96646      6.53295  1.03996e-14  6.58537e-15      7.84649      4.25653  4.85255e-15  5.41625e-05       65528.000      1.00000         -19         -28       0
      9.48387      16.9167      6.75130  6.23424e-15  8.54420e-05      6.52249      10.2344  8.59676e-05      6.75879      1.65917  8.61462e-05      5.24110      6.83541  9.50734e-15  6.10690e-15      8.46735      4.70438  4.27415e-15  5.39401e-05       65528.000      1.00000         -19         -28       0
      9.48387      17.0000      5.78049  8.07523e-15  9.38683e-05      5.67299      5.59375  9.35442e-05      5.78049      1.66667  9.38683e-05      4.59614      6.18215  1.18333e-14  7.21988e-15      7.21502      4.07837  5.58084e-15  5.86781e-05       65528.000      1.00000         -19         -28       0
      9.48387      17.0833      6.58982  6.49092e-15  7.93054e-05      6.48233      5.59375  7.89250e-05      6.59982      1.66667  7.92496e-05      5.26245      6.67546  9.44312e-15  6.35272e-15      8.28010      4.56621  4.43646e-15  5.51542e-05       65528.000      1.00000         -19         -28       0
      9.48387      17.1667      6.76612  6.21149e-15  7.57247e-05      6.60363      7.78125  7.58764e-05      6.77612      1.66167  7.62788e-05      5.26733      7.16702  9.42854e-15  5.64328e-15      8.48928      4.70924  4.25576e-15  5.35856e-05       65528.000      1.00000         -19         -28       0
      9.48387      17.2500      7.22746  5.56484e-15  7.99030e-05      6.94961      12.5039  8.04822e-05      7.24246      1.65667  8.06511e-05      5.45770      7.66261  8.88683e-15  5.04818e-15      9.10109      5.00229  3.78971e-15  5.46286e-05       65528.000      1.00000         -19         -28       0
      9.48387      17.3333      5.04469  1.01322e-14  0.000132667      4.68126      16.5990  0.000132307      5.05031      1.64948  0.000132220      4.25863      5.33851  1.34373e-14  9.21997e-15      6.42505      3.41274  6.77073e-15  5.38442e-05       65528.000      1.00000         -19         -28       0
      9.48387      17.4167      5.03967  1.01490e-14  0.000128497      4.70138      15.9545  0.000128120      5.04217      1.65167  0.000128034      4.22589      4.76383  1.36112e-14  1.11473e-14      6.42095      3.41260  6.77792e-15  5.71207e-05       65528.000      1.00000         -19         -28       0
      9.48387      17.5000      4.52877  1.21282e-14  0.000171595      4.15927      17.5547  0.000168834      4.54627      1.64167  0.000168882      3.75161      4.62783  1.65984e-14  1.16986e-14      5.76311      3.06863  8.11584e-15  5.94590e-05       65528.000      1.00000         -19         -28       0
      9.48387      17.5833      5.38135  9.09795e-15  0.000109574      5.11011      13.0156  0.000109558      5.39221      1.65401  0.000109539      4.47712      5.36074  1.23623e-14  9.15631e-15      6.86347      3.63077  6.06535e-15  5.25333e-05       65528.000      1.00000         -19         -28       0
      9.48387      17.6667      4.05129  1.46029e-14  0.000244567      3.57065      21.0703  0.000239048      4.07754      1.62917  0.000239210      3.19324      4.25908  2.17125e-14  1.34349e-14      5.14333      2.75764  9.81044e-15  6.56336e-05       65528.000      1.00000         -19         -28       0
      9.48387      17.7500      5.51960  8.72134e-15  0.000112944      5.29083      10.2344  0.000113362      5.53460      1.65667  0.000113423      4.66250      5.27365  1.15539e-14  9.40971e-15      7.01001      3.73094  5.85551e-15  7.53579e-05       65528.000      1.00000         -19         -28       0
      9.48387      17.8333      4.85249  1.08099e-14  0.000118579      4.58121      13.0156  0.000118169      4.85499      1.65167  0.000118177      4.21285      5.09013  1.36815e-14  9.98193e-15      6.18311      3.28112  7.21800e-15  5.29292e-05       65528.000      1.00000         -19         -28       0
      9.48387      17.9167      4.94461  1.04763e-14  0.000177101      4.40487      23.7928  0.000174445      4.94961      1.63667  0.000174516      3.90121      4.95849  1.55512e-14  1.04275e-14      6.31580      3.33977  6.96705e-15  4.95571e-05       65528.000      1.00000         -19         -28       0
      9.48387      18.0000      5.88987  7.82684e-15  0.000102863      5.57962      14.8322  0.000102962      5.89237      1.65167  0.000103058      4.86507      5.83655  1.07633e-14  7.94637e-15      7.50027      3.95702  5.23160e-15  4.85289e-05       65528.000      1.00000         -19         -28       0
      9.48387      18.0833      3.03490  2.36332e-14  0.000336508      2.70325      15.7336  0.000323911      3.05865      1.63167  0.000324546      2.54256      3.16856  3.17427e-14  2.19950e-14      3.81426      2.10559  1.61465e-14  5.10398e-05       65528.000      1.00000         -19         -28       0
      9.48387      18.1667      2.49322  3.27965e-14  0.000727824      2.03259      20.8203  0.000684493      2.52134      1.59793  0.000685952      1.81028      2.86602  5.59136e-14  2.59994e-14      3.12115      1.76035  2.25548e-14  5.64796e-05       65528.000      1.00000         -19         -28       0
      9.48387      18.2500      3.67209  1.72018e-14  0.000239718      3.30271      17.5547  0.000233285      3.68599      1.63823  0.000233678      2.95314      4.01771  2.47338e-14  1.48069e-14      4.65439      2.52825  1.15875e-14  4.96788e-05       65528.000      1.00000         -19         -28       0
      9.48387      18.3333      4.33165  1.30619e-14  0.000266135      3.71446      27.1836  0.000258131      4.35541      1.61917  0.000258343      3.27381      4.27529  2.08292e-14  1.33502e-14      5.50241      2.93950  8.76680e-15  5.11728e-05       65528.000      1.00000         -19         -28       0
      9.48387      18.4167      4.57486  1.19252e-14  0.000159711      4.20560      17.5547  0.000157860      4.58237      1.64667  0.000157935      3.83498      4.45893  1.60014e-14  1.24464e-14      5.82567      3.09374  7.97112e-15  5.24533e-05       65528.000      1.00000         -19         -28       0
      9.48387      18.5000      5.00383  1.02705e-14  0.000150519      4.57714      19.1846  0.000149147      5.02132      1.64167  0.000149202      4.07730      4.85446  1.44480e-14  1.08026e-14      6.37151      3.39103  6.86580e-15  5.22564e-05       65528.000      1.00000         -19         -28       0
      9.48387      18.5833      4.03933  1.46751e-14  0.000186010      3.70756      15.7336  0.000183039      4.05682      1.64167  0.000183105      3.31707      4.40633  2.03784e-14  1.26950e-14      5.13058      2.75780  9.85110e-15  5.26729e-05       65528.000      1.00000         -19         -28       0
      9.48387      18.6667      4.32931  1.30737e-14  0.000243572      3.76500      24.9276  0.000237336      4.35555      1.62917  0.000237700      3.30134      4.67811  2.05405e-14  1.14898e-14      5.50278      2.94042  8.76582e-15  5.12104e-05       65528.000      1.00000         -19         -28       0
      9.48387      18.7500      4.24223  1.35240e-14  0.000193987      3.82781      18.6172  0.000190408      4.25137      1.63933  0.000190542      3.38981      4.65931  1.96548e-14  1.15672e-14      5.38822      2.88036  9.07864e-15  5.11049e-05       65528.000      1.00000         -19         -28       0
      9.48387      18.8333      3.95609  1.51933e-14  0.000270001      3.47548      21.0703  0.000262357      3.97398      1.62683  0.000262531      3.12229      4.26854  2.25410e-14  1.33854e-14      5.02018      2.69894  1.02148e-14  5.02040e-05       65528.000      1.00000         -19         -28       0
      9.48387      18.9167      4.46903  1.23996e-14  0.000250757      3.80692      28.2461  0.000243752      4.49341      1.62042  0.000243985      3.27408      4.83225  2.08264e-14  1.08855e-14      5.68513      3.03597  8.30224e-15  5.02816e-05       65528.000      1.00000         -19         -28       0
      9.48387      19.0000      5.75756  8.12890e-15  0.000120917      5.33086      19.1846  0.000121028      5.77005      1.64667  0.000121008      4.45807      5.60715  1.24504e-14  8.49556e-15      7.31982      3.89205  5.44831e-15  5.27204e-05       65528.000      1.00000         -19         -28       0
      9.48387      19.0833      5.70799  8.24690e-15  0.000102715      5.43664      13.0156  0.000103233      5.72299      1.65667  0.000103099      4.72173      5.70084  1.13134e-14  8.26413e-15      7.24727      3.87517  5.53952e-15  5.55319e-05       65528.000      1.00000         -19         -28       0
      9.48387      19.1667      4.95060  1.04552e-14  0.000180220      4.43233      22.8914  0.000178079      4.96435      1.63667  0.000178134      3.83871      5.01553  1.59754e-14  1.02306e-14      6.30540      3.34653  6.98620e-15  5.52629e-05       65528.000      1.00000         -19         -28       0
      9.48387      19.2500      5.04313  1.01375e-14  0.000171048      4.56251      21.0703  0.000170259      5.06063      1.64167  0.000170148      3.91274      4.96608  1.54749e-14  1.04009e-14      6.41110      3.43057  6.79530e-15  7.14365e-05       65528.000      1.00000         -19         -28       0
      9.48387      19.3333      4.85019  1.08184e-14  0.000154403      4.48081      17.5547  0.000153698      4.86519      1.64417  0.000153742      3.95166      4.85567  1.52217e-14  1.07981e-14      6.17508      3.28283  7.23367e-15  6.25311e-05       65528.000      1.00000         -19         -28       0
      9.48387      19.4167     0.311709  1.04917e-12   0.00656109     0.211690     0.184275   0.00487535     0.962247      1.25044   0.00488310     0.293883     0.327236  1.15737e-12  9.67520e-13     0.211752     0.191869  1.99855e-12   0.00232485       65138.772       0         -19         -28       0
      9.48387      19.5000     0.410306  6.63614e-13   0.00358868     0.284302     0.197202   0.00234447      1.38418      1.25180   0.00235787     0.380753     0.416815  7.51662e-13  6.46434e-13     0.283509     0.245208  1.22881e-12   0.00165315       63007.240       0         -19         -29       0
      9.48387      19.5833      1.07461  1.33355e-13   0.00134948      1.03586      3.04688   0.00134135      1.08211      1.66417   0.00134901     0.959810      1.06735  1.60985e-13  1.34871e-13     0.849494     0.611559  1.97316e-13  0.000297467       61144.638       0         -20         -29       0
      9.48387      19.6667      1.04973  1.38665e-13  0.000931296     0.634292     0.124740  0.000653998      5.18376      1.23860  0.000662857     0.938213      1.06850  1.67209e-13  1.34629e-13     0.701956     0.521227  2.71172e-13  0.000345040       63517.956       0         -20         -29       0
      9.48387      19.7500      1.00512  1.49074e-13   0.00139031     0.955119      3.12500   0.00139009      1.02012      1.65667   0.00139124     0.901601      1.07842  1.78678e-13  1.32571e-13     0.946665     0.668848  1.64728e-13  0.000225455       63110.508       0         -20         -29       0
      9.48387      19.8333     0.822599  2.08185e-13   0.00107188     0.575255     0.206862  0.000642494      3.28591      1.26574  0.000644485     0.775167     0.823898  2.29846e-13  2.07638e-13     0.564227     0.435035  3.90247e-13  0.000531606       62631.422       0         -20         -29       0
      9.48387      19.9167     0.722838  2.58242e-13   0.00135582     0.509635     0.217391  0.000938544      2.64954      1.27407  0.000936538     0.679059     0.716934  2.86582e-13  2.61796e-13     0.500717     0.392633  4.76184e-13  0.000612293       63598.516       0         -20         -29       0
      9.48387      20.0000      1.07131  1.34040e-13  0.000945073     0.617012     0.106513  0.000609811      8.87639      1.14264  0.000616362     0.934619      1.09154  1.68282e-13  1.29925e-13     0.667840     0.499693  2.94651e-13  0.000372893       62928.532       0         -20         -29       0
      9.48387      20.0833      1.18095  1.13949e-13  0.000704111     0.764661     0.145753  0.000391676      8.12126      1.18683  0.000391215      1.10160      1.13379  1.27954e-13  1.21958e-13     0.748765     0.550339  2.43511e-13  0.000316091       61575.826       0         -20         -29       0
      9.48387      20.1667      1.07045  1.34219e-13  0.000813248     0.655557     0.121840  0.000406600      8.75599      1.14843  0.000404288      1.01263      1.01781  1.47234e-13  1.45987e-13     0.673829     0.502684  2.90299e-13  0.000343716       60861.348       0         -20         -29       0
      9.48387      20.2500      1.22075  1.07825e-13  0.000860393     0.678031    0.0978616  0.000632901      1.23934      1.69076  0.000748992      1.13158      1.16952  1.22355e-13  1.15811e-13     0.718405     0.532349  2.60904e-13  0.000379718       61140.564       0         -20         -29       0
      9.48387      20.3333     0.855908  1.94858e-13  0.000879756     0.606503     0.215967  0.000428486      3.35696      1.27204  0.000432360     0.819384     0.833680  2.09548e-13  2.03593e-13     0.616664     0.468185  3.36523e-13  0.000433990       60126.242       0         -20         -29       0
      9.48387      20.4167      1.24199  1.04769e-13  0.000738971     0.885725     0.232422  0.000622956      4.94257      1.29099  0.000622473      1.13243      1.22486  1.22202e-13  1.07223e-13     0.868045     0.624362  1.90338e-13  0.000298249       60817.844       0         -20         -29       0
      9.48387      20.5000      1.10089  1.28092e-13  0.000777805     0.719500     0.157016  0.000518612      5.95303      1.22331  0.000518166      1.03985      1.07536  1.40867e-13  1.33200e-13     0.724565     0.535659  2.57217e-13  0.000354756       57861.828       0         -20         -29       0
      9.48387      20.5833      1.11952  1.24559e-13  0.000918637     0.596822    0.0857173  0.000548490      12.3760      1.09991  0.000554758      1.04579      1.10319  1.39537e-13  1.27648e-13     0.660539     0.495034  3.00099e-13  0.000395205       59082.496       0         -20         -29       0
      9.48387      20.6667      1.05048  1.38501e-13  0.000880836     0.632647     0.122423  0.000553329      7.48211      1.16668  0.000553539      1.02089      1.05792  1.45254e-13  1.36879e-13     0.667506     0.499963  2.94897e-13  0.000437990       56246.938       0         -20         -29       0
      9.48387      20.7500      1.01901  1.45701e-13   0.00115665     0.989013      2.25000   0.00111347      1.92347      1.46441   0.00110037     0.919324      1.03665  1.72974e-13  1.41593e-13     0.780806     0.570373  2.27086e-13  0.000307057       55316.534       0         -20         -29       0
      9.48387      20.8333      1.14936  1.19217e-13  0.000788519     0.685625     0.117382  0.000485016      1.17687      1.69229  0.000624057      1.06470      1.12882  1.35431e-13  1.22854e-13     0.723067     0.535257  2.58106e-13  0.000369480       55804.510       0         -20         -29       0
      9.48387      20.9167      1.73481  6.00263e-14  0.000487398      1.73731      1.25000  0.000360645      19.2793      1.13609  0.000315006      1.62420      1.59437  6.69934e-14  6.90948e-14     0.966109     0.680212  1.59240e-13  0.000247999       52610.986       0         -20         -29       0
      9.48387      21.0000      1.04567  1.39563e-13   0.00106772     0.533625    0.0782537  0.000640096      14.4181      1.05841  0.000649403     0.918741      1.01195  1.73157e-13  1.47400e-13     0.602072     0.458742  3.50226e-13  0.000490654       55350.414       0         -20         -29       0
      9.48387      21.0833     0.763531  2.35714e-13   0.00149417     0.649168     0.564972   0.00135269      1.57188      1.42773   0.00135160     0.703200     0.777480  2.70374e-13  2.28707e-13     0.581429     0.446250  3.71195e-13  0.000506282       52242.074       0         -20         -29       0
      9.48387      21.1667     0.901835  1.78601e-13   0.00208612     0.846524      3.59766   0.00208684     0.921836      1.64667   0.00208839     0.787526     0.956639  2.23866e-13  1.61876e-13     0.814670     0.591425  2.11573e-13  0.000321515       52498.780       0         -20         -29       0
      9.48387      21.2500     0.877143  1.87059e-13   0.00156724     0.447777    0.0796878   0.00106522      12.4319      1.03672   0.00108777     0.774909     0.871593  2.29973e-13  1.89048e-13     0.512456     0.401325  4.58143e-13  0.000743949       51471.142       0         -20         -29       0
      9.48387      21.3333     0.785199  2.24973e-13   0.00168099     0.431343    0.0952379   0.00111168      7.17264      1.09807   0.00112754     0.716090     0.776370  2.62311e-13  2.29253e-13     0.466505     0.370472  5.35800e-13  0.000671716       50048.990       0         -20         -29       0
      9.48387      21.4167      1.56965  7.09184e-14  0.000492903     0.869411    0.0939955  0.000280336      20.7200      1.09923  0.000283171      1.44138      1.57036  8.17455e-14  7.08647e-14     0.953613     0.673146  1.62733e-13  0.000238827       49628.988       0         -20         -29       0
      9.48387      21.5000      2.38738  3.52555e-14  0.000355087      1.09034    0.0648889  0.000266392      2.41793      1.69192  0.000315937      2.12003      2.26800  4.29727e-14  3.84022e-14      2.78879      1.90677  2.72104e-14  0.000297824       49208.638       0         -20         -29       0
      9.48387      21.5833      3.16274  2.20626e-14  0.000204285      1.87563     0.123024  0.000177456      3.17274      1.68292  0.000191920      2.75280      3.08691  2.78059e-14  2.29733e-14      3.81879      2.37499  1.61146e-14  0.000110173       52203.906       0         -20         -29       0
      9.48387      21.6667      3.10899  2.27020e-14  0.000180906      1.95355     0.145044  0.000151165      3.12024      1.68354  0.000166176      2.68964      2.97427  2.89028e-14  2.44415e-14      3.73956      2.34439  1.66876e-14  0.000114240       52071.008       0         -20         -29       0
      9.48387      21.7500      3.22052  2.14068e-14  0.000139159      2.31747     0.237535  0.000113662      3.23005      1.68534  0.000123386      2.89754      3.05681  2.55297e-14  2.33515e-14      3.91719      2.39575  1.54456e-14  9.95433e-05       52182.388       0         -20         -29       0
      9.48387      21.8333      3.39223  1.96315e-14  0.000153645      2.53335     0.253109  0.000119248      3.39853      1.69163  0.000131857      3.12356      3.09917  2.25258e-14  2.28220e-14      4.08681      2.55923  1.43920e-14  0.000109732       53859.552       0         -20         -29       0
      9.48387      21.9167      4.06923  1.44958e-14  0.000149705      4.01922      3.12500  0.000145532      4.07173      1.67417  0.000147056      3.31285      3.96339  2.04218e-14  1.51467e-14      5.01058      2.97149  1.02474e-14  9.77879e-05       54643.236       0         -20         -29       0
      9.48387      22.0000      4.80850  1.09752e-14  8.93273e-05      3.09865     0.158463  7.33955e-05      4.82069      1.68620  7.98323e-05      4.33286      4.27372  1.30558e-14  1.33584e-14      5.92127      3.50058  7.75779e-15  7.34610e-05       54221.960       0         -20         -29       0
      9.48387      22.0833      3.71210  1.68939e-14  0.000149195      3.66210      3.12500  0.000146151      3.72210      1.67167  0.000147484      3.17230      3.81626  2.19519e-14  1.61324e-14      4.61697      2.65841  1.17445e-14  7.40896e-05       54899.020       0         -20         -29       0
      9.48387      22.1667      4.23750  1.35492e-14  0.000175302      4.16250      3.93750  0.000173390      4.24750      1.66667  0.000175116      3.38148      4.36615  1.97356e-14  1.28903e-14      5.19438      3.12671  9.65028e-15  8.87857e-05       56793.222       0         -20         -29       0
      9.48387      22.2500      3.91267  1.54753e-14  0.000165786      3.88268      2.87500  0.000159471      3.92768      1.67417  0.000162356      3.24098      3.74026  2.11821e-14  1.66824e-14      4.77737      2.89238  1.10947e-14  0.000107030       57020.546       0         -20         -29       0
      9.48387      22.3333      3.86132  1.58199e-14  0.000151624      3.81132      3.12500  0.000146881      3.87632      1.67417  0.000148373      3.34459      4.03781  2.00997e-14  1.46843e-14      4.75866      2.81147  1.11675e-14  7.50658e-05       55925.858       0         -20         -29       0
      9.48387      22.4167      4.57438  1.19273e-14  0.000159584      4.41187      7.78125  0.000160207      4.57438      1.66167  0.000160321      3.74121      4.89782  1.66754e-14  1.06437e-14      5.66259      3.28264  8.35739e-15  7.82415e-05       55996.906       0         -20         -29       0
      9.48387      22.5000      4.69053  1.14391e-14  0.000164837      4.67053      1.75000  0.000154725      4.69553      1.67917  0.000159934      3.85117      4.00521  1.58894e-14  1.48840e-14      5.61171      3.61838  8.48406e-15  0.000143199       58180.982       0         -20         -29       0
      9.48387      22.5833      5.13484  9.83749e-15  0.000110629      5.04982      5.06250  0.000109766      5.13734      1.66917  0.000110124      4.21839      4.80976  1.36516e-14  1.09704e-14      6.39305      3.64534  6.82730e-15  6.38533e-05       58584.282       0         -20         -29       0
      9.48387      22.6667      5.23983  9.51115e-15  9.91526e-05      5.18984      3.12500  9.58944e-05      5.25484      1.67417  9.68654e-05      4.64200      4.82264  1.16391e-14  1.09216e-14      6.50926      3.74791  6.62536e-15  8.24428e-05       58074.290       0         -20         -29       0
      9.48387      22.7500      3.79963  1.62502e-14  0.000313954      3.31899      21.0703  0.000310597      3.81753      1.62683  0.000310587      2.82175      4.00866  2.66828e-14  1.48627e-14      4.74747      2.67944  1.12114e-14  7.50708e-05       56869.904       0         -20         -29       0
      9.48387      22.8333      5.16702  9.73558e-15  0.000109637      5.11702      3.12500  0.000106541      5.17702      1.67167  0.000108218      4.30371      4.78131  1.32035e-14  1.10794e-14      6.39919      3.71938  6.81638e-15  7.59239e-05       57048.342       0         -20         -29       0
      9.48387      22.9167      4.72767  1.12897e-14  0.000140156      4.62268      5.31250  0.000139553      4.73767      1.66667  0.000140027      3.81908      4.51054  1.61126e-14  1.22100e-14      5.83137      3.42832  7.95814e-15  7.69821e-05       57160.436       0         -20         -29       0
      9.48387      23.0000      4.55793  1.19991e-14  0.000144426      4.52793      2.37500  0.000138455      4.56543      1.67667  0.000141095      3.80672      4.28529  1.61998e-14  1.32983e-14      5.57670      3.35755  8.57302e-15  0.000102753       59327.690       0         -20         -29       0
      9.48387      23.0833      5.08337  1.00040e-14  8.89236e-05      5.06775      1.60156  7.75423e-05      5.10087      1.68792  8.00597e-05      4.48603      5.02706  1.23213e-14  1.01915e-14      6.24171      3.70066  7.10542e-15  6.78674e-05       59179.180       0         -20         -29       0
      9.48387      23.1667      5.31917  9.27590e-15  0.000120454      5.19541      6.42188  0.000120417      5.32917      1.66167  0.000121097      4.31319      5.13742  1.31552e-14  9.82925e-15      6.63187      3.77762  6.42247e-15  6.39200e-05       59243.466       0         -20         -29       0
      9.48387      23.2500      4.92971  1.05292e-14  0.000132707      4.85471      3.93750  0.000130298      4.92971      1.67167  0.000131318      3.84007      5.08304  1.59660e-14  1.00052e-14      5.95277      3.71964  7.68948e-15  9.20893e-05       57565.742       0         -20         -29       0
      9.48387      23.3333      4.35151  1.29627e-14  0.000142600      4.27651      3.93750  0.000140953      4.35901      1.66917  0.000141902      3.66658      4.22961  1.72449e-14  1.35913e-14      5.38205      3.11969  9.09599e-15  7.22289e-05       56922.256       0         -20         -29       0
      9.48387      23.4167      4.40098  1.27208e-14  0.000126305      4.36098      2.87500  0.000121461      4.40598      1.67917  0.000122286      3.72518      4.40725  1.67952e-14  1.26906e-14      5.42347      3.18523  8.98050e-15  7.40242e-05       57189.012       0         -20         -29       0
      9.48387      23.5000      4.93506  1.05101e-14  0.000142971      4.81130      6.42188  0.000142963      4.94506      1.66167  0.000143692      3.94217      4.43328  1.52828e-14  1.25667e-14      6.12981      3.51463  7.32291e-15  9.77921e-05       57309.796       0         -20         -29       0
      9.48387      23.5833      4.62063  1.17290e-14  0.000109501      4.60063      1.75000  9.94404e-05      4.63564      1.68292  0.000102651      4.10374      4.23381  1.42932e-14  1.35689e-14      5.68157      3.36588  8.31091e-15  8.54670e-05       58236.006       0         -20         -29       0
      9.48387      23.6667      4.56351  1.19747e-14  0.000139906      4.48851      3.93750  0.000137948      4.57351      1.66667  0.000139736      3.82633      4.71772  1.60617e-14  1.13294e-14      5.60999      3.32658  8.48840e-15  9.78660e-05       59060.514       0         -20         -29       0
      9.48387      23.7500      4.64033  1.16461e-14  0.000115026      4.53532      5.31250  0.000114560      4.65033      1.66667  0.000114902      3.99137      4.79373  1.49702e-14  1.10316e-14      5.76955      3.27814  8.10077e-15  6.31795e-05       58872.348       0         -20         -29       0
      9.48387      23.8333      5.32705  9.25305e-15  0.000125833      5.09830      10.2344  0.000126679      5.33204      1.65667  0.000126855      4.35567      5.70860  1.29421e-14  8.24544e-15      6.64079      3.76639  6.40809e-15  6.77033e-05       58612.242       0         -20         -29       0
      9.48387      23.9167      4.36029  1.29192e-14  0.000162041      4.15654      9.42188  0.000163172      4.36529      1.65667  0.000163210      3.33906      4.38466  2.01552e-14  1.27998e-14      5.42513      3.10010  8.97590e-15  6.79568e-05       58638.462       0         -20         -29       0
