      9.03226      0.00000     0.830106  2.05056e-13   0.00333746     0.745107      5.06250   0.00331951     0.852762      1.62573   0.00331864     0.656647     0.908454  3.03070e-13  1.76438e-13     0.830406     0.598107  2.04933e-13  0.000247154       0
      9.03226    0.0833333     0.795970  2.19922e-13   0.00337880     0.717845      4.53906   0.00336443     0.730970      1.67479   0.00336572     0.639281     0.836375  3.16915e-13  2.02501e-13     0.759479     0.554642  2.37813e-13  0.000272021       0
      9.03226     0.166667     0.638684  3.17409e-13   0.00416748     0.588684      3.12500   0.00416208     0.608684      1.66792   0.00416690     0.533773     0.693016  4.28056e-13  2.77028e-13     0.625812     0.473456  3.28364e-13  0.000372827       0
      9.03226     0.250000     0.749056  2.43354e-13   0.00135823     0.514905     0.188307  0.000934015      2.86993      1.26966  0.000934259     0.718488     0.718192  2.60853e-13  2.61032e-13     0.516398     0.402904  4.52329e-13  0.000529157       0
      9.03226     0.333333      1.19261  1.12098e-13  0.000695379     0.805469     0.170358  0.000487918      5.72009      1.25463  0.000488522      1.11722      1.14552  1.24986e-13  1.19883e-13     0.816191     0.589291  2.10916e-13  0.000279062       0
      9.03226     0.416667      1.45721  8.02708e-14  0.000590208     0.845281     0.106277  0.000422718      11.3999      1.17762  0.000422974      1.34072      1.39521  9.22282e-14  8.63034e-14      1.68542      1.19545  6.29869e-14  0.000346876       0
      9.03226     0.500000      1.22191  1.07654e-13  0.000646197     0.783656     0.143896  0.000404447      7.73463      1.20319  0.000401482      1.15031      1.16492  1.19052e-13  1.16574e-13     0.784514     0.571112  2.25300e-13  0.000278000       0
      9.03226     0.583333    0.0545223  1.91781e-11      11.0269    0.0145919      3.19286      10.4659    0.0153524      1.67035      10.4492    0.0360697    0.0613024  3.81819e-11  1.57749e-11    0.0196199    0.0853963  1.05341e-10      1.57125       0
      9.03226     0.666667    0.0495337  2.25041e-11      13.0003       0       0          NaN       0       0      13.1241    0.0365644    0.0406559  3.73248e-11  3.12769e-11      10000.0      10000.0  3.23914e-20      1.57125       0
      9.03226     0.750000      1.54490  7.28222e-14  0.000701333     0.912054     0.116565  0.000606506      1.56239      1.68792  0.000649687      1.34422      1.46465  9.18291e-14  7.95925e-14      1.77318      1.27676  5.78775e-14  0.000405696       0
      9.03226     0.833333     0.929026  1.69974e-13   0.00120698     0.721201     0.324094   0.00105031      2.70576      1.34817   0.00104831     0.867938     0.927072  1.90377e-13  1.70572e-13     0.656571     0.491196  3.03128e-13  0.000375741       0
      9.03226     0.916667     0.538107  4.22326e-13   0.00770840     0.468107      4.06250   0.00761676     0.482951      1.66845   0.00761834     0.420451     0.607585  6.37142e-13  3.44946e-13     0.532804     0.413206  4.29355e-13  0.000449279       0
      9.03226      1.00000      1.04726  1.39209e-13   0.00106437     0.580923    0.0928926  0.000697992      8.52848      1.14708  0.000702232     0.968926     0.997742  1.58469e-13  1.50915e-13     0.617332     0.467369  3.35916e-13  0.000418768       0
      9.03226      1.08333     0.809219  2.13953e-13   0.00153925     0.508982     0.136388   0.00116741      4.30304      1.20451   0.00116809     0.752119     0.779371  2.41705e-13  2.27783e-13     0.497817     0.390122  4.80816e-13  0.000622416       0
      9.03226      1.16667     0.955624  1.62163e-13   0.00147524     0.520333    0.0926779   0.00119518      7.76470      1.13637   0.00120299     0.860720     0.970394  1.93045e-13  1.58070e-13     0.579408     0.443760  3.73355e-13  0.000474726       0
      9.03226      1.25000      1.04451  1.39822e-13   0.00113412     0.510224    0.0680465  0.000616933      23.6331     0.994311  0.000619391     0.956471     0.995330  1.61923e-13  1.51525e-13     0.556862     0.428198  3.98887e-13  0.000512103       0
      9.03226      1.33333      1.15059  1.19004e-13  0.000962195      1.15059      1.50000  0.000806830      8.26947      1.17315  0.000760318      1.03866      1.10618  1.41137e-13  1.27073e-13      1.31474     0.965969  9.52862e-14  0.000469272       0
      9.03226      1.41667      1.07486  1.33304e-13  0.000985520     0.811257     0.290445  0.000877586      1.08736      1.68042  0.000929974     0.982666      1.04617  1.54793e-13  1.39451e-13     0.737602     0.542599  2.49685e-13  0.000315124       0
      9.03226      1.50000     0.730177  2.53931e-13   0.00428644     0.635179      5.06250   0.00420365     0.645178      1.67355   0.00420096     0.582254     0.811467  3.70318e-13  2.12966e-13     0.902191     0.640125  1.78484e-13  0.000235553       0
      9.03226      1.58333    0.0871419  8.77776e-12     0.201978    0.0675653      5.04971     0.186490    0.0690169      1.67370     0.186066    0.0686017     0.108358  1.30779e-11  6.10468e-12     0.847344     0.603114  1.98151e-13   0.00149375       0
      9.03226      1.66667    0.0560382  1.83213e-11      4.35567    0.0286944      2.63867      4.27823    0.0297882      1.67073      4.27013    0.0499220    0.0504401  2.22131e-11  2.18341e-11    0.0410382    0.0735382  3.07928e-11     0.315864       0
      9.03226      1.75000    0.0589810  1.68232e-11      1.42380    0.0389030      11.3926      1.37420    0.0389811      1.67417      1.37253    0.0465200    0.0749584  2.49860e-11  1.12822e-11     0.104911     0.240475  6.44262e-12    0.0944630       0
      9.03226      1.83333     0.105566  6.37611e-12     0.180804    0.0767868      2.89001     0.167351    0.0792477      1.67221     0.166677    0.0781782     0.126697  1.05185e-11  4.70421e-12      2.69975      2.02484  2.87226e-14   0.00117113       0
      9.03226      1.91667     0.217811  1.90676e-12    0.0472725     0.166404      3.72070    0.0439722     0.170623      1.67268    0.0438357     0.165588     0.268370  3.01103e-12  1.34650e-12      2.98450      2.01951  2.43021e-14  0.000451218       0
      9.03226      2.00000    0.0775838  1.06531e-11     0.476216    0.0536058      18.4628     0.437818    0.0532089      1.68151     0.436927    0.0560741    0.0929903  1.83017e-11  7.87710e-12     0.198673     0.525188  2.22261e-12    0.0349100       0
      9.03226      2.08333    0.0889439  8.48338e-12     0.213197    0.0685033      12.9549     0.195098    0.0689439      1.67417     0.194982    0.0678227     0.111240  1.33292e-11  5.84329e-12      2.40972      1.83997  3.47125e-14   0.00160104       0
      9.03226      2.16667    0.0713023  1.22628e-11     0.297678    0.0561891      33.5607     0.274232    0.0563023      1.66417     0.274041    0.0554189    0.0879253  1.86638e-11  8.64781e-12      2.32034      1.89769  3.69693e-14   0.00190459       0
      9.03226      2.25000    0.0440635  2.73504e-11      9.02545      0.00000      0.00000          NaN    0.0178135      1.67573      8.68566    0.0339396    0.0347915  4.22589e-11  4.05485e-11    0.0203135    0.0759384  9.94157e-11      1.69773       0
      9.03226      2.33333    0.0805861  9.99989e-12     0.240411    0.0629721      8.75684     0.221937    0.0635549      1.67405     0.221635    0.0637897    0.0981221  1.47631e-11  7.20252e-12      2.50793      2.00099  3.24766e-14   0.00143644       0
      9.03226      2.41667     0.203442  2.13646e-12    0.0469043     0.159067      3.54688    0.0436193     0.163442      1.67292    0.0434439     0.160805     0.246807  3.16176e-12  1.54822e-12      3.01760      2.13749  2.38594e-14  0.000481045       0
      9.03226      2.50000    0.0441345  2.72771e-11      8.91441    0.0179529      2.48340      8.64970    0.0178846      1.67073      8.61281    0.0327343    0.0688758  4.48838e-11  1.29913e-11    0.0221814    0.0728455  8.58577e-11      1.31203       0
      9.03226      2.58333    0.0670222  1.35956e-11      4.25851    0.0230964      3.76953      4.00309    0.0235847      1.67327      3.99241    0.0481861    0.0562229  2.35627e-11  1.82210e-11    0.0278523     0.108826  5.87481e-11      2.02600       0
      9.03226      2.66667    0.0949166  7.61246e-12     0.198756    0.0690964      2.44922     0.183109    0.0733542      1.67268     0.182577    0.0714651     0.118524  1.22163e-11  5.25717e-12      2.45745      1.92518  3.35961e-14   0.00138056       0
      9.03226      2.75000    0.0853447  9.08800e-12     0.276363    0.0595242      2.44922     0.253796    0.0628446      1.67229     0.252994    0.0626105     0.102116  1.52294e-11  6.73911e-12      2.27325      1.81876  3.82545e-14   0.00139126       0
      9.03226      2.83333     0.104288  6.50684e-12     0.195937    0.0742882      2.87500     0.180228    0.0776476      1.67158     0.179678    0.0766229     0.127567  1.08767e-11  4.65083e-12      2.30399      1.72939  3.74076e-14   0.00113657       0
      9.03226      2.91667     0.107478  6.18818e-12     0.174132    0.0774780      2.87500     0.160460    0.0811792      1.66980     0.159996    0.0804944     0.128218  1.00189e-11  4.61153e-12     0.940379     0.661447  1.66568e-13   0.00108951       0
      9.03226      3.00000     0.107634  6.17319e-12     0.831016    0.0676346      3.37500     0.817196    0.0701345      1.67323     0.816430    0.0835725    0.0870517  9.41146e-12  8.79293e-12    0.0926345     0.125134  7.92759e-12    0.0603594       0
      9.03226      3.08333     0.111060  5.85909e-12     0.124792    0.0858830      3.13253     0.115577    0.0890292      1.67483     0.115115    0.0889764     0.135869  8.47821e-12  4.18693e-12      2.23388      1.67698  3.93849e-14  0.000987878       0
      9.03226      3.16667     0.233229  1.70134e-12    0.0611788     0.159508      4.14124    0.0562170     0.160729      1.67917    0.0561020     0.156519     0.261822  3.30738e-12  1.40309e-12      1.18442     0.798595  1.13393e-13  0.000440822       0
      9.03226      3.25000    0.0959557  7.47557e-12     0.182312    0.0732607      5.27051     0.168103    0.0747057      1.67198     0.167736    0.0741265     0.117177  1.14941e-11  5.35828e-12      2.64080      2.09023  2.97990e-14   0.00130261       0
      9.03226      3.33333    0.0401548  3.19301e-11      4.45179    0.0190213      11.1064      4.00789    0.0189048      1.67698      3.98889    0.0311840    0.0355557  4.86640e-11  3.91062e-11    0.0229478    0.0605356  8.11326e-11      1.71159       0
      9.03226      3.41667    0.0602251  1.62480e-11      1.38226    0.0402249      4.00000      1.33633    0.0402251      1.67417      1.33002    0.0486403    0.0742725  2.31972e-11  1.14564e-11    0.0821089     0.179644  9.69270e-12     0.133473       0
      9.03226      3.50000    0.0412241  3.05617e-11      10.5216       0       0          NaN       0       0      10.7552    0.0336299    0.0764962  4.29095e-11  1.09068e-11      10000.0      10000.0  3.23914e-20     0.133473       0
      9.03226      3.58333    0.0749359  1.12879e-11     0.217287    0.0581390      1.90820     0.201998    0.0617865      1.66651     0.199811    0.0619968    0.0926658  1.54815e-11  7.92313e-12      2.11806      1.68043  4.30392e-14   0.00177891       0
      9.03226      3.66667    0.0488155  2.30586e-11      22.0272       0       0          NaN       0       0      22.1254    0.0411929    0.0389783  3.06003e-11  3.35525e-11      10000.0      10000.0  3.23914e-20   0.00177891       0
      9.03226      3.75000    0.0450783  2.63320e-11      23.1107       0       0          NaN       0       0      23.2550    0.0320405    0.0381801  4.65153e-11  3.47296e-11      10000.0      10000.0  3.23914e-20   0.00177891       0
      9.03226      3.83333    0.0593232  1.66618e-11      1.46766    0.0399482      2.54688      1.43200    0.0418232      1.67104      1.42750    0.0491856    0.0496922  2.27702e-11  2.23845e-11    0.0853968     0.149909  9.07875e-12     0.106608       0
      9.03226      3.91667    0.0691666  1.29004e-11     0.294049    0.0545215      5.28668     0.273259    0.0552701      1.66575     0.272249    0.0558045    0.0815178  1.84493e-11  9.81014e-12      2.19485      1.75562  4.05591e-14   0.00187848       0
      9.03226      4.00000     0.183959  2.52675e-12    0.0583580     0.141459      3.18750    0.0542098     0.144896      1.67534    0.0539455     0.144347     0.226789  3.78513e-12  1.78261e-12      3.02944      2.14913  2.37042e-14  0.000503159       0
      9.03226      4.08333     0.116397  5.41829e-12      2.94989       0       0          NaN       0       0      2.98196    0.0931324     0.188708  7.85708e-12  2.42165e-12      10000.0      10000.0  3.23914e-20  0.000503159       0
      9.03226      4.16667     0.184716  2.50952e-12    0.0651382     0.137216      3.56250    0.0603935     0.142216      1.67354    0.0602909     0.137827     0.221765  4.08825e-12  1.85044e-12      2.89744      2.08076  2.55313e-14  0.000598179       0
      9.03226      4.25000     0.232467  1.71064e-12    0.0416011     0.177780      3.77734    0.0387487     0.182467      1.67542    0.0386678     0.177598     0.265558  2.67937e-12  1.37035e-12      3.05959      2.05694  2.33162e-14  0.000390709       0
      9.03226      4.33333    0.0786364  1.04165e-11     0.248590    0.0617994      9.00399     0.229458    0.0623864      1.67073     0.229092    0.0656991    0.0939267  1.40550e-11  7.74664e-12      2.55590      2.09168  3.14671e-14   0.00127805       0
      9.03226      4.41667    0.0694286  1.28193e-11      2.78371    0.0301903      2.95337      2.65100    0.0305370      1.67250      2.63790    0.0432866    0.0502342  2.81735e-11  2.19835e-11    0.0439598     0.112983  2.74580e-11     0.391760       0
      9.03226      4.50000     0.118098  5.28880e-12     0.120816    0.0898755      3.01099     0.111694    0.0943481      1.67011     0.111377    0.0967490     0.140626  7.37369e-12  3.95356e-12      1.09213     0.749209  1.29810e-13  0.000741231       0
      9.03226      4.58333     0.114642  5.55718e-12     0.107502    0.0892810      2.29590     0.100143    0.0946423      1.67417    0.0997083    0.0957860     0.136695  7.49766e-12  4.14485e-12      2.91768      2.17777  2.52367e-14  0.000859761       0
      9.03226      4.66667    0.0724715  1.19349e-11      2.91474    0.0249714      3.56250      2.63417    0.0274714      1.67417      2.64422    0.0563227     0.122629  1.81673e-11  4.96714e-12    0.0304768     0.119401  5.05609e-11      1.00907       0
      9.03226      4.75000    0.0515110  2.10829e-11      2.67013    0.0265109      2.62500      2.51656    0.0265109      1.67292      2.49566    0.0409985    0.0656708  3.08424e-11  1.40651e-11    0.0415485     0.147937  3.01650e-11     0.732089       0
      9.03226      4.83333    0.0759744  1.10319e-11     0.289606    0.0574272      7.03491     0.266716    0.0584744      1.67354     0.266486    0.0582763    0.0953156  1.71636e-11  7.55943e-12      1.94747      1.54260  4.95047e-14   0.00158787       0
      9.03226      4.91667     0.879674  1.86163e-13   0.00171989     0.835298      3.18750   0.00171998     0.894674      1.65667   0.00172080     0.773388     0.953306  2.30728e-13  1.62820e-13     0.826176     0.597163  2.06685e-13  0.000272365       0
      9.03226      5.00000     0.472326  5.24840e-13   0.00849841     0.402326      4.06250   0.00817827     0.406076      1.67714   0.00815778     0.388175     0.537248  7.27862e-13  4.23452e-13     0.860270     0.616257  1.93214e-13  0.000266003       0
      9.03226      5.08333     0.170869  2.85751e-12    0.0734061     0.129073      3.15820    0.0686288     0.133057      1.67190    0.0684060     0.128991     0.217123  4.56560e-12  1.91684e-12     0.610275     0.462560  3.42415e-13  0.000671795       0
      9.03226      5.16667     0.266155  1.36523e-12    0.0240893     0.216467      3.46484    0.0226900     0.224514      1.67029    0.0226267     0.222321     0.302602  1.84273e-12  1.10232e-12     0.953739     0.670619  1.62697e-13  0.000316762       0
      9.03226      5.25000    0.0619380  1.55060e-11      1.47773    0.0369380      2.12500      1.43555    0.0406880      1.66948      1.43482    0.0472871    0.0733131  2.43141e-11  1.17074e-11    0.0591256    0.0813128  1.67547e-11     0.106796       0
      9.03226      5.33333    0.0894364  8.40566e-12      1.22974    0.0549052      2.94727      1.20644    0.0519364      1.67323      1.19963    0.0808664    0.0793182  9.94220e-12  1.02677e-11    0.0694364     0.114436  1.28169e-11     0.132823       0
      9.03226      5.41667     0.717132  2.61676e-13   0.00494532     0.610487      6.55286   0.00480762     0.611862      1.67806   0.00480608     0.554505     0.785160  4.01717e-13  2.24991e-13     0.890682     0.634074  1.82344e-13  0.000277227       0
      9.03226      5.50000     0.544184  4.14496e-13   0.00457366     0.478557      4.03906   0.00435122     0.483557      1.67628   0.00431936     0.480239     0.590113  5.10504e-13  3.62135e-13      1.18765     0.810284  1.12880e-13  0.000259624       0
      9.03226      5.58333      2.58198  3.09390e-14  0.000405509      2.39984      8.77295  0.000405559      2.59448      1.64667  0.000405468      2.06413      2.72797  4.49297e-14  2.82290e-14      3.16590      1.89273  2.20259e-14  0.000124189       0
      9.03226      5.66667      3.22330  2.13761e-14  0.000282166      3.03329      8.87500  0.000282872      3.22580      1.65167  0.000282882      2.56326      3.37916  3.13166e-14  1.97582e-14      3.97557      2.32301  1.50694e-14  0.000124495       0
      9.03226      5.75000      3.11743  2.25996e-14  0.000286321      2.97492      7.53125  0.000287767      3.12993      1.65417  0.000288339      2.46448      3.48246  3.34365e-14  1.87911e-14      3.81152      2.25769  1.61659e-14  0.000124747       0
      9.03226      5.83333      3.24658  2.11212e-14  0.000295266      3.03783      9.98438  0.000295616      3.25908      1.64667  0.000295858      2.63843      3.12907  2.98437e-14  2.24597e-14      4.02597      2.32624  1.47563e-14  0.000109288       0
      9.03226      5.91667      3.36930  1.98547e-14  0.000216113      3.27008      5.28711  0.000216357      3.37180      1.66417  0.000216601      2.70963      3.65839  2.85481e-14  1.73093e-14      4.14864      2.43753  1.40363e-14  0.000117510       0
      9.03226      6.00000      3.69199  1.70475e-14  0.000249288      3.46324      10.2344  0.000251152      3.69449      1.65167  0.000250983      2.85890      3.37289  2.61074e-14  1.98195e-14      4.56072      2.67345  1.19869e-14  0.000139860       0
      9.03226      6.08333      2.60604  3.04645e-14  0.000476124      2.33479      13.0156  0.000470057      2.62698      1.63355  0.000470168      2.02312      2.99179  4.64578e-14  2.42035e-14      3.22577      1.87681  2.13488e-14  0.000113742       0
      9.03226      6.16667      2.94883  2.47940e-14  0.000386968      2.67132      12.7188  0.000382522      2.97007      1.63417  0.000382738      2.39198      3.21140  3.51426e-14  2.15082e-14      3.66799      2.09549  1.72339e-14  0.000114409       0
      9.03226      6.25000      2.91260  2.53101e-14  0.000314962      2.73046      8.77295  0.000315954      2.91510      1.65167  0.000315749      2.35795      3.17031  3.59920e-14  2.19748e-14      3.60395      2.09982  1.77473e-14  0.000112722       0
      9.03226      6.33333      2.32494  3.68476e-14  0.000500660      2.11617      9.98438  0.000491897      2.33884      1.63823  0.000492026      1.87912      2.66854  5.25417e-14  2.92846e-14      2.86654      1.68349  2.59915e-14  0.000109800       0
      9.03226      6.41667      2.48416  3.29961e-14  0.000514679      2.21291      13.0156  0.000503167      2.51041      1.62917  0.000503610      1.94908      2.67977  4.94363e-14  2.90803e-14      3.06371      1.78384  2.32640e-14  0.000124174       0
      9.03226      6.50000      3.06985  2.31864e-14  0.000317339      2.86109      9.98438  0.000317231      3.08204      1.64604  0.000317341      2.43521      2.86090  3.41090e-14  2.60771e-14      3.79897      2.21301  1.62550e-14  0.000128312       0
      9.03226      6.58333      2.78961  2.71972e-14  0.000389109      2.56084      10.2344  0.000387065      2.80711      1.64167  0.000387064      2.23710      3.02453  3.92906e-14  2.37683e-14      3.46888      1.99623  1.89139e-14  0.000155215       0
      9.03226      6.66667      3.40350  1.95233e-14  0.000256430      3.21349      8.87500  0.000257209      3.40600      1.65167  0.000257419      2.75440      3.66547  2.77791e-14  1.72536e-14      4.24722      2.42544  1.34975e-14  0.000111140       0
      9.03226      6.75000      2.69028  2.88912e-14  0.000505822      2.35862      15.7336  0.000496119      2.70809      1.62980  0.000496535      2.08755      2.95523  4.40929e-14  2.47046e-14      3.32711      1.92912  2.02761e-14  0.000105029       0
      9.03226      6.83333      3.10043  2.28066e-14  0.000272764      2.91552      9.36621  0.000273146      3.10293      1.65167  0.000273037      2.64029      3.32580  2.98088e-14  2.02893e-14      3.84997      2.20735  1.58977e-14  0.000111886       0
      9.03226      6.91667      2.26417  3.85105e-14  0.000490879      2.07883      9.57080  0.000483310      2.27276      1.64011  0.000483187      1.85916      2.48828  5.34854e-14  3.29051e-14      2.79612      1.65235  2.70917e-14  0.000106216       0
      9.03226      7.00000      2.48175  3.30497e-14  0.000516894      2.21051      13.0156  0.000508094      2.49799      1.63417  0.000508455      2.02276      2.68740  4.64715e-14  2.89429e-14      3.06695      1.79176  2.32230e-14  0.000123509       0
      9.03226      7.08333      2.39281  3.51221e-14  0.000539682      2.14398      11.4307  0.000530949      2.41656      1.63292  0.000531213      1.89370      2.69669  5.18692e-14  2.87769e-14      2.95258      1.72724  2.47415e-14  0.000131136       0
      9.03226      7.16667      2.18591  4.08359e-14  0.000671212      1.93708      11.4307  0.000656258      2.20372      1.62980  0.000656945      1.70077      2.52053  6.20421e-14  3.22065e-14      2.68905      1.58976  2.89134e-14  0.000119256       0
      9.03226      7.25000      2.28993  3.77914e-14  0.000428124      2.14743      7.53125  0.000427163      2.29993      1.65042  0.000427001      1.89036      2.51385  5.20219e-14  3.23492e-14      2.79924      1.68582  2.70414e-14  0.000136008       0
      9.03226      7.33333      2.98103  2.43492e-14  0.000300156      2.79430      9.13086  0.000300152      2.98353      1.65167  0.000299962      2.41524      3.33038  3.45803e-14  2.02429e-14      3.69048      2.13130  1.70592e-14  0.000119046       0
      9.03226      7.41667      2.63584  2.98927e-14  0.000388970      2.41335      10.5312  0.000386939      2.65334      1.64167  0.000386791      2.10578      2.98442  4.34584e-14  2.43032e-14      3.26071      1.89726  2.09688e-14  0.000130026       0
      9.03226      7.50000      2.62907  3.00211e-14  0.000401288      2.40033      10.2344  0.000396048      2.63766      1.64011  0.000396076      2.11693      3.00195  4.30776e-14  2.40671e-14      3.25824      1.88761  2.09954e-14  0.000106471       0
      9.03226      7.58333      2.79234  2.71529e-14  0.000296669      2.61156      9.21289  0.000295653      2.79484      1.65167  0.000295387      2.28437      2.87280  3.79448e-14  2.58972e-14      3.46832      2.00493  1.89189e-14  0.000115328       0
      9.03226      7.66667      3.54178  1.82695e-14  0.000183233      3.42427      6.71875  0.000183990      3.55178      1.66167  0.000183829      3.11124      3.18976  2.26747e-14  2.17520e-14      4.41660      2.52519  1.26459e-14  0.000101814       0
      9.03226      7.75000      2.99658  2.41390e-14  0.000328972      2.74497      12.0239  0.000325232      3.01408      1.64167  0.000325310      2.41299      3.30482  3.46341e-14  2.05045e-14      3.74527      2.13282  1.66453e-14  0.000103131       0
      9.03226      7.83333      3.32376  2.03102e-14  0.000345403      2.98847      15.4767  0.000342502      3.34470      1.63355  0.000342689      2.62094      3.66766  3.01763e-14  1.72364e-14      4.14209      2.36109  1.40733e-14  0.000109489       0
      9.03226      7.91667      2.77250  2.74774e-14  0.000338765      2.58991      8.97754  0.000337399      2.78500      1.64667  0.000337374      2.36529      3.03420  3.58061e-14  2.36423e-14      3.43428      1.99233  1.92325e-14  0.000108726       0
      9.03226      8.00000      2.73691  2.80755e-14  0.000307354      2.55612      9.21289  0.000305949      2.74629      1.64886  0.000305815      2.23974      2.87478  3.92132e-14  2.58676e-14      3.39048      1.96272  1.96484e-14  0.000111173       0
      9.03226      8.08333      2.67949  2.90854e-14  0.000469698      2.40825      13.0156  0.000465923      2.70074      1.63417  0.000465881      2.07093      2.86561  4.46842e-14  2.60056e-14      3.30852      1.93805  2.04663e-14  0.000108095       0
      9.03226      8.16667      3.50479  1.85920e-14  0.000275964      3.20852      13.8281  0.000275623      3.52228      1.64167  0.000275583      2.92986      3.95783  2.50622e-14  1.51822e-14      4.39890      2.47079  1.27308e-14  0.000129082       0
      9.03226      8.25000      1.98099  4.81164e-14  0.000762975      1.74605      10.9912  0.000742887      2.00309      1.62652  0.000743868      1.57836      2.24961  7.02671e-14  3.89271e-14      2.44087      1.45504  3.39771e-14  0.000155851       0
      9.03226      8.33333      2.69915  2.87332e-14  0.000457466      2.45210      11.6660  0.000456153      2.71259      1.63605  0.000456410      2.13931      2.96330  4.23290e-14  2.45925e-14      3.34601      1.94033  2.00856e-14  0.000225043       0
      9.03226      8.41667      3.04085  2.35561e-14  0.000398107      2.73087      14.3750  0.000397575      3.04586      1.63667  0.000397314      2.28184      3.01392  3.80150e-14  2.39080e-14      3.75968      2.17753  1.65390e-14  0.000125570       0
      9.03226      8.50000      3.52510  1.84138e-14  0.000177469      3.44009      4.56250  0.000176914      3.53510      1.66667  0.000177232      2.96738      3.15332  2.45362e-14  2.21725e-14      4.37054      2.53027  1.28688e-14  0.000124628       0
      9.03226      8.58333      3.35203  2.00255e-14  0.000320350      3.05581      13.8281  0.000320026      3.36110      1.64229  0.000319809      2.54184      3.86791  3.17576e-14  1.57750e-14      4.19598      2.37405  1.37733e-14  0.000191502       0
      9.03226      8.66667      3.69454  1.70279e-14  0.000191615      3.51375      9.21289  0.000192650      3.69954      1.65667  0.000192411      2.98540      4.03061  2.42899e-14  1.47280e-14      4.63913      2.60468  1.16511e-14  0.000110755       0
      9.03226      8.75000      1.20996  1.09431e-13   0.00180435      1.03935      8.82703   0.00171710      1.23205      1.61101   0.00172274     0.976929      1.38105  1.56312e-13  8.77838e-14      2.87318      1.68126  2.58916e-14  0.000118276       0
      9.03226      8.83333      3.63473  1.74975e-14  0.000237896      3.42597      9.98438  0.000238985      3.63723      1.65167  0.000239106      2.89901      3.26336  2.55082e-14  2.09405e-14      4.53223      2.60146  1.21127e-14  0.000118831       0
      9.03226      8.91667      1.57094  7.08211e-14   0.00173667      1.26613      13.4468   0.00165045      1.60782      1.58543   0.00165380      1.13018      1.64031  1.22607e-13  6.59003e-14      3.20669      1.84986  2.15609e-14  0.000115020       0
      9.03226      9.00000      4.74588  1.12176e-14  0.000168913      4.58342      7.78125  0.000169592      4.75338      1.65917  0.000169979      3.93733      4.10640  1.53141e-14  1.42778e-14      5.88971      3.38369  7.82719e-15  0.000112244       0
      9.03226      9.08333      1.84774  5.40372e-14   0.00166154      1.39117      20.6133   0.00156351      1.86848      1.57072   0.00156810      1.22239      1.91004  1.07584e-13  5.11319e-14      3.78943      2.13523  1.63232e-14  0.000113239       0
      9.03226      9.16667      3.55788  1.81319e-14  0.000213830      3.34912      9.98438  0.000214293      3.56038      1.65167  0.000214255      2.90891      3.90009  2.53637e-14  1.55586e-14      4.48432      2.48680  1.23292e-14  0.000129095       0
      9.03226      9.25000      4.51310  1.21984e-14  0.000140577      4.33232      9.21289  0.000141702      4.52810      1.65667  0.000141913      3.62452      4.20759  1.75797e-14  1.37101e-14      5.64423      3.16924  8.40275e-15  0.000117828       0
      9.03226      9.33333      3.25000  2.10842e-14  0.000186726      3.14460      6.04395  0.000187469      3.25250      1.66417  0.000187090      2.87448      3.17065  2.58720e-14  2.19709e-14      4.02938      2.31842  1.47355e-14  0.000109528       0
      9.03226      9.41667      3.04266  2.35328e-14  0.000338622      2.76519      12.7188  0.000333610      3.05657      1.63823  0.000333747      2.42851      3.37000  3.42660e-14  1.98478e-14      3.80817      2.14061  1.61896e-14  0.000109582       0
      9.03226      9.50000      4.29965  1.32243e-14  0.000190994      3.98349      14.0781  0.000192146      4.31215      1.64667  0.000192059      3.45086      3.82068  1.90787e-14  1.61013e-14      5.41298      2.98596  9.00951e-15  0.000108034       0
      9.03226      9.58333      3.59422  1.78274e-14  0.000208332      3.36077      11.0117  0.000207707      3.59922      1.64917  0.000207679      2.88540      3.99782  2.57090e-14  1.49299e-14      4.52684      2.50744  1.21368e-14  0.000107478       0
      9.03226      9.66667      1.48459  7.78188e-14   0.00204239      1.16582      14.6799   0.00192440      1.50635      1.57526   0.00192770      1.04892      1.59214  1.38843e-13  6.92561e-14      3.37007      1.91513  1.98471e-14  0.000136821       0
      9.03226      9.75000      3.15692  2.21304e-14  0.000335773      2.85210      13.4468  0.000331267      3.17068      1.63667  0.000331406      2.59063      3.45876  3.07672e-14  1.90062e-14      3.95022      2.20692  1.52310e-14  0.000114132       0
      9.03226      9.83333      2.48177  3.30492e-14  0.000372014      2.27303      9.98438  0.000364255      2.49036      1.64011  0.000364206      1.97992      2.52932  4.81596e-14  3.20202e-14      3.07122      1.77550  2.31692e-14  0.000208758       0
      9.03226      9.91667      5.72496  8.20619e-15  0.000164422      5.35569      17.5547  0.000166136      5.73747      1.64667  0.000166507      4.59913      4.74719  1.18205e-14  1.12125e-14      7.13549      4.03780  5.68490e-15  0.000133482       0
      9.03226      10.0000      5.23319  9.53130e-15  0.000183454      4.96194      13.0156  0.000185185      5.24819      1.65167  0.000185511      4.21643      4.28837  1.36622e-14  1.32824e-14      6.49978      3.72495  6.64147e-15  0.000154429       0
      9.03226      10.0833      4.56899  1.19507e-14  0.000153552      4.29774      13.0156  0.000154924      4.57149      1.65167  0.000154885      3.59856      4.92911  1.77916e-14  1.05313e-14      5.71816      3.21044  8.22246e-15  0.000106710       0
      9.03226      10.1667      4.12234  1.41858e-14  0.000166990      3.89353      10.2344  0.000167697      4.12484      1.65167  0.000167821      3.22265      4.02408  2.13832e-14  1.47679e-14      5.16878      2.88492  9.73006e-15  0.000134753       0
      9.03226      10.2500      2.37093  3.56640e-14  0.000492600      2.09967      13.0156  0.000474223      2.39007      1.62933  0.000475249      1.84283      2.47648  5.42778e-14  3.31669e-14      2.92934      1.69668  2.50696e-14  0.000113647       0
      9.03226      10.3333      3.07656  2.31021e-14  0.000256030      2.84780      10.2344  0.000252983      3.08407      1.64667  0.000252958      2.59023      3.38787  3.07749e-14  1.96736e-14      3.86481      2.15114  1.57960e-14  0.000103853       0
      9.03226      10.4167      3.95005  1.52321e-14  0.000159759      3.76746      8.97754  0.000160578      3.95505      1.65667  0.000160454      3.22703      3.78065  2.13349e-14  1.63865e-14      4.97402      2.74518  1.03733e-14  0.000105252       0
      9.03226      10.5000      4.66734  1.15340e-14  0.000146727      4.43859      10.2344  0.000147950      4.67234      1.65667  0.000147731      3.68178      4.29559  1.71264e-14  1.32452e-14      5.82597      3.28467  7.97043e-15  0.000109897       0
      9.03226      10.5833      2.67380  2.91886e-14  0.000242254      2.62380      3.12500  0.000235256      2.68380      1.67167  0.000238409      2.33781      2.66384  3.65102e-14  2.93709e-14      3.24730      1.99335  2.11134e-14  0.000141893       0
      9.03226      10.6667      3.64784  1.73928e-14  0.000209665      3.44003      9.62891  0.000210604      3.65870      1.65401  0.000210311      3.26476      3.87329  2.09256e-14  1.57384e-14      4.57725      2.56414  1.19148e-14  0.000135113       0
      9.03226      10.7500      4.32510  1.30949e-14  0.000247206      3.90180      19.4404  0.000247954      4.33010      1.63667  0.000248103      3.43326      3.77302  1.92421e-14  1.64417e-14      5.42777      3.01547  8.96865e-15  0.000155166       0
      9.03226      10.8333      6.19535  7.19426e-15  0.000235853      5.71474      21.0703  0.000237970      6.21285      1.64167  0.000238381      4.90450      4.82800  1.06195e-14  1.09015e-14      7.62698      4.50071  5.08754e-15  0.000213837       0
      9.03226      10.9167      2.84899  2.62589e-14  0.000424629      2.50709      15.6975  0.000413340      2.87110      1.62652  0.000413818      2.08169      2.94115  4.42997e-14  2.49020e-14      3.55238      2.02524  1.81787e-14  0.000207496       0
      9.03226      11.0000      3.35802  1.99659e-14  0.000247254      3.09145      12.2383  0.000246219      3.36552      1.64667  0.000246026      2.73306      3.68580  2.81415e-14  1.70953e-14      4.21603      2.34987  1.36644e-14  0.000114374       0
      9.03226      11.0833      3.36548  1.98922e-14  0.000209909      3.20297      7.78125  0.000211052      3.37048      1.65667  0.000210872      2.78963      3.24898  2.71968e-14  2.10952e-14      4.19818      2.39743  1.37614e-14  0.000191722       0
      9.03226      11.1667      2.63892  2.98345e-14  0.000654653      2.21556      19.4404  0.000636072      2.66101      1.61101  0.000636617      1.90082      2.58505  5.15457e-14  3.08779e-14      3.27488      1.88244  2.08179e-14  0.000214989       0
      9.03226      11.2500      1.03034  1.43040e-13   0.00355479     0.811606      10.2344   0.00332012      1.06787      1.56744   0.00333573     0.756334      1.12917  2.39464e-13  1.22790e-13      4.07805      2.27854  1.44436e-14  0.000118466       0
      9.03226      11.3333     0.869764  1.89712e-13   0.00948379     0.531465      15.9545   0.00849498     0.950828      1.43988   0.00856129     0.483091     0.908896  5.05491e-13  1.76295e-13      1.03445     0.692210  1.42095e-13  0.000285578       0
      9.03226      11.4167     0.604163  3.48208e-13   0.00403938     0.540878      26.7642   0.00373203     0.529164      1.67979   0.00372509     0.538791     0.652321  4.21433e-13  3.06427e-13      3.65387      2.09724  1.73450e-14  0.000146606       0
      9.03226      11.5000     0.959798  1.60989e-13   0.00224049     0.845988      6.51970   0.00215510     0.977964      1.61894   0.00215869     0.801222      1.02990  2.17524e-13  1.43144e-13      1.72395      1.10726  6.06580e-14  0.000140541       0
      9.03226      11.5833     0.928339  1.70184e-13   0.00272582     0.790843      7.46875   0.00258327     0.941468      1.60792   0.00259346     0.742055      1.03227  2.47193e-13  1.42597e-13      2.06529      1.28076  4.48878e-14  0.000166762       0
      9.03226      11.6667     0.624951  3.29118e-13   0.00623177     0.518300      6.55286   0.00588495     0.519560      1.67393   0.00587142     0.497372     0.758330  4.81534e-13  2.38414e-13      1.85614      1.18145  5.36305e-14  0.000231549       0
      9.03226      11.7500     0.566473  3.87672e-13   0.00409782     0.512075      33.1945   0.00378799     0.299488      1.96151   0.00368291     0.493793     0.638727  4.87365e-13  3.17373e-13      1.39436     0.948736  8.63916e-14  0.000252155       0
      9.03226      11.8333      1.33756  9.25923e-14  0.000624572      1.29693      3.22656  0.000619137      1.33756      1.67167  0.000620235      1.21310      1.30770  1.08961e-13  9.61431e-14      1.17049     0.792827  1.15651e-13  0.000269854       0
      9.03226      11.9167      1.35300  9.08374e-14  0.000782401      1.25801      5.31250  0.000773412      1.35550      1.65167  0.000772438      1.13959      1.42843  1.20925e-13  8.29846e-14      1.62673      1.04457  6.68193e-14  0.000228364       0
      9.03226      12.0000     0.268602  1.34456e-12    0.0281370     0.219825      14.0086    0.0261333     0.217215      1.67244    0.0260459     0.215192     0.318489  1.94560e-12  1.01221e-12     0.996718     0.695950  1.51173e-13  0.000309283       0
      9.03226      12.0833     0.258680  1.43161e-12    0.0350478     0.198680      4.25000    0.0326947     0.209930      1.67120    0.0327825     0.199537     0.322917  2.20661e-12  9.89183e-13     0.863902     0.616814  1.91862e-13  0.000350529       0
      9.03226      12.1667     0.872644  1.88669e-13   0.00132679     0.823309      3.59717   0.00132564     0.877644      1.65667   0.00132210     0.795103     0.934705  2.20321e-13  1.68256e-13      1.00735     0.705450  1.48523e-13  0.000261132       0
      9.03226      12.2500     0.498228  4.80155e-13   0.00725488     0.423541      4.27734   0.00693313     0.434478      1.67495   0.00692423     0.420400     0.570869  6.37271e-13  3.82709e-13      1.13997     0.780088  1.20858e-13  0.000319384       0
      9.03226      12.3333     0.294036  1.15637e-12    0.0207501     0.240599      4.13672    0.0193869     0.244036      1.67542    0.0192906     0.244065     0.338323  1.57732e-12  9.15256e-13     0.954294     0.672849  1.62540e-13  0.000301044       0
      9.03226      12.4167     0.227342  1.77540e-12    0.0238999     0.197342      2.87500    0.0232702     0.204530      1.67190    0.0231957     0.200430     0.255534  2.19023e-12  1.46111e-12     0.338567     0.283196  9.14158e-13   0.00130852       0
      9.03226      12.5000     0.130320  4.48823e-12    0.0732996     0.107664      2.40234    0.0704175     0.114227      1.67116    0.0702039     0.111148     0.157599  5.85143e-12  3.26968e-12     0.199235     0.182589  2.21218e-12   0.00255623       0
      9.03226      12.5833    0.0911439  8.14484e-12     0.144986    0.0770021      5.28320     0.138396    0.0789564      1.66768     0.138158    0.0751467     0.110124  1.12352e-11  5.94238e-12     0.141524     0.137322  3.91184e-12   0.00454631       0
      9.03226      12.6667     0.154925  3.36429e-12    0.0225832    0.0849117    0.0921161    0.0116830     0.629022      1.09658    0.0120175     0.142812     0.152633  3.85321e-12  3.44890e-12    0.0943323    0.0980169  7.69122e-12   0.00970243       0
      9.03226      12.7500     0.105027  6.43074e-12    0.0362559    0.0711886     0.181281    0.0239093     0.223868      1.25176    0.0239797     0.101410     0.106119  6.81755e-12  6.32080e-12    0.0701936    0.0764111  1.25873e-11    0.0139248       0
      9.03226      12.8333      1.18111  1.13923e-13   0.00104290      1.11049      3.87500   0.00104286      1.19611      1.65167   0.00104396      1.03456      1.27972  1.42070e-13  9.96717e-14      1.15040     0.787050  1.19036e-13  0.000235446       0
      9.03226      12.9167      2.28677  3.78784e-14  0.000514009      2.10600      9.21289  0.000512412      2.30427      1.64167  0.000512397      1.82972      2.50948  5.49275e-14  3.24431e-14      2.80858      1.66835  2.68917e-14  0.000175095       0
      9.03226      13.0000      2.48217  3.30403e-14  0.000346237      2.29431      9.58862  0.000342038      2.48967      1.64667  0.000341998      2.05996      2.54350  4.50815e-14  3.17232e-14      3.08558      1.77466  2.29898e-14  0.000141712       0
      9.03226      13.0833      2.33716  3.65270e-14  0.000394014      2.13247      9.77734  0.000382089      2.34415      1.64097  0.000382420      1.88164      2.39553  5.24244e-14  3.50557e-14      2.89323      1.67248  2.55932e-14  0.000133398       0
      9.03226      13.1667      1.99415  4.75882e-14  0.000570823      1.80627      9.58862  0.000555019      2.00052      1.63972  0.000555967      1.66837      2.25768  6.40629e-14  3.86954e-14      3.27929      1.87246  2.07712e-14  0.000117363       0
      9.03226      13.2500      2.94276  2.48793e-14  0.000224852      2.74987      9.88770  0.000222606      2.94526      1.65167  0.000222436      2.43168      2.96603  3.41916e-14  2.45548e-14      3.69105      2.06897  1.70548e-14  0.000118892       0
      9.03226      13.3333      3.08499  2.29971e-14  0.000359540      2.75331      15.7336  0.000354390      3.10124      1.63417  0.000354581      2.36174      3.55448  3.58956e-14  1.81608e-14      3.86454      2.16462  1.57979e-14  0.000122835       0
      9.03226      13.4167      2.43069  3.42148e-14  0.000365305      2.26956      8.22119  0.000363832      2.43569      1.64917  0.000363451      2.05853      2.53529  4.51337e-14  3.18946e-14      3.02351      1.72031  2.37817e-14  0.000256493       0
      9.03226      13.5000      2.05513  4.52582e-14  0.000466092      1.88950      8.38281  0.000459186      2.06513      1.64292  0.000458997      1.71666      2.01646  6.10881e-14  4.67141e-14      2.54741      1.49519  3.16421e-14  0.000226162       0
      9.03226      13.5833      2.26602  3.84582e-14  0.000673120      1.97382      13.6211  0.000654116      2.27977      1.62417  0.000655201      1.73873      2.65266  5.98013e-14  2.95774e-14      2.81081      1.62059  2.68561e-14  0.000151942       0
      9.03226      13.6667      1.60071  6.86393e-14   0.00111900      1.38197      9.98438   0.00107227      1.61888      1.61894   0.00107567      1.25241      1.88135  1.03320e-13  5.24381e-14      3.91430      2.18573  1.54646e-14  0.000157572       0
      9.03226      13.7500      2.32156  3.69370e-14  0.000517158      2.07453      11.6660  0.000503243      2.33782      1.63417  0.000504178      1.87493      2.63145  5.27375e-14  2.99758e-14      2.87852      1.65624  2.58115e-14  0.000124946       0
      9.03226      13.8333     0.153097  3.43151e-12    0.0320218     0.107756     0.244105    0.0301245     0.337401      1.26553    0.0301434     0.142720     0.153384  3.85734e-12  3.42083e-12     0.102876     0.105271  6.65643e-12    0.0108970       0
      9.03226      13.9167     0.138782  4.04149e-12    0.0229850    0.0828398     0.113781   0.00882316     0.477634      1.12920   0.00896491     0.139155     0.137364  4.02342e-12  4.11124e-12    0.0864765    0.0909751  8.89061e-12   0.00983829       0
      9.03226      14.0000     0.113340  5.66402e-12    0.0400274    0.0602757    0.0838534    0.0197501     0.126743      1.66672    0.0292374     0.108539     0.111639  6.08769e-12  5.80855e-12    0.0643185    0.0710317  1.45614e-11    0.0172562       0
      9.03226      14.0833     0.129870  4.51422e-12    0.0340737    0.0695100    0.0867647    0.0217539     0.557945      1.05176    0.0219445     0.118704     0.131742  5.24387e-12  4.40781e-12    0.0747277    0.0804195  1.13403e-11    0.0126989       0
      9.03226      14.1667     0.107472  6.18876e-12    0.0555228     0.106222      1.28125    0.0444753     0.554119     0.972789    0.0379130    0.0972166     0.107461  7.31467e-12  6.18982e-12    0.0579591    0.0651757  1.73205e-11    0.0235455       0
      9.03226      14.2500     0.101646  6.79118e-12    0.0437114    0.0558904    0.0939806    0.0234900     0.337827      1.08557    0.0242283    0.0980831     0.100797  7.20729e-12  6.88681e-12    0.0585868    0.0655633  1.70123e-11    0.0182154       0
      9.03226      14.3333     0.140674  3.95130e-12    0.0348445    0.0634131    0.0603494    0.0212306      1.08995     0.925127    0.0219479     0.132481     0.134433  4.36691e-12  4.26174e-12    0.0711295    0.0773451  1.23125e-11    0.0172253       0
      9.03226      14.4167    0.0854157  9.07541e-12    0.0593161    0.0452615    0.0859180    0.0309959     0.277215      1.06032    0.0321379    0.0821856    0.0838379  9.67764e-12  9.36184e-12    0.0493042    0.0568160  2.26789e-11    0.0253237       0
      9.03226      14.5000     0.124809  4.82337e-12    0.0357189    0.0644660    0.0814684    0.0232990     0.469475      1.07940    0.0236034     0.110271     0.124322  5.92916e-12  4.85489e-12    0.0694541    0.0756875  1.28115e-11    0.0139110       0
      9.03226      14.5833     0.391208  7.18481e-13   0.00372541     0.252833     0.145776   0.00175539      1.59833      1.20333   0.00178569     0.373926     0.373221  7.74674e-13  7.77117e-13     0.259155     0.226934  1.42723e-12   0.00163712       0
      9.03226      14.6667     0.434002  6.04332e-13   0.00591353     0.390095      3.29688   0.00578192     0.401853      1.67486   0.00574644     0.377777     0.479122  7.61558e-13  5.12490e-13     0.586082     0.447148  3.66295e-13  0.000561937       0
      9.03226      14.7500     0.620977  3.32636e-13   0.00293095     0.594102      2.27344   0.00289545     0.630977      1.66667   0.00290544     0.591617     0.682739  3.60602e-13  2.84013e-13     0.690499     0.533830  2.78713e-13   0.00253371       0
      9.03226      14.8333     0.182609  2.55795e-12      15.2935     0.182609      1.50000      15.2968     0.182609      1.66667      15.2935    0.0283431    0.0277003  5.70625e-11  5.92864e-11     0.182609     0.192609  2.55795e-12      11.4476       1
      9.03226      14.9167     0.352307  8.55514e-13      2.05313     0.352307      1.50000      2.05358     0.352307      1.66667      2.05313     0.349005     0.344033  8.69045e-13  8.90081e-13     0.352307     0.362307  8.55514e-13      1.37627       0
      9.03226      15.0000     0.109654  5.98490e-12      11.8432       0       0          NaN       0       0      11.8837    0.0987914     0.151817  7.12138e-12  3.47986e-12      10000.0      10000.0  3.23914e-20      1.37627       0
      9.03226      15.0833      1.24627  1.04170e-13  0.000571208      1.19842      3.71143  0.000572442      1.24627      1.66667  0.000571208      1.16642      1.12742  1.16325e-13  1.23108e-13      1.46997     0.979421  7.91134e-14  0.000439339       0
      9.03226      15.1667     0.599304  3.52926e-13   0.00240715     0.450780     0.333793   0.00217736      1.41481      1.36760   0.00219500     0.525848     0.582771  4.38863e-13  3.69770e-13     0.425822     0.342708  6.23806e-13  0.000942067       0
      9.03226      15.2500     0.620006  3.33505e-13   0.00319666     0.483904     0.437200   0.00308340      1.28229      1.40027   0.00309327     0.571741     0.561960  3.81736e-13  3.92874e-13     0.412717     0.333857  6.57166e-13   0.00208061       0
      9.03226      15.3333     0.363744  8.11154e-13   0.00440040     0.307989     0.768402   0.00425960     0.582069      1.45337   0.00427801     0.340162     0.369177  9.07025e-13  7.91356e-13     0.296404     0.252661  1.14101e-12   0.00124557       0
      9.03226      15.4167     0.583844  3.68639e-13   0.00280775     0.543121      3.05493   0.00279655     0.562594      1.67261   0.00280568     0.534666     0.593215  4.26866e-13  3.58985e-13     0.560640     0.430598  3.94417e-13  0.000497607       0
      9.03226      15.5000      1.16999  1.15734e-13  0.000594238      1.00048     0.676424  0.000551647      2.12117      1.47607  0.000553623      1.14522      1.07938  1.19935e-13  1.32375e-13     0.915338     0.649991  1.74231e-13  0.000383155       0
      9.03226      15.5833     0.843374  1.99708e-13  0.000896143     0.715654     0.628143  0.000802227      1.63708      1.44488  0.000805680     0.763130     0.865698  2.35920e-13  1.91199e-13     0.689933     0.510730  2.79094e-13  0.000438149       0
      9.03226      15.6667     0.599029  3.53196e-13   0.00368251     0.549029      3.12500   0.00366161     0.569029      1.66792   0.00366215     0.523670     0.628907  4.41909e-13  3.25676e-13     0.678698     0.510036  2.86837e-13  0.000497131       0
      9.03226      15.7500     0.647293  3.10404e-13   0.00173222     0.619754      2.10510   0.00164188      1.28579      1.42076   0.00161040     0.609841     0.626934  3.42821e-13  3.27386e-13     0.489385     0.384055  4.94704e-13  0.000630372       0
      9.03226      15.8333     0.862399  1.92419e-13   0.00144443     0.827399      2.75000   0.00142437      1.42991      1.48713   0.00141484     0.772185     0.826369  2.31327e-13  2.06604e-13     0.678612     0.505563  2.86897e-13  0.000398373       0
      9.03226      15.9167      1.09689  1.28871e-13   0.00107841      1.01189      5.06250   0.00105410      1.10377      1.64355   0.00105199     0.957475      1.02376  1.61640e-13  1.44577e-13      1.76090      1.11383  5.85517e-14  0.000248613       0
      9.03226      16.0000      1.26695  1.01352e-13  0.000972768      1.21695      3.12500  0.000966807      1.27695      1.66667  0.000969775      1.07490      1.30577  1.33296e-13  9.63789e-14      1.03288     0.717236  1.42456e-13  0.000341613       0
      9.03226      16.0833      1.56351  7.13826e-14   0.00112139      1.40101      7.78125   0.00110934      1.58976      1.62917   0.00110941      1.17599      1.65180  1.14750e-13  6.51376e-14      1.55652      1.00418  7.19179e-14  0.000195496       0
      9.03226      16.1667      1.64498  6.55889e-14   0.00102863      1.45961      9.57080   0.00100680      1.65872      1.62417   0.00100714      1.30009      1.72380  9.70825e-14  6.06667e-14      1.99173      1.23190  4.76845e-14  0.000285077       0
      9.03226      16.2500      1.79788  5.65582e-14  0.000726190      1.65943      7.32422  0.000724445      1.81538      1.64167  0.000724311      1.42675      1.84389  8.31476e-14  5.42256e-14      2.18120      1.34028  4.09831e-14  0.000322306       0
      9.03226      16.3333      1.73115  6.02381e-14  0.000950177      1.52335      9.62891  0.000927548      1.74490      1.62417  0.000928107      1.35599      1.83752  9.05040e-14  5.45392e-14      2.11687      1.29422  4.30796e-14  0.000184614       0
      9.03226      16.4167      1.90523  5.13470e-14   0.00101658      1.63397      13.0156   0.00100053      1.93391      1.61214   0.00100149      1.34764      2.02967  9.14411e-14  4.62083e-14      2.33529      1.40631  3.65758e-14  0.000361521       0
      9.03226      16.5000      1.53085  7.39388e-14   0.00154640      1.28203      11.4307   0.00149131      1.55024      1.60043   0.00149248      1.11205      1.62261  1.25956e-13  6.71023e-14      1.86196      1.16149  5.33514e-14  0.000186792       0
      9.03226      16.5833      1.66424  6.43286e-14   0.00106645      1.48167      8.97754   0.00105497      1.68205      1.62980   0.00105520      1.28537      1.73557  9.89426e-14  5.99825e-14      2.02359      1.25441  4.64398e-14  0.000359877       0
      9.03226      16.6667      2.31404  3.71372e-14  0.000486852      2.13326      9.21289  0.000486553      2.33155      1.64167  0.000486597      1.82329      2.43077  5.52507e-14  3.42128e-14      2.83540      1.68559  2.64691e-14  0.000186336       0
      9.03226      16.7500      2.27016  3.83414e-14  0.000544915      2.08757      8.97754  0.000544345      2.28766      1.64167  0.000544255      1.73719      2.44921  5.98895e-14  3.37846e-14      2.77243      1.65999  2.74787e-14  0.000200497       0
      9.03226      16.8333      2.23542  3.93398e-14  0.000631881      1.98424      11.8193  0.000625574      2.26167      1.62917  0.000625783      1.69260      2.34204  6.25423e-14  3.64004e-14      2.75717      1.61699  2.77326e-14  0.000275510       0
      9.03226      16.9167      1.96953  4.85837e-14  0.000576014      1.84203      6.96875  0.000576924      1.97453      1.64792  0.000577079      1.59194      1.98490  6.92710e-14  4.79585e-14      2.40868      1.46023  3.47373e-14  0.000268683       0
      9.03226      17.0000      1.55671  7.19030e-14   0.00636447      1.32798      10.2344   0.00639260      1.56984      1.60792   0.00639613      1.10123      1.76581  1.28026e-13  5.82802e-14      1.88779      1.18737  5.21403e-14   0.00696095       0
      9.03226      17.0833      2.69356  2.88327e-14  0.000384497      2.57607      6.71875  0.000386851      2.69856      1.65667  0.000387347      2.18243      2.72766  4.09445e-14  2.82345e-14      3.31062      1.96315  2.04447e-14  0.000274747       0
      9.03226      17.1667      1.50994  7.56538e-14   0.00131200      1.29791      10.2285   0.00126586      1.52445      1.61398   0.00126762      1.14559      1.64280  1.19871e-13  6.57340e-14      1.84478      1.13745  5.41817e-14  0.000216927       0
      9.03226      17.2500      1.73770  5.98599e-14   0.00114514      1.48609      12.0239   0.00111224      1.75855      1.61232   0.00111356      1.29718      1.74113  9.74454e-14  5.96638e-14      2.13327      1.29727  4.25292e-14  0.000259839       0
      9.03226      17.3333      1.81673  5.55833e-14   0.00110703      1.54550      13.0156   0.00107231      1.83882      1.61101   0.00107388      1.30511      1.93349  9.64611e-14  5.01024e-14      2.21816      1.33613  3.98512e-14  0.000228426       0
      9.03226      17.4167      1.72606  6.05344e-14  0.000859002      1.54527      9.21289  0.000845655      1.74481      1.63167  0.000846025      1.36329      1.77892  8.96980e-14  5.75664e-14      2.10426      1.28917  4.35106e-14  0.000331975       0
      9.03226      17.5000      1.67721  6.35013e-14   0.00142247      1.36095      14.0781   0.00135645      1.69917      1.59746   0.00136079      1.20632      1.80988  1.09983e-13  5.59343e-14      2.06058      1.24362  4.50587e-14  0.000194768       0
      9.03226      17.5833      2.85371  2.61865e-14  0.000416039      2.62498      10.2344  0.000418440      2.87122      1.64167  0.000418587      2.14575      2.95044  4.21176e-14  2.47714e-14      3.54505      2.05094  1.82414e-14  0.000250744       0
      9.03226      17.6667      1.90016  5.15758e-14  0.000907786      1.65134      11.4307  0.000886353      1.91922      1.61980  0.000887175      1.41017      2.06957  8.47831e-14  4.47331e-14      2.32677      1.40311  3.67993e-14  0.000243535       0
      9.03226      17.7500      2.45751  3.35947e-14  0.000406052      2.31501      7.53125  0.000407789      2.46001      1.65167  0.000407761      1.97188      2.70028  4.84875e-14  2.87132e-14      3.02699      1.78228  2.37362e-14  0.000253553       0
      9.03226      17.8333      2.29970  3.75240e-14  0.000789027      1.95783      15.6975  0.000774241      2.31302      1.61775  0.000774820      1.62721      2.33391  6.67866e-14  3.66118e-14      2.84457      1.65423  2.63271e-14  0.000247745       0
      9.03226      17.9167      1.08253  1.31734e-13   0.00260437     0.916911      8.38281   0.00253155      1.09565      1.60792   0.00253439     0.804030      1.15377  2.16260e-13  1.18458e-13      1.26645     0.851455  1.01418e-13  0.000233733       0
      9.03226      18.0000      2.70316  2.86622e-14  0.000482265      2.41192      13.2656  0.000481358      2.72691      1.63292  0.000481007      1.95489      2.97121  4.91915e-14  2.44835e-14      3.34998      1.94443  2.00459e-14  0.000227777       0
      9.03226      18.0833      1.67210  6.38252e-14   0.00159607      1.34630      15.6322   0.00154132      1.70897      1.58543   0.00154413      1.12073      1.81387  1.24335e-13  5.57293e-14      2.03576      1.24544  4.59782e-14  0.000465249       0
      9.03226      18.1667      1.82224  5.53037e-14  0.000969045      1.55977      12.1898  0.000927888      1.83800      1.61266  0.000929526      1.35543      1.97519  9.05659e-14  4.83521e-14      2.23838      1.33970  3.92529e-14  0.000227180       0
      9.03226      18.2500      1.35352  9.07792e-14   0.00250820      1.04609      14.0023   0.00235079      1.39105      1.56744   0.00235939     0.930242      1.41667  1.69604e-13  8.41358e-14      2.78256      1.62905  2.73121e-14  0.000158007       0
      9.03226      18.3333      1.29896  9.72235e-14   0.00199113      1.07022      10.2344   0.00188108      1.30872      1.60058   0.00188856     0.975645      1.44208  1.56654e-13  8.16798e-14      2.78552      1.62674  2.72637e-14  0.000171546       0
      9.03226      18.4167      1.69553  6.23618e-14   0.00151654      1.35725      15.9545   0.00145348      1.72241      1.59043   0.00145716      1.14969      1.97426  1.19159e-13  4.83897e-14      2.08125      1.25860  4.43153e-14  0.000398159       0
      9.03226      18.5000      2.19289  4.06194e-14  0.000631604      1.93994      11.5840  0.000616830      2.21071      1.62980  0.000617737      1.67107      2.38935  6.38908e-14  3.52070e-14      2.70559      1.57534  2.86192e-14  0.000204268       0
      9.03226      18.5833      1.54546  7.27777e-14   0.00119087      1.34078      9.77734   0.00114805      1.56363      1.61894   0.00115070      1.18339      1.62228  1.13557e-13  6.71255e-14      1.88417      1.15675  5.23072e-14  0.000287272       0
      9.03226      18.6667      1.84507  5.41677e-14  0.000792567      1.63303      10.2285  0.000771958      1.86296      1.62683  0.000772791      1.44388      2.03940  8.15096e-14  4.58415e-14      2.25856      1.35493  3.86703e-14  0.000225208       0
      9.03226      18.7500      1.45685  8.03040e-14   0.00227634      1.10909      15.7989   0.00213938      1.49439      1.56744   0.00214753     0.974105      1.56539  1.57067e-13  7.12401e-14      1.77287      1.09709  5.78939e-14  0.000193845       0
      9.03226      18.8333      1.28906  9.84702e-14   0.00226774      1.03995      11.6110   0.00214911      1.32594      1.58543   0.00215732     0.918756      1.41234  1.73152e-13  8.45659e-14      2.50848      1.49230  3.24647e-14  0.000225144       0
      9.03226      18.9167      1.38573  8.72897e-14   0.00170903      1.17700      9.98438   0.00165230      1.39886      1.60792   0.00165423      1.01461      1.50389  1.46756e-13  7.61612e-14      1.68326      1.05531  6.31215e-14  0.000419094       0
      9.03226      19.0000      1.19204  1.12188e-13   0.00204011      1.00007      9.33466   0.00193033      1.21141      1.60043   0.00193565     0.923884      1.32930  1.71554e-13  9.35530e-14      2.36435      1.41701  3.58297e-14  0.000169603       0
      9.03226      19.0833      1.11880  1.24693e-13   0.00247946     0.932085      9.13086   0.00234374      1.14075      1.59746   0.00235273     0.849599      1.26164  1.97275e-13  1.02063e-13      2.43774      1.45323  3.40500e-14  0.000186563       0
      9.03226      19.1667      2.15599  4.17848e-14  0.000778220      1.85975      13.8281  0.000759075      2.17474      1.61917  0.000759883      1.57454      2.39759  7.05513e-14  3.50055e-14      2.65589      1.56259  2.95174e-14  0.000225993       0
      9.03226      19.2500      1.43460  8.23903e-14   0.00113606      1.27211      7.78125   0.00109804      1.44972      1.62722   0.00109969      1.15428      1.52203  1.18370e-13  7.46549e-14      2.35110      1.41028  3.61669e-14  0.000210376       0
      9.03226      19.3333      1.73267  6.01500e-14   0.00104220      1.48563      11.6660   0.00100635      1.76302      1.61581   0.00100889      1.30098      1.84657  9.69721e-14  5.40946e-14      2.12542      1.28558  4.27912e-14  0.000219173       0
      9.03226      19.4167      1.92566  5.04425e-14  0.000863199      1.76315      7.78125  0.000867101      1.94316      1.64167  0.000866152      1.55032      1.98666  7.23982e-14  4.78876e-14      2.35408      1.42080  3.60906e-14  0.000772183       0
      9.03226      19.5000      1.63442  6.62965e-14   0.00120787      1.40705      10.6743   0.00116425      1.65018      1.61266   0.00116511      1.23569      1.76096  1.05661e-13  5.85483e-14      2.58515      1.53416  3.08760e-14  0.000157086       0
      9.03226      19.5833      2.07391  4.45773e-14  0.000726343      1.82230      12.0239  0.000704805      2.08766      1.62417  0.000705560      1.57514      2.24682  7.05070e-14  3.90076e-14      2.57046      1.51160  3.11705e-14  0.000163285       0
      9.03226      19.6667      2.17775  4.10912e-14  0.000569499      1.96900      9.98438  0.000558753      2.19432      1.63480  0.000558963      1.71476      2.30124  6.12010e-14  3.74823e-14      2.68744      1.58066  2.89421e-14  0.000147181       0
      9.03226      19.7500      1.69634  6.23125e-14   0.00150147      1.35807      15.9545   0.00143073      1.73321      1.58543   0.00143365      1.17686      1.76889  1.14610e-13  5.81113e-14      2.08479      1.26608  4.41902e-14  0.000220070       0
      9.03226      19.8333      1.67487  6.36494e-14   0.00144861      1.35984      14.1741   0.00138086      1.69515      1.59379   0.00138382      1.18124      1.80998  1.13903e-13  5.59292e-14      2.05588      1.24465  4.52305e-14  0.000203093       0
      9.03226      19.9167      1.62742  6.67722e-14   0.00131918      1.36564      12.4098   0.00127050      1.64055      1.60792   0.00127275      1.18424      1.76282  1.13421e-13  5.84451e-14      1.98640      1.20751  4.78981e-14  0.000288106       0
      9.03226      20.0000      1.52955  7.40441e-14   0.00210505      1.16020      17.5547   0.00197847      1.55027      1.57072   0.00198542      1.01367      1.62922  1.46984e-13  6.66496e-14      2.51272      1.48675  3.23733e-14  0.000193538       0
      9.03226      20.0833      2.15502  4.18161e-14  0.000768338      1.90386      11.8193  0.000767549      2.17291      1.62683  0.000767640      1.58074      2.16777  7.00913e-14  4.14071e-14      2.64402      1.56565  2.97386e-14  0.000428927       0
      9.03226      20.1667      1.99926  4.73857e-14  0.000959341      1.69444      13.4468  0.000929179      2.02134      1.61101  0.000930442      1.42650      2.14955  8.31716e-14  4.19937e-14      2.45715      1.46267  3.36028e-14  0.000195989       0
      9.03226      20.2500     0.240716  1.61407e-12    0.0367567     0.186653      3.95703    0.0339743     0.190716      1.67542    0.0338630     0.193514     0.290670  2.32226e-12  1.17877e-12     0.943264     0.661121  1.65720e-13  0.000563486       0
      9.03226      20.3333     0.358165  8.32322e-13    0.0216700     0.273163      5.06250    0.0202133     0.277851      1.67772    0.0201995     0.263792     0.405386  1.38567e-12  6.77093e-13     0.914289     0.643211  1.74565e-13  0.000587612       0
      9.03226      20.4167     0.241705  1.60307e-12    0.0461669     0.174830      4.04688    0.0423452     0.181705      1.66917    0.0422990     0.175316     0.277387  2.73774e-12  1.27434e-12      2.59265      1.80167  3.07272e-14  0.000836968       0
      9.03226      20.5000     0.577899  3.74981e-13   0.00990566     0.445401      6.84375   0.00934020     0.440401      1.68074   0.00932920     0.410445     0.659796  6.63240e-13  3.00663e-13     0.889350     0.632545  1.82799e-13  0.000365237       0
      9.03226      20.5836     0.603969  3.48394e-13   0.00483027     0.545373      3.65430   0.00481692     0.565218      1.67057   0.00482116     0.484346     0.655436  5.03310e-13  3.04003e-13     0.483166     0.382006  5.05360e-13  0.000825895       0
      9.03226      20.6667     0.495752  4.84160e-13    0.0156656     0.354190      7.17578    0.0145181     0.354190      1.68070    0.0145128     0.332939     0.595330  9.40057e-13  3.56861e-13     0.976506     0.680705  1.56424e-13  0.000357492       0
      9.03226      20.7500     0.434568  6.03021e-13    0.0250045     0.287068      7.65625    0.0228363     0.282068      1.68261    0.0228053     0.265361     0.488610  1.37204e-12  4.96012e-13     0.865508     0.616566  1.91269e-13  0.000472706       0
      9.03226      20.8333     0.722425  2.58488e-13   0.00336557     0.644298      4.53906   0.00330325     0.647424      1.67979   0.00329576     0.598665     0.780873  3.53554e-13  2.27054e-13     0.837423     0.600858  2.02079e-13  0.000392479       0
      9.03226      20.9167     0.623697  3.30222e-13   0.00730198     0.506197      6.71875   0.00698108     0.516764      1.67281   0.00698207     0.469640     0.724690  5.29851e-13  2.57144e-13     0.925545     0.653362  1.71041e-13  0.000288668       0
      9.03226      21.0000     0.563702  3.90853e-13    0.0105268     0.436207      7.21875   0.00999648     0.441206      1.67761   0.00999859     0.398795     0.674417  6.95845e-13  2.89878e-13     0.843190     0.603357  1.99781e-13  0.000442496       0
      9.03226      21.0833     0.394743  7.07791e-13    0.0279876     0.262243      7.34375    0.0254347     0.264743      1.67949    0.0254411     0.249349     0.457662  1.52201e-12  5.53164e-13      1.05291     0.721365  1.37967e-13  0.000518876       0
      9.03226      21.1667     0.470943  5.27410e-13    0.0141110     0.353445      6.71875    0.0130860     0.356354      1.67842    0.0130812     0.339272     0.523577  9.10996e-13  4.42040e-13      1.19561     0.804799  1.11630e-13  0.000353171       0
      9.03226      21.2500    0.0250597  7.00599e-11      60.0667       0       0          NaN       0       0      60.5849    0.0176069    0.0246346  1.26170e-10  7.20865e-11      10000.0      10000.0  3.23914e-20  0.000353171       0
      9.03226      21.3333    0.0136807  1.92123e-10      214.715       0       0          NaN       0       0      216.240   0.00873575   0.00798737  4.05753e-10  4.71074e-10      10000.0      10000.0  3.23914e-20  0.000353171       1
      9.03226      21.4167    0.0187517  1.13596e-10      124.827       0       0          NaN       0       0      125.642   0.00911571    0.0127195  3.77959e-10  2.16926e-10      10000.0      10000.0  3.23914e-20  0.000353171       0
      9.03226      21.5000    0.0163473  1.42786e-10      226.681       0       0          NaN       0       0      227.931    0.0127760    0.0150848  2.15331e-10  1.63254e-10      10000.0      10000.0  3.23914e-20  0.000353171       0
      9.03226      21.5833    0.0204416  9.83792e-11      218.220       0       0          NaN       0       0      218.819    0.0131568    0.0233170  2.05042e-10  7.90024e-11      10000.0      10000.0  3.23914e-20  0.000353171       0
      9.03226      21.6667     0.332295  9.43097e-13    0.0242341     0.249952      4.82617    0.0223383     0.254639      1.67876    0.0223195     0.248057     0.386084  1.53524e-12  7.34444e-13      1.29567     0.856623  9.76354e-14  0.000542326       0
      9.03226      21.7500     0.422217  6.32707e-13    0.0129185     0.348468      4.29688    0.0122804     0.347218      1.67979    0.0122252     0.327977     0.456314  9.63879e-13  5.55891e-13     0.798226     0.576567  2.18886e-13  0.000395372       0
      9.03226      21.8333     0.359430  8.27443e-13    0.0303512     0.250731      5.89294    0.0279316     0.245306      1.67898    0.0278368     0.231802     0.417806  1.71883e-12  6.43879e-13     0.696450     0.513843  2.74755e-13  0.000659509       0
      9.03226      21.9167    0.0167555  1.37036e-10      213.431       0       0          NaN       0       0      214.491   0.00796978    0.0155149  4.72808e-10  1.55781e-10      10000.0      10000.0  3.23914e-20  0.000659509       0
      9.03226      22.0000    0.0227858  8.20962e-11      98.8452       0       0          NaN       0       0      99.4560    0.0141933    0.0300861  1.80698e-10  5.16598e-11      10000.0      10000.0  3.23914e-20  0.000659509       0
      9.03226      22.0833    0.0208353  9.53010e-11      96.8216       0       0          NaN       0       0      97.5427    0.0159739    0.0275056  1.48392e-10  5.99876e-11      10000.0      10000.0  3.23914e-20  0.000659509       0
      9.03226      22.1667    0.0333710  4.34658e-11      15.5020       0       0          NaN       0       0      15.9002    0.0260832    0.0315206  6.55381e-11  4.78012e-11      10000.0      10000.0  3.23914e-20  0.000659509       0
      9.03226      22.2500     0.266311  1.36389e-12    0.0327027     0.203811      3.87500    0.0301261     0.210999      1.67335    0.0300787     0.204396     0.328240  2.11987e-12  9.62594e-13      1.06670     0.727879  1.35007e-13  0.000717263       0
      9.03226      22.3333     0.440269  5.90064e-13    0.0201090     0.307769      6.84375    0.0184453     0.307769      1.67949    0.0184308     0.292868     0.529766  1.16406e-12  4.33466e-13      1.16924     0.789258  1.15857e-13  0.000451514       0
      9.03226      22.4167     0.335631  9.27526e-13    0.0271254     0.246959      5.06934    0.0250026     0.246803      1.67709    0.0249256     0.236539     0.399313  1.66184e-12  6.94341e-13      1.20521     0.803941  1.10151e-13  0.000583966       0
      9.03226      22.5000     0.585507  3.66895e-13    0.0139213     0.400579      9.36621    0.0128069     0.388214      1.68416    0.0127897     0.367284     0.682757  7.98166e-13  2.84000e-13      1.12382     0.765800  1.23765e-13  0.000388040       0
      9.03226      22.5833     0.648262  3.09631e-13   0.00695586     0.520762      6.71875   0.00662362     0.520762      1.67824   0.00661867     0.482576     0.719918  5.06391e-13  2.59991e-13     0.937342     0.661429  1.67468e-13  0.000315355       0
      9.03226      22.6667     0.672202  2.91471e-13   0.00752459     0.519697      8.03125   0.00706430     0.509697      1.68511   0.00705826     0.487508     0.773566  4.97882e-13  2.30639e-13      1.33929     0.885103  9.23926e-14  0.000269216       0
      9.03226      22.7500     0.297431  1.13445e-12    0.0529176     0.183307      6.49072    0.0475273     0.181939      1.68406    0.0474735     0.175718     0.329264  2.72732e-12  9.57608e-13      1.02748     0.700300  1.43706e-13  0.000859303       0
      9.03226      22.8333     0.907803  1.76648e-13   0.00309426     0.790302      6.71875   0.00301763     0.922802      1.61667   0.00302210     0.703908      1.05692  2.69920e-13  1.37097e-13      1.11417     0.761431  1.25557e-13  0.000225236       0
      9.03226      22.9167     0.801261  2.17506e-13   0.00316176     0.726261      3.93750   0.00315196     0.739855      1.67454   0.00315070     0.637398      1.07620  3.18477e-13  1.33027e-13     0.800243     0.580010  2.17968e-13  0.000617789       0
      9.03226      23.0000     0.954949  1.62354e-13   0.00118781     0.845676     0.671997   0.00108616      1.74369      1.47746   0.00108748     0.866938     0.909318  1.90743e-13  1.76158e-13     0.710234     0.525884  2.65925e-13  0.000618530       0
      9.03226      23.0833     0.714645  2.63196e-13   0.00261313     0.669644      3.25000   0.00261315     0.694644      1.66917   0.00261175     0.625065     0.738657  3.29018e-13  2.49091e-13     0.700704     0.520225  2.71981e-13  0.000321235       0
      9.03226      23.1667     0.743907  2.46168e-13   0.00360079     0.668908      3.93750   0.00358240     0.678654      1.67729   0.00358215     0.600438     0.826511  3.51816e-13  2.06545e-13     0.720259     0.531421  2.59786e-13  0.000316210       0
      9.03226      23.2500     0.602303  3.50002e-13   0.00659798     0.517303      5.06250   0.00642203     0.512303      1.67730   0.00640943     0.469829     0.660061  5.29495e-13  3.00461e-13     0.726275     0.533943  2.56209e-13  0.000325856       0
      9.03226      23.3333     0.692971  2.77058e-13   0.00414084     0.614530      4.94922   0.00406321     0.617970      1.67979   0.00405779     0.566118     0.762645  3.88077e-13  2.36170e-13     0.798128     0.577486  2.18931e-13  0.000296747       0
      9.03226      23.4167     0.834940  2.03081e-13   0.00112819     0.799939      1.37500   0.00102419      1.51083      1.47194   0.00102258     0.766697     0.846224  2.34093e-13  1.98588e-13     0.660238     0.494263  3.00327e-13  0.000330667       0
      9.03226      23.5000     0.861297  1.92830e-13   0.00170075     0.821298      2.87500   0.00169841     0.871297      1.66667   0.00169642     0.755462     0.925896  2.39925e-13  1.70933e-13     0.762994     0.557160  2.35990e-13  0.000275190       0
      9.03226      23.5833      1.00489  1.49129e-13  0.000941439     0.717854     0.207200  0.000686833      4.36263      1.26706  0.000682094     0.926149     0.970026  1.70855e-13  1.58170e-13     0.690416     0.513339  2.78769e-13  0.000323727       0
      9.03226      23.6667     0.915702  1.74116e-13   0.00120652     0.577736     0.135518  0.000871252      5.16245      1.20470  0.000870644     0.824483     0.935044  2.07392e-13  1.68155e-13     0.585231     0.447368  3.67183e-13  0.000459779       0
      9.03226      23.7500     0.900975  1.78885e-13   0.00108754     0.576050     0.137262  0.000635329      5.56586      1.18724  0.000633043     0.843015     0.893648  1.99850e-13  1.81336e-13     0.594410     0.452262  3.57782e-13  0.000550947       0
      9.03226      23.8333     0.879937  1.86070e-13   0.00158113     0.481813    0.0958736   0.00126266      4.85615      1.20256   0.00127850     0.775250     0.848894  2.29805e-13  1.97548e-13     0.523030     0.408286  4.42810e-13  0.000658003       0
      9.03226      23.9167     0.803033  2.16707e-13   0.00372997     0.703034      5.18750   0.00367711     0.703112      1.67610   0.00367643     0.629768     0.898733  3.24934e-13  1.79630e-13     0.799678     0.580924  2.18225e-13  0.000312761       0
