      9.22581      0.00000      1.47487  7.86752e-14  0.000779036      1.39987      3.93750  0.000778903      1.48987      1.65667  0.000781120      1.29315      1.59648  9.79516e-14  6.89429e-14      1.29786     0.869975  9.73611e-14  0.000144052       46662.718       0         -20         -29       0
      9.22581    0.0833333      1.44793  8.11302e-14  0.000631389      1.21213     0.616226  0.000609767      1.45793      1.67167  0.000623654      1.31501      1.51647  9.52533e-14  7.51115e-14      1.70789      1.14560  6.16116e-14  0.000226195       47903.622       0         -20         -29       0
      9.22581     0.166667     0.867815  1.90422e-13   0.00109014     0.772048     0.985662   0.00105512      1.42711      1.49160   0.00105636     0.825837     0.888967  2.06826e-13  1.82931e-13     0.766630     0.560624  2.34128e-13  0.000354136       47687.644       0         -20         -29       0
      9.22581     0.250000     0.982338  1.54880e-13   0.00131632     0.925462      3.64844   0.00131419     0.997024      1.65104   0.00131492     0.897517      1.07090  1.80035e-13  1.34126e-13     0.997859     0.697512  1.50885e-13  0.000196510       47481.430       0         -20         -29       0
      9.22581     0.333333      1.49995  7.64948e-14  0.000524488      1.44995      3.12500  0.000520023      1.50995      1.66667  0.000522988      1.38177      1.55569  8.77070e-14  7.19822e-14      1.37957     0.913442  8.79410e-14  0.000125495       47420.574       0         -20         -29       0
      9.22581     0.416667      1.26904  1.01073e-13  0.000545092      1.05953     0.546590  0.000487602      3.09648      1.40089  0.000489201      1.22659      1.24673  1.06970e-13  1.04106e-13      1.02579     0.715284  1.44099e-13  0.000215446       47634.546       0         -20         -29       0
      9.22581     0.500000     0.951708  1.63276e-13  0.000641137     0.844563     0.963953  0.000595388      1.57198      1.49441  0.000597992     0.894867     0.992572  1.80925e-13  1.52227e-13     0.879380     0.628623  1.86267e-13  0.000271203       47764.508       0         -20         -29       0
      9.22581     0.583333     0.847274  1.98178e-13  0.000978721     0.705462     0.563897  0.000879951      1.62116      1.44703  0.000885855     0.783008     0.872567  2.26023e-13  1.88697e-13     0.690371     0.513775  2.78799e-13  0.000386814       48215.998       0         -20         -29       0
      9.22581     0.666667      1.01585  1.46458e-13  0.000792337     0.733179     0.248327  0.000611189      3.42065      1.31405  0.000616231     0.969426      1.02917  1.58333e-13  1.43311e-13     0.732397     0.540703  2.52649e-13  0.000427501       48687.186       0         -20         -29       0
      9.22581     0.750000     0.758934  2.38098e-13   0.00186926     0.706538      1.57776   0.00184002      1.17066      1.50418   0.00183989     0.682398     0.796010  2.84249e-13  2.19903e-13     0.624658     0.472172  3.29376e-13  0.000403984       48045.806       0         -20         -29       0
      9.22581     0.833333      1.81737  5.55510e-14  0.000468209      1.74987      3.68750  0.000467070      1.82487      1.66542  0.000468129      1.66779      1.83494  6.41000e-14  5.46672e-14      1.69610      1.08769  6.23272e-14  0.000104250       48387.048       0         -20         -29       0
      9.22581     0.916667      1.10880  1.26573e-13  0.000835537      1.06864      3.02539  0.000823859      1.48330      1.56439  0.000822389      1.03856      1.14402  1.41159e-13  1.20146e-13     0.958230     0.674781  1.61428e-13  0.000232159       49183.114       0         -20         -29       0
      9.22581      1.00000      2.02295  4.64645e-14  0.000335193      1.98295      2.12500  0.000316447      2.03545      1.67792  0.000322989      1.89787      2.13943  5.16793e-14  4.23250e-14      2.41821      1.55115  3.45096e-14  0.000154001       49860.580       0         -20         -29       0
      9.22581      1.08333      1.51861  7.49347e-14  0.000330326      1.27467     0.558864  0.000278656      3.33401      1.43798  0.000280353      1.45005      1.46873  8.09325e-14  7.92246e-14      1.26791     0.852016  1.01223e-13  0.000148560       47565.538       0         -20         -29       0
      9.22581      1.16667      2.03637  4.59552e-14  0.000474839      1.95137      5.06250  0.000474930      2.05137      1.65667  0.000476164      1.76437      2.22922  5.83599e-14  3.95223e-14      2.46587      1.53332  3.34050e-14  0.000101200       48017.940       0         -20         -29       0
      9.22581      1.25028      1.22565  1.07107e-13  0.000696188      1.18690      3.04688  0.000684931      1.23565      1.66667  0.000692650      1.10246      1.28901  1.27789e-13  9.84774e-14      1.07648     0.744255  1.32969e-13  0.000188444       48332.354       0         -20         -29       0
      9.22581      1.33333      2.40149  3.49109e-14  0.000306095      2.34680      3.77734  0.000302769      2.40899      1.66917  0.000304570      2.09059      2.59802  4.39861e-14  3.06213e-14      2.02187      1.25999  4.65058e-14  8.06388e-05       48666.702       0         -20         -29       0
      9.22581      1.41667      1.96150  4.89156e-14  0.000458822      1.86650      5.06250  0.000459101      1.97650      1.65667  0.000459431      1.74024      1.94536  5.97148e-14  4.95942e-14      1.79118      1.13896  5.69113e-14  0.000107164       48755.420       0         -20         -29       0
      9.22581      1.50000      1.09481  1.29281e-13  0.000644600     0.997422      1.27216  0.000624055      1.61629      1.53150  0.000626052      1.03219      1.13185  1.42614e-13  1.22307e-13     0.999522     0.698674  1.50467e-13  0.000212229       48912.406       0         -20         -29       0
      9.22581      1.58333      1.41924  8.38821e-14  0.000581554      1.38674      2.62500  0.000562438      1.42924      1.67167  0.000572209      1.31258      1.41972  9.55469e-14  8.38351e-14      1.15917     0.792265  1.17540e-13  0.000176277       49090.894       0         -20         -29       0
      9.22581      1.66667     0.924202  1.71455e-13  0.000665112     0.752290     0.458721  0.000489946      2.18935      1.39528  0.000494941     0.907896     0.917275  1.76618e-13  1.73619e-13     0.740198     0.544113  2.48227e-13  0.000336175       48774.312       0         -20         -29       0
      9.22581      1.75000      1.03728  1.41451e-13  0.000982562     0.903348     0.828101  0.000950049      1.78192      1.48616  0.000951778     0.961338      1.06925  1.60559e-13  1.34471e-13     0.870958     0.622929  1.89278e-13  0.000241612       48748.082       0         -20         -29       0
      9.22581      1.83333      1.28973  9.83859e-14  0.000891755     0.977049     0.331092  0.000834108      1.30473      1.67417  0.000872241      1.16431      1.26800  1.16676e-13  1.01212e-13     0.891714     0.635018  1.81992e-13  0.000269637       48662.410       0         -20         -29       0
      9.22581      1.91667      1.55655  7.19159e-14  0.000495500      1.45363      1.63306  0.000483259      1.56655      1.67167  0.000488810      1.44214      1.56430  8.16743e-14  7.13230e-14      1.84963      1.22374  5.39455e-14  0.000189292       49139.134       0         -20         -29       0
      9.22581      2.00000      1.81933  5.54513e-14  0.000426322      1.47322     0.485771  0.000405906      1.82933      1.67167  0.000420086      1.65479      1.97729  6.49418e-14  4.82664e-14      1.39819     0.923972  8.59972e-14  0.000142724       49523.986       0         -20         -29       0
      9.22581      2.08333      1.00277  1.49657e-13  0.000691928     0.947541      1.78906  0.000668293      1.01027      1.67042  0.000681080     0.952569      1.03675  1.63030e-13  1.41570e-13     0.941510     0.665701  1.66234e-13  0.000226005       49884.786       0         -20         -29       0
      9.22581      2.16667     0.972751  1.57432e-13  0.000732978     0.936890      1.64905  0.000619367      2.14722      1.41755  0.000600461     0.926881     0.984116  1.70630e-13  1.54414e-13     0.775345     0.566770  2.29758e-13  0.000355616       48823.586       0         -20         -29       0
      9.22581      2.25000      1.29943  9.71644e-14  0.000438168      1.04251     0.418891  0.000349105      2.99882      1.42016  0.000352628      1.26114      1.29805  1.02131e-13  9.73368e-14      1.00327     0.701335  1.49532e-13  0.000221618       49576.406       0         -20         -29       0
      9.22581      2.33333      1.57836  7.02668e-14  0.000337273      1.37110     0.714757  0.000301524      3.34070      1.44889  0.000301550      1.46106      1.56947  7.99190e-14  7.09314e-14      1.31188     0.877966  9.56323e-14  0.000142829       49921.280       0         -20         -29       0
      9.22581      2.41667      1.91175  5.10557e-14  0.000465527      1.83675      3.93750  0.000464302      1.91925      1.66417  0.000465999      1.66278      1.99131  6.44223e-14  4.77015e-14      1.56837      1.01826  7.10146e-14  0.000108487       48558.774       0         -20         -29       0
      9.22581      2.50000      1.23996  1.05055e-13  0.000765411      1.19371      2.76562  0.000752897      1.24746      1.67042  0.000759080      1.12063      1.29419  1.24354e-13  9.78215e-14      1.07329     0.740745  1.33630e-13  0.000168248       48935.982       0         -20         -29       0
      9.22581      2.58333      1.55813  7.17946e-14  0.000511837      1.39001     0.774902  0.000476137      1.57313      1.67417  0.000496431      1.36805      1.60412  8.91785e-14  6.83966e-14      1.17926     0.801734  1.14221e-13  0.000163592       49307.704       0         -20         -29       0
      9.22581      2.66667      1.16588  1.16414e-13  0.000510112     0.949716     0.467457  0.000418287      2.77932      1.40542  0.000419733      1.09678      1.18362  1.28893e-13  1.13521e-13     0.923690     0.654041  1.71614e-13  0.000234397       48789.344       0         -20         -29       0
      9.22581      2.75000      1.39718  8.61010e-14  0.000711996      1.34187      3.59766  0.000710471      1.40718      1.66167  0.000712881      1.26034      1.46220  1.02239e-13  7.98152e-14      1.30600     0.873819  9.63516e-14  0.000134724       48822.480       0         -20         -29       0
      9.22581      2.83333     0.828207  2.05840e-13   0.00114465     0.795706      2.62500   0.00112187      1.17266      1.53713   0.00111951     0.797027     0.863779  2.19435e-13  1.91907e-13     0.739978     0.543667  2.48350e-13  0.000344125       48783.244       0         -20         -29       0
      9.22581      2.91667     0.771658  2.31591e-13  0.000446596     0.711452      1.36649  0.000356873      1.08249      1.54325  0.000359427     0.742491     0.797191  2.46951e-13  2.19360e-13     0.748634     0.549511  2.43583e-13  0.000325888       48881.698       0         -20         -29       0
      9.22581      3.00000     0.788759  2.23283e-13   0.00157946     0.698528     0.979766   0.00154417      1.34650      1.47362   0.00154507     0.723813     0.837649  2.57663e-13  2.01988e-13     0.676068     0.504529  2.88699e-13  0.000370140       48864.254       0         -20         -29       0
      9.22581      3.08333      1.10244  1.27791e-13  0.000791381      1.07244      2.37500  0.000760791      2.02286      1.46893  0.000755839      1.03573      1.14698  1.41802e-13  1.19628e-13     0.926323     0.656394  1.70802e-13  0.000236341       49610.748       0         -20         -29       0
      9.22581      3.16667     0.821725  2.08554e-13   0.00148167     0.781724      2.87500   0.00147070      1.08152      1.55873   0.00146856     0.747056     0.884623  2.44441e-13  1.84430e-13     0.746646     0.548454  2.44664e-13  0.000333925       49463.820       0         -20         -29       0
      9.22581      3.25000     0.999964  1.50356e-13  0.000618826     0.839047     0.564488  0.000516818      2.10440      1.43072  0.000519313     0.948711      1.01993  1.64137e-13  1.45483e-13     0.845177     0.609047  1.98998e-13  0.000280664       48616.412       0         -20         -29       0
      9.22581      3.33333     0.860303  1.93201e-13  0.000956429     0.758887     0.918555  0.000907976      1.43904      1.48697  0.000910284     0.817233     0.932385  2.10468e-13  1.68955e-13     0.994559     0.712915  1.51721e-13  0.000348821       47699.408       0         -20         -29       0
      9.22581      3.41667      1.04145  1.40507e-13  0.000580070     0.964371      1.55664  0.000560294      1.49186      1.54170  0.000561022      1.01156      1.05506  1.47495e-13  1.37498e-13     0.990005     0.694124  1.52886e-13  0.000230181       48865.482       0         -20         -29       0
      9.22581      3.50000      1.29285  9.79904e-14  0.000571281      1.09013     0.624671  0.000532894      1.30535      1.67167  0.000555928      1.22057      1.32867  1.07851e-13  9.36268e-14      1.05329     0.731262  1.37885e-13  0.000200220       47415.008       0         -20         -29       0
      9.22581      3.58361     0.953981  1.62628e-13  0.000873890     0.676953     0.237419  0.000680539      2.26410      1.39852  0.000697123     0.925227     0.989132  1.71139e-13  1.53111e-13     0.694847     0.516916  2.75812e-13  0.000446363       48248.978       0         -20         -29       0
      9.22581      3.66667      1.06861  1.34606e-13  0.000651799     0.917517     0.691310  0.000583202      1.36737      1.58445  0.000606156      1.01614      1.07470  1.46389e-13  1.33338e-13     0.901879     0.642631  1.78587e-13  0.000262151       47960.566       0         -20         -29       0
      9.22581      3.75000      1.25015  1.03631e-13  0.000616654      1.08829     0.787754  0.000586091      2.43579      1.45798  0.000586889      1.17556      1.26442  1.14821e-13  1.01689e-13      1.06092     0.733778  1.36237e-13  0.000191077       48465.476       0         -20         -29       0
      9.22581      3.83333      1.04602  1.39485e-13  0.000565369     0.942791      1.00874  0.000510843      1.78601      1.49193  0.000511352      1.01816      1.03986  1.45905e-13  1.40864e-13     0.925224     0.655564  1.71140e-13  0.000232694       47845.058       0         -20         -29       0
      9.22581      3.91667     0.923131  1.71787e-13  0.000667537     0.794719     0.698040  0.000561213      1.78019      1.45069  0.000564730     0.909127     0.910276  1.76220e-13  1.75849e-13      1.05876     0.760633  1.36700e-13  0.000367584       48882.636       0         -20         -29       0
      9.22581      4.00000      1.12086  1.24310e-13  0.000617834      1.08887      2.54590  0.000584584      2.01943      1.47602  0.000577469      1.07772      1.10769  1.32715e-13  1.26785e-13     0.965486     0.678602  1.59411e-13  0.000211118       48282.362       0         -20         -29       0
      9.22581      4.08333      1.42839  8.29882e-14  0.000547879     0.988157     0.213385  0.000462567      1.43980      1.67940  0.000512711      1.33486      1.45770  9.29047e-14  8.02258e-14      1.02356     0.715009  1.44624e-13  0.000255127       48794.164       0         -20         -29       0
      9.22581      4.16667      1.72126  6.08163e-14  0.000335815      1.38385     0.441086  0.000297638      4.75891      1.38490  0.000298176      1.63960      1.62722  6.59477e-14  6.67863e-14      1.33130     0.889246  9.33183e-14  0.000169654       47808.574       0         -20         -29       0
      9.22581      4.25000      1.08052  1.32141e-13  0.000468987     0.860938     0.396868  0.000282754      2.89335      1.37393  0.000286722      1.03218      1.07592  1.42616e-13  1.33085e-13     0.870946     0.623352  1.89283e-13  0.000278749       47926.102       0         -20         -29       0
      9.22581      4.33333      1.44135  8.17485e-14  0.000520798      1.39135      3.12500  0.000515068      1.45135      1.66667  0.000519005      1.34878      1.48964  9.13122e-14  7.73792e-14      1.32082     0.882311  9.45558e-14  0.000130391       47624.360       0         -20         -29       0
      9.22581      4.41667      1.35957  9.01076e-14  0.000462666      1.10857     0.441368  0.000353110      4.77980      1.32172  0.000352873      1.23536      1.38843  1.05708e-13  8.70069e-14      1.00886     0.704219  1.48154e-13  0.000207429       47955.392       0         -20         -29       0
      9.22581      4.50000      1.58303  6.99217e-14  0.000476531      1.28510     0.464964  0.000439902      1.59803      1.67417  0.000461357      1.46315      1.59734  7.97287e-14  6.88809e-14      1.87854      1.24921  5.25687e-14  0.000195975       47866.344       0         -20         -29       0
      9.22581      4.58333      1.85119  5.38696e-14  0.000362704      1.49515     0.455486  0.000337230      1.86619      1.67417  0.000351782      1.69654      1.84506  6.23002e-14  5.41684e-14      1.48924     0.976258  7.74144e-14  0.000118993       48690.718       0         -20         -29       0
      9.22581      4.66667      4.41564  1.26505e-14  0.000123133      4.39314      2.00000  0.000115199      4.43275      1.68014  0.000117768      3.75379      4.52164  1.65823e-14  1.21601e-14      5.42431      3.21360  8.97818e-15  7.56929e-05       49140.900       0         -20         -29       0
      9.22581      4.75000      4.92307  1.05528e-14  0.000115720      4.84806      3.93750  0.000114191      4.92307      1.67167  0.000114705      4.09425      5.07682  1.43485e-14  1.00256e-14      6.13126      3.48604  7.32002e-15  7.11156e-05       49835.782       0         -20         -29       0
      9.22581      4.83333      3.16780  2.20039e-14  0.000167635      3.13780      2.37500  0.000157882      3.18717      1.67511  0.000161996      2.94442      3.01110  2.48560e-14  2.39453e-14      2.32265      1.41316  3.69083e-14  7.83915e-05       49466.714       0         -20         -29       0
      9.22581      4.91667      3.59929  1.77855e-14  0.000219630      3.49023      5.51953  0.000219535      3.60929      1.66167  0.000220618      2.93208      3.77180  2.50305e-14  1.64506e-14      4.40725      2.64020  1.26906e-14  8.89511e-05       50434.792       0         -20         -29       0
      9.22581      5.00000      4.75715  1.11734e-14  0.000119655      4.70714      3.12500  0.000116725      4.77215      1.67417  0.000117526      4.00042      4.51576  1.49138e-14  1.21865e-14      5.90628      3.39804  7.79063e-15  7.55147e-05       50299.302       0         -20         -29       0
      9.22581      5.08333      3.92245  1.54111e-14  0.000122376      3.88307      2.33594  0.000114296      3.93698      1.68034  0.000115992      3.42367      3.99270  1.93320e-14  1.49618e-14      4.85088      2.84711  1.08159e-14  7.86707e-05       50113.016       0         -20         -29       0
      9.22581      5.16667      2.50714  3.24936e-14  0.000179470      2.06498     0.482189  0.000154809      2.52167      1.68034  0.000164334      2.32713      2.43312  3.67897e-14  3.41579e-14      1.92642      1.21011  5.04093e-14  8.85620e-05       50205.354       0         -20         -29       0
      9.22581      5.25000      4.82898  1.08978e-14  0.000106972      4.80398      2.06250  9.98830e-05      4.84898      1.68167  0.000101672      4.32196      4.67307  1.31107e-14  1.15105e-14      5.94449      3.49697  7.70735e-15  8.59412e-05       51930.364       0         -20         -29       0
      9.22581      5.33333      4.59330  1.18455e-14  0.000108344      4.57330      1.75000  9.74391e-05      4.59580      1.68542  0.000100335      4.18443      4.33905  1.38368e-14  1.30248e-14      5.64436      3.33710  8.40242e-15  7.79425e-05       51415.248       0         -20         -29       0
      9.22581      5.41667      4.32774  1.30816e-14  0.000151356      4.23649      4.76562  0.000150653      4.32774      1.66667  0.000151356      3.54338      4.58337  1.82557e-14  1.18883e-14      5.37422      3.09081  9.11808e-15  7.48401e-05       51182.502       0         -20         -29       0
      9.22581      5.50000      3.47368  1.88704e-14  0.000143895      3.44368      2.87500  0.000138063      3.48805      1.67604  0.000139668      3.17926      3.53466  2.18719e-14  1.83308e-14      4.29195      2.51109  1.32639e-14  7.83817e-05       52078.808       0         -20         -29       0
      9.22581      5.58333      4.17982  1.38622e-14  0.000107908      4.14732      2.62500  0.000102322      4.19232      1.67667  0.000103915      3.67439      4.03041  1.71838e-14  1.47292e-14      5.20286      2.98503  9.62406e-15  7.24354e-05       51890.134       0         -20         -29       0
      9.22581      5.66667      3.93353  1.53388e-14  0.000142588      3.88353      3.12500  0.000138250      3.94564      1.67264  0.000140217      3.35531      4.07042  1.99928e-14  1.44887e-14      4.87490      2.83610  1.07272e-14  8.53130e-05       50201.492       0         -20         -29       0
      9.22581      5.75000      3.89567  1.55880e-14  0.000234287      3.62440      13.0156  0.000234134      3.90786      1.64604  0.000234202      3.05952      4.23605  2.33171e-14  1.35569e-14      4.86267      2.74190  1.07722e-14  8.04258e-05       50527.326       0         -20         -29       0
      9.22581      5.83333      3.82093  1.60996e-14  0.000133255      3.77093      3.12500  0.000129028      3.83304      1.67264  0.000130905      3.44140      3.80034  1.91663e-14  1.62452e-14      4.72655      2.74808  1.12942e-14  7.34081e-05       49955.860       0         -20         -29       0
      9.22581      5.91667      2.90201  2.54642e-14  0.000173156      2.87076      2.32812  0.000158058      2.92467      1.68003  0.000161698      2.56097      2.89569  3.13634e-14  2.55570e-14      2.19115      1.34850  4.06734e-14  7.89490e-05       50614.004       0         -20         -29       0
      9.22581      6.00000      4.30569  1.31934e-14  0.000101885      4.28569      1.75000  9.02868e-05      4.30819      1.68542  9.31212e-05      3.88308      4.06888  1.56724e-14  1.44979e-14      5.32854      3.11073  9.24873e-15  7.58710e-05       51148.910       0         -20         -29       0
      9.22581      6.08333      4.13297  1.41251e-14  9.31272e-05      4.09890      2.34766  8.55432e-05      4.14476      1.67843  8.76979e-05      3.91485      3.91760  1.54610e-14  1.54429e-14      5.11869      2.95234  9.88928e-15  7.49236e-05       53940.978       0         -20         -29       0
      9.22581      6.16667      5.31219  9.29623e-15  9.37745e-05      5.28093      2.32812  8.84756e-05      5.32531      1.67886  9.00370e-05      4.66404      4.95428  1.15476e-14  1.04423e-14      6.58843      3.79098  6.49321e-15  6.75650e-05       52798.112       0         -20         -29       0
      9.22581      6.25000      3.41049  1.94566e-14  0.000153726      3.38800      2.00000  0.000139961      3.42096      1.68221  0.000143839      3.11462      3.33195  2.26336e-14  2.02270e-14      2.36057      1.43303  3.59253e-14  8.38762e-05       52854.486       0         -20         -29       0
      9.22581      6.33333      3.83294  1.60156e-14  0.000196482      3.67043      7.78125  0.000197272      3.84044      1.65917  0.000197261      3.34855      3.88282  2.00601e-14  1.56741e-14      4.77760      2.74300  1.10938e-14  7.84408e-05       52347.262       0         -20         -29       0
      9.22581      6.41667      4.01128  1.48465e-14  0.000131779      3.95128      3.50000  0.000129419      4.02128      1.67167  0.000130259      3.60158      4.11685  1.77667e-14  1.42174e-14      4.97817      2.85757  1.03589e-14  7.28160e-05       50950.538       0         -20         -29       0
      9.22581      6.50000      1.38940  8.69064e-14  0.000382763      1.21813     0.741623  0.000330890      2.94930      1.44165  0.000331675      1.28819      1.41326  9.85811e-14  8.44749e-14      1.16484     0.796119  1.16588e-13  0.000185582       50715.124       0         -20         -29       0
      9.22581      6.58333      1.91689  5.08277e-14  0.000438868      1.86689      3.12500  0.000430531      1.92439      1.66917  0.000435994      1.69639      1.97499  6.23093e-14  4.83600e-14      1.49875     0.983885  7.65976e-14  0.000141717       50666.162       0         -20         -29       0
      9.22581      6.66667      2.74169  2.79940e-14  0.000233119      2.69169      3.12500  0.000227706      2.74700      1.67339  0.000229814      2.48017      2.67181  3.30846e-14  2.92248e-14      2.20167      1.35356  4.03498e-14  7.75694e-05       50093.764       0         -20         -29       0
      9.22581      6.75000      1.94097  4.97811e-14  0.000365139      1.72617     0.969303  0.000354902      1.94097      1.67167  0.000361873      1.77700      2.02553  5.76701e-14  4.63658e-14      2.33036      1.48224  3.67050e-14  0.000126205       50046.816       0         -20         -29       0
      9.22581      6.83333      1.94000  4.98225e-14  0.000259626      1.75225      1.05017  0.000246649      1.95000      1.67167  0.000254032      1.82952      1.93802  5.49375e-14  4.99074e-14      2.33521      1.46612  3.65778e-14  0.000109308       49904.874       0         -20         -29       0
      9.22581      6.91667      1.97829  4.82258e-14  0.000465713      1.90329      3.93750  0.000464409      1.97829      1.66667  0.000465713      1.76471      1.98548  5.83411e-14  4.79352e-14      1.61592      1.04502  6.75664e-14  0.000109740       50048.876       0         -20         -29       0
      9.22581      7.00000      1.76074  5.85604e-14  0.000387176      1.44994     0.513559  0.000358063      1.78386      1.67448  0.000372460      1.60275      1.78917  6.84940e-14  5.70178e-14      1.37414     0.912209  8.85203e-14  0.000129763       50058.276       0          21         -46       0
      9.22581      7.08333      1.58156  7.00300e-14  0.000253495      1.37815     0.723928  0.000207481      3.12699      1.46553  0.000208640      1.46204      1.59414  7.98291e-14  6.91120e-14      1.37308     0.912162  8.86345e-14  0.000132460       50073.448       0          21         -46       0
      9.22581      7.16667      1.77791  5.76209e-14  0.000375575      1.35094     0.321706  0.000331851      5.65101      1.35617  0.000332802      1.61601      1.76237  6.75598e-14  5.84700e-14      1.34512     0.898281  9.17258e-14  0.000145315       50239.150       0          21         -46       0
      9.22581      7.25000      1.91672  5.08351e-14  0.000326255      1.69946     0.804072  0.000302240      1.92922      1.67792  0.000312394      1.74393      1.91076  5.95043e-14  5.10997e-14      1.54422      1.00658  7.28753e-14  0.000113268       50227.262       0          21         -46       0
      9.22581      7.33333      2.38256  3.53744e-14  0.000231164      2.00142     0.599172  0.000216162      2.39756      1.67417  0.000223703      2.24081      2.26012  3.91821e-14  3.86258e-14      1.81611      1.15171  5.56150e-14  0.000103501       50105.706       0          21         -46       0
      9.22581      7.41667      1.43533  8.23205e-14  0.000370483      1.26280     0.797490  0.000330341      2.74752      1.47201  0.000330802      1.33034      1.45159  9.34309e-14  8.07897e-14      1.23010     0.831214  1.06462e-13  0.000151050       50446.492       0          21         -46       0
      9.22581      7.50000      2.35745  3.60047e-14  0.000194667      2.31370      2.85938  0.000186168      2.36956      1.67264  0.000189401      2.16153      2.35018  4.16065e-14  3.61904e-14      2.07430      1.28799  4.45631e-14  8.35815e-05       50965.702       0         -20         -29       0
      9.22581      7.58333      2.02517  4.63794e-14  0.000319044      1.66672     0.533915  0.000298643      2.04018      1.67417  0.000310287      1.80269      2.08843  5.63066e-14  4.40620e-14      1.63013      1.05394  6.65876e-14  0.000109065       51199.050       0         -20         -29       0
      9.22581      7.66667      2.12120  4.29333e-14  0.000353329      2.05495      3.76562  0.000351023      2.13120      1.66667  0.000352677      1.88058      2.26160  5.24738e-14  3.85836e-14      2.56498      1.59848  3.12816e-14  0.000104272       51155.456       0         -20         -29       0
      9.22581      7.75028      1.66106  6.45339e-14  0.000375927      1.39963     0.568474  0.000336152      1.67606      1.67417  0.000359740      1.51015      1.68117  7.56357e-14  6.32525e-14      1.29456     0.869296  9.77742e-14  0.000155256       50656.416       0         -20         -29       0
      9.22581      7.83333      2.04687  4.55628e-14  0.000202845      1.86951      1.05836  0.000178147      4.28534      1.46061  0.000177625      1.87114      2.06212  5.29157e-14  4.50026e-14      1.72720      1.10554  6.04678e-14  0.000103770       50710.300       0         -20         -29       0
      9.22581      7.91667      1.99335  4.76202e-14  0.000276438      1.95335      2.87500  0.000263791      2.00835      1.67417  0.000267450      1.85828      2.04500  5.35277e-14  4.56325e-14      1.69581      1.08883  6.23451e-14  0.000103952       51512.696       0          21         -46       0
      9.22581      8.00000      3.17698  2.18980e-14  0.000215575      3.10198      3.93750  0.000213272      3.17948      1.66792  0.000215076      2.75690      3.33700  2.77371e-14  2.01760e-14      2.42740      1.46762  3.42921e-14  8.54046e-05       53788.002       0          21         -46       0
      9.22581      8.08333      2.99761  2.41252e-14  0.000197428      2.94761      3.12500  0.000191902      3.00698      1.67354  0.000194102      2.63204      3.05078  2.99645e-14  2.34285e-14      3.67014      2.20461  1.72170e-14  8.49773e-05       53434.306       0         -20         -29       0
      9.22581      8.16667      1.46257  7.97818e-14  0.000303165      1.25759     0.683247  0.000254047      2.77665      1.47431  0.000255952      1.39639      1.45838  8.61825e-14  8.01633e-14      1.23777     0.837277  1.05364e-13  0.000175214       52947.072       0         -20         -29       0
      9.22581      8.25000      2.66825  2.92898e-14  0.000204232      2.29787     0.669191  0.000193915      2.68326      1.67417  0.000198922      2.42506      2.69930  3.43471e-14  2.87305e-14      3.25210      1.97899  2.10615e-14  9.46044e-05       53647.998       0         -20         -29       0
      9.22581      8.33333      2.07979  4.43672e-14  0.000299252      1.72492     0.582387  0.000286644      2.08979      1.67167  0.000294558      1.89681      2.08115  5.17274e-14  4.43189e-14      1.70245      1.09161  6.19400e-14  0.000103996       52211.574       0         -20         -29       0
      9.22581      8.41667      2.63930  2.98273e-14  0.000176781      2.59571      3.00586  0.000169036      2.65430      1.67417  0.000171259      2.47522      2.67140  3.31949e-14  2.92324e-14      3.22323      1.95005  2.13769e-14  8.98493e-05       52270.440       0         -20         -29       0
      9.22581      8.50000      2.08536  4.41702e-14  0.000243202      1.78098     0.628266  0.000220724      2.10473      1.67511  0.000231175      1.96876      2.04456  4.86154e-14  4.56487e-14      1.73021      1.10697  6.02927e-14  9.38240e-05       52998.728       0         -20         -29       0
      9.22581      8.58333      2.24652  3.90163e-14  0.000375215      2.16152      5.06250  0.000375375      2.25652      1.66167  0.000375851      1.95237      2.46220  4.92974e-14  3.34880e-14      2.01881      1.25900  4.66235e-14  9.12182e-05       52762.134       0         -20         -29       0
      9.22581      8.66667      1.68474  6.30290e-14  0.000661792      1.59850      4.70312  0.000662591      1.69974      1.65667  0.000663719      1.40155      1.82901  8.56541e-14  5.49629e-14      1.40941     0.932193  8.48589e-14  0.000120134       54030.646       0         -20         -29       0
      9.22581      8.75000      4.05511  1.45800e-14  0.000142922      3.98010      3.93750  0.000141262      4.06261      1.66917  0.000142192      3.56877      3.99844  1.80398e-14  1.49260e-14      5.03137      2.88752  1.01770e-14  8.11414e-05       56116.596       0         -20         -29       0
      9.22581      8.83333      5.96780  7.65723e-15  9.30091e-05      5.85874      5.51953  9.25228e-05      5.97780      1.66667  9.29295e-05      5.05028      6.11456  1.01135e-14  7.35339e-15      7.48372      4.15141  5.25089e-15  7.02512e-05       55089.652       0         -20         -29       0
      9.22581      8.91667      4.30068  1.32190e-14  0.000143098      4.21566      5.06250  0.000142163      4.31068      1.66667  0.000142945      3.64699      4.25438  1.73996e-14  1.34597e-14      5.33314      3.08146  9.23545e-15  7.00353e-05       54933.240       0         -20         -29       0
      9.22581      9.00000      3.13782  2.23553e-14  0.000169824      2.03369     0.169259  0.000144622      3.14970      1.68229  0.000156744      2.90268      3.36872  2.54545e-14  1.98604e-14      3.81718      2.33826  1.61259e-14  0.000134582       53180.890       0          21         -46       0
      9.22581      9.08333      2.66694  2.93139e-14  0.000290302      2.52944      6.96875  0.000291030      2.67944      1.65417  0.000291637      2.28831      2.78186  3.78358e-14  2.73236e-14      3.24413      1.96344  2.11478e-14  0.000100583       55261.006       0         -20         -29       0
      9.22581      9.16667      3.68800  1.70783e-14  0.000257909      3.52550      7.78125  0.000259093      3.69300      1.65667  0.000259723      2.89436      3.52236  2.55765e-14  1.84377e-14      4.48128      2.73803  1.23431e-14  0.000102092       55525.810       0         -20         -29       0
      9.22581      9.25000      2.40774  3.47600e-14  0.000178264      2.11732     0.845849  0.000167140      2.41305      1.67339  0.000173077      2.18224      2.41509  4.09505e-14  3.45839e-14      2.12595      1.31617  4.27735e-14  7.57235e-05       55587.932       0         -20         -29       0
      9.22581      9.33333      1.22718  1.06884e-13   0.00145275     0.691578     0.138826   0.00140319      1.23968      1.65167   0.00146463     0.937709      1.26972  1.67359e-13  1.00983e-13     0.756505     0.556107  2.39374e-13  0.000834155       55698.778       0         -20         -29       0
      9.22581      9.41667      2.00678  4.70902e-14  0.000623780      1.77804      10.2344  0.000602939      2.02412      1.62761  0.000603344      1.72030      1.95191  6.08726e-14  4.93168e-14      2.45953      1.48183  3.35487e-14  8.29913e-05       58077.074       0         -20         -29       0
      9.22581      9.50000      4.76804  1.11309e-14  0.000162343      4.67679      4.76562  0.000161024      4.76804      1.66667  0.000162343      3.73238      4.42635  1.67412e-14  1.25995e-14      5.80493      3.52961  8.01864e-15  9.49963e-05       57578.358       0         -20         -29       0
      9.22581      9.58333      4.57798  1.19117e-14  0.000125699      4.54048      2.00000  0.000115821      4.58844      1.68050  0.000119737      3.95813      4.07126  1.51803e-14  1.44837e-14      5.52087      3.44805  8.71799e-15  9.21539e-05       56963.308       0         -20         -29       0
      9.22581      9.66667      4.95073  1.04547e-14  9.86145e-05      4.94073      1.50000  8.52676e-05      4.96135      1.68511  9.03571e-05      4.50361      4.34791  1.22413e-14  1.29806e-14      6.09014      3.59456  7.40258e-15  7.37931e-05       56431.290       0         -20         -29       0
      9.22581      9.75000      4.58854  1.18660e-14  0.000206469      4.10797      21.0703  0.000204909      4.59354      1.63667  0.000204905      3.45972      4.73918  1.89974e-14  1.12441e-14      5.77170      3.19306  8.09574e-15  6.31913e-05       58610.344       0         -20         -29       0
      9.22581      9.83333      6.64636  6.39916e-15  9.64945e-05      6.31786      14.6455  9.72858e-05      6.65136      1.65667  9.71346e-05      5.51590      6.91859  8.73109e-15  5.98504e-15      8.35802      4.59846  4.36774e-15  6.03050e-05       59747.740       0         -20         -29       0
      9.22581      9.91667      2.19013  4.07049e-14  0.000519951      2.00753      8.97754  0.000513330      2.19872      1.64011  0.000513327      1.82788      2.36463  5.50197e-14  3.58226e-14      2.66602      1.60268  2.93308e-14  8.11261e-05       59560.560       0         -20         -29       0
      9.22581      10.0000      4.57882  1.19080e-14  8.82897e-05      4.55382      2.06250  7.92646e-05      4.58929      1.68050  8.22413e-05      4.15374      4.18798  1.40076e-14  1.38173e-14      5.67134      3.26760  8.33590e-15  7.41689e-05       58372.556       0         -20         -29       0
      9.22581      10.0833      5.44698  8.91598e-15  7.57485e-05      5.38698      3.50000  7.38659e-05      5.45698      1.67167  7.45517e-05      4.86753      5.09892  1.07543e-14  9.95326e-15      6.85135      3.78203  6.08324e-15  6.37992e-05       58703.654       0         -20         -29       0
      9.22581      10.1667      2.52156  3.21844e-14  0.000308215      2.43157      4.87500  0.000308593      2.53156      1.66167  0.000309019      2.19401      2.63617  4.05850e-14  2.98864e-14      3.07861      1.84992  2.30765e-14  0.000121991       59870.478       0         -20         -29       0
      9.22581      10.2500      3.70917  1.69161e-14  0.000274734      3.33325      17.0430  0.000272547      3.73542      1.62917  0.000272922      3.21928      3.32863  2.14205e-14  2.02606e-14      4.54640      2.70198  1.20499e-14  9.58538e-05       60720.690       0         -20         -29       0
      9.22581      10.3333      3.70710  1.69319e-14  0.000172419      3.65210      3.68750  0.000168881      3.70710      1.67167  0.000170674      3.18056      3.74538  2.18570e-14  1.66445e-14      4.54439      2.69978  1.20588e-14  0.000109339       60349.406       0         -20         -29       0
      9.22581      10.4167      2.96151  2.46173e-14  0.000120761      2.92901      2.62500  0.000109388      2.97448      1.67596  0.000113190      2.79225      2.88216  2.71543e-14  2.57572e-14      3.64126      2.15844  1.74452e-14  8.23840e-05       58978.394       0         -20         -29       0
      9.22581      10.5000      6.25478  7.08070e-15  7.30509e-05      6.16353      4.76562  7.24322e-05      6.26478      1.66667  7.29820e-05      5.57279      5.67545  8.58303e-15  8.32584e-15      7.89108      4.30143  4.80694e-15  6.70940e-05       58956.082       0         -20         -29       0
      9.22581      10.5833      4.77324  1.11107e-14  0.000104694      4.61074      7.78125  0.000105100      4.77324      1.66167  0.000104998      4.29575      5.00090  1.32444e-14  1.02805e-14      6.05785      3.26337  7.46847e-15  6.39797e-05       59607.550       0         -20         -29       0
      9.22581      10.6667      4.12428  1.41747e-14  0.000212604      3.75486      17.5547  0.000209141      4.12927      1.63667  0.000209202      3.29476      4.46646  2.06090e-14  1.24115e-14      5.22473      2.81375  9.55702e-15  5.65547e-05       59711.040       0         -20         -29       0
      9.22581      10.7500      5.18559  9.67756e-15  9.40811e-05      5.02312      7.78125  9.44378e-05      5.19559      1.66167  9.44395e-05      4.56215      5.27280  1.19806e-14  9.41226e-15      6.59301      3.54363  6.48568e-15  5.79493e-05       60659.012       0         -20         -29       0
      9.22581      10.8333      1.92343  5.05399e-14  0.000808286      1.65220      13.0156  0.000772556      1.94219      1.61917  0.000774576      1.53324      2.33914  7.37476e-14  3.64757e-14      2.36147      1.41918  3.59026e-14  7.58070e-05       59838.158       0         -20         -29       0
      9.22581      10.9167      2.47559  3.31868e-14  0.000408996      2.39059      5.06250  0.000408073      2.48559      1.66167  0.000410756      1.92435      2.69901  5.04995e-14  2.87357e-14      2.92654      1.94417  2.51095e-14  0.000251905       58965.496       0         -20         -29       0
      9.22581      11.0000      3.67239  1.71995e-14  0.000116796      3.55488      6.71875  0.000117029      3.67442      1.66057  0.000117579      3.46369      3.46192  1.89611e-14  1.89773e-14      4.58794      2.60264  1.18686e-14  7.71485e-05       58852.248       0         -20         -29       0
      9.22581      11.0833      3.39210  1.96327e-14  0.000151525      3.25053      7.17578  0.000151783      3.39960      1.65917  0.000151735      2.95996      3.43733  2.46387e-14  1.92041e-14      4.23737      2.39724  1.35499e-14  6.87163e-05       58990.138       0         -20         -29       0
      9.22581      11.1667      2.21929  3.98174e-14   0.00130116      1.66215      25.1970   0.00126601      2.24842      1.56908   0.00126324      1.73294      1.88199  6.01343e-14  5.24083e-14      2.60562      1.75646  3.04727e-14  0.000316474       58886.558       0         -20         -29       0
      9.22581      11.2500      2.38397  3.53395e-14  0.000258106      2.23819      7.77539  0.000255280      2.38647      1.65167  0.000255204      2.24864      2.34619  3.89549e-14  3.62931e-14      2.91974      1.74584  2.52070e-14  9.68830e-05       59491.172       0         -20         -29       0
      9.22581      11.3333      3.45149  1.90729e-14  0.000115022      3.37649      3.93750  0.000113016      3.45899      1.66917  0.000113996      3.20336      3.36766  2.15983e-14  1.98708e-14      4.30606      2.45500  1.31915e-14  8.52524e-05       60021.002       0         -20         -29       0
      9.22581      11.4167      3.16066  2.20868e-14  0.000334738      2.85067      14.3750  0.000330950      3.17402      1.63901  0.000330917      2.53301      3.21409  3.19424e-14  2.14783e-14      3.93137      2.24290  1.53528e-14  6.52267e-05       59472.966       0         -20         -29       0
      9.22581      11.5000      2.10830  4.33718e-14   0.00187673      1.38096      31.9243   0.00170374      2.16413      1.51903   0.00171176      1.24435      2.25714  1.04438e-13  3.87109e-14      2.60816      1.51726  3.04233e-14  8.33767e-05       59220.884       0         -20         -29       0
      9.22581      11.5833      2.79114  2.71722e-14  0.000275772      2.70614      4.56250  0.000274658      2.79427      1.66448  0.000276309      2.43900      2.45667  3.40207e-14  3.36139e-14      3.37860      2.07326  1.97636e-14  0.000135135       59221.886       0         -20         -29       0
      9.22581      11.6667      4.00924  1.48591e-14  0.000114648      3.96924      2.87500  0.000108285      4.02174      1.67667  0.000110102      3.55824      4.00310  1.81288e-14  1.48971e-14      4.94172      2.92250  1.04865e-14  7.24447e-05       59377.250       0         -20         -29       0
      9.22581      11.7500      4.05341  1.45902e-14  0.000254388      3.63903      18.6172  0.000256847      4.05840      1.63667  0.000256483      2.79839      4.11380  2.70551e-14  1.42350e-14      4.96367      2.99193  1.04094e-14  8.37521e-05       59799.180       0         -20         -29       0
      9.22581      11.8333      4.42919  1.25860e-14  0.000177805      4.20037      10.2344  0.000178376      4.44012      1.65104  0.000178749      3.57123      4.27676  1.80191e-14  1.33425e-14      5.53154      3.11888  8.68999e-15  6.31624e-05       59688.822       0         -20         -29       0
      9.22581      11.9169      6.48121  6.67323e-15  0.000133080      5.81895      28.2461  0.000133716      6.48620      1.63667  0.000133769      4.67162      6.20306  1.15164e-14  7.17936e-15      8.12670      4.52651  4.57691e-15  5.94067e-05       59629.784       0         -20         -29       0
      9.22581      12.0000      3.80008  1.62471e-14  0.000108964      3.71055      4.13477  0.000107181      3.80320      1.66948  0.000108085      3.46300      3.66065  1.89674e-14  1.72914e-14      4.73266      2.71333  1.12699e-14  6.61892e-05       59713.986       0         -20         -29       0
      9.22581      12.0833      5.34094  9.21297e-15  0.000107989      5.06969      13.0156  0.000108778      5.35594      1.65167  0.000109055      4.08428      5.05483  1.44069e-14  1.00984e-14      6.70314      3.73373  6.30907e-15  6.51926e-05       59909.784       0         -20         -29       0
      9.22581      12.1667      4.26868  1.33846e-14  0.000189564      3.90548      16.5990  0.000188762      4.28618      1.64167  0.000188751      3.57395      4.66975  1.79962e-14  1.15241e-14      5.37157      2.95931  9.12556e-15  6.38955e-05       58475.498       0         -20         -29       0
      9.22581      12.2500      7.16615  5.64441e-15  9.11003e-05      7.11614      3.12500  8.93052e-05      7.17615      1.67167  9.03033e-05      5.95370      6.57108  7.68749e-15  6.52180e-15      8.83877      5.16413  3.97902e-15  8.44999e-05       58019.306       0         -20         -29       0
      9.22581      12.3333      6.14576  7.29126e-15  6.65597e-05      6.11577      2.37500  6.24683e-05      6.15827      1.67667  6.39749e-05      5.31940      5.46621  9.27522e-15  8.86376e-15      7.67150      4.32105  5.03843e-15  6.14333e-05       57637.942       0         -20         -29       0
      9.22581      12.4167      2.35430  3.60849e-14  0.000824577      1.98494      17.5547  0.000812503      2.37639      1.61101  0.000811722      1.70913      2.49064  6.15371e-14  3.28533e-14      1.90329      1.20026  5.14344e-14  0.000106619       57162.076       0         -20         -29       0
      9.22581      12.5000      5.87580  7.85809e-15  7.48138e-05      5.83581      2.50000  7.05118e-05      5.88081      1.67917  7.14976e-05      5.18533      5.22804  9.67835e-15  9.54693e-15      7.31445      4.17504  5.45498e-15  6.13906e-05       57667.742       0         -20         -29       0
      9.22581      12.5833      3.72500  1.67965e-14  0.000133892      3.65001      3.93750  0.000131148      3.72500      1.67167  0.000132250      3.31760      3.71182  2.03731e-14  1.68960e-14      4.62632      2.68041  1.17049e-14  7.69349e-05       57736.934       0         -20         -29       0
      9.22581      12.6667      4.48043  1.23470e-14  0.000148692      4.39543      5.06250  0.000147559      4.49043      1.66667  0.000148534      3.61994      4.77627  1.76168e-14  1.10989e-14      5.54091      3.22520  8.66550e-15  6.85517e-05       57304.620       0         -20         -29       0
      9.22581      12.7500      4.94063  1.04904e-14  0.000104166      4.85561      4.56250  0.000102895      4.95063      1.66667  0.000104029      4.17413      5.12474  1.38937e-14  9.86983e-15      6.13734      3.51385  7.30795e-15  6.72352e-05       57274.496       0         -20         -29       0
      9.22581      12.8333      3.67819  1.71542e-14  0.000100750      3.64663      2.55469  9.27225e-05      3.68944      1.67792  9.46634e-05      3.34588      3.65846  2.00869e-14  1.73087e-14      4.57929      2.63355  1.19060e-14  6.73598e-05       57001.414       0         -20         -29       0
      9.22581      12.9167      6.19494  7.19506e-15  7.79962e-05      6.17494      1.75000  7.16097e-05      6.21494      1.68167  7.38236e-05      5.39708      5.85288  9.05381e-15  7.90945e-15      7.60545      4.50778  5.11157e-15  6.51328e-05       56710.384       0         -19         -29       0
      9.22581      13.0000      3.11653  2.26106e-14  0.000250275      2.93437      8.77295  0.000250913      3.12793      1.65323  0.000250825      2.63445      2.75474  2.99188e-14  2.77733e-14      2.73889      1.62676  2.80418e-14  6.76399e-05       56937.612       0         -19         -29       0
      9.22581      13.0833      1.31557  9.51857e-14   0.00198473      1.10776      9.62891   0.00193882      1.33745      1.60542   0.00193814      1.03317      1.46390  1.42390e-13  7.96601e-14      1.21155     0.821759  1.09193e-13  0.000193004       57401.814       0         -19         -29       0
      9.22581      13.1667      2.16523  4.14880e-14  0.000248755      2.08664      2.32812  0.000236281      2.17523      1.67167  0.000243178      2.06538      2.17113  4.48845e-14  4.13004e-14      2.61438      1.64304  3.03027e-14  0.000117626       56856.478       0         -19         -29       0
      9.22581      13.2500      5.72008  8.21786e-15  9.70521e-05      5.61510      5.31250  9.64914e-05      5.72258      1.66917  9.66660e-05      4.87962      5.43614  1.07099e-14  8.94564e-15      7.16127      3.98809  5.65083e-15  5.74349e-05       57217.472       0         -19         -29       0
      9.22581      13.3333      4.47792  1.23586e-14  0.000164365      4.14941      14.6455  0.000164742      4.49011      1.64604  0.000164728      3.41371      4.53559  1.94261e-14  1.20978e-14      5.61818      3.10999  8.46778e-15  6.81307e-05       57199.374       0         -19         -29       0
      9.22581      13.4167      7.43998  5.30245e-15  8.21621e-05      7.07045      17.5547  8.29732e-05      7.45247      1.65417  8.29974e-05      5.93594      7.47462  7.72585e-15  5.26155e-15      9.41150      5.12194  3.58370e-15  5.45684e-05       57059.752       0         -19         -29       0
      9.22581      13.5000      4.42713  1.25958e-14  0.000153533      4.20466      10.5312  0.000154111      4.43213      1.65667  0.000153957      3.69328      4.29687  1.70376e-14  1.32386e-14      5.55313      3.10193  8.63374e-15  5.76269e-05       56946.884       0         -19         -29       0
      9.22581      13.5833      7.49503  5.23769e-15  9.47729e-05      6.83268      28.2461  9.56564e-05      7.51253      1.64167  9.56849e-05      5.75824      7.74823  8.12729e-15  4.95555e-15      9.49912      5.12019  3.52877e-15  5.41712e-05       57158.796       0         -19         -29       0
      9.22581      13.6667      5.89062  7.82518e-15  7.79980e-05      5.79140      5.28711  7.76322e-05      5.90062      1.66667  7.79346e-05      5.12450      5.73505  9.87060e-15  8.18214e-15      7.44372      4.02835  5.29801e-15  6.45026e-05       57347.752       0         -19         -29       0
      9.22581      13.7500      6.84569  6.09163e-15  8.55401e-05      6.72820      6.71875  8.53370e-05      6.85319      1.66417  8.58132e-05      5.61804      6.97421  8.46812e-15  5.90569e-15      8.57291      4.79804  4.18680e-15  6.02651e-05       58029.522       0         -19         -29       0
      9.22581      13.8333      2.53158  3.19725e-14  0.000593069      2.17677      16.7512  0.000572677      2.55502      1.61855  0.000573461      1.98059      2.80124  4.81325e-14  2.70092e-14      3.13879      1.80475  2.23439e-14  5.91167e-05       58594.474       0         -19         -29       0
      9.22581      13.9167      4.15528  1.39989e-14  0.000168327      3.99278      7.78125  0.000168977      4.15028      1.65917  0.000169266      3.48974      4.32607  1.87258e-14  1.30900e-14      5.19038      2.95055  9.66266e-15  6.50031e-05       58898.064       0         -19         -29       0
      9.22581      14.0000      3.38026  1.97475e-14  0.000123134      3.30526      3.93750  0.000121118      3.38339      1.66948  0.000122130      3.00775      3.36554  2.39898e-14  1.98916e-14      4.19331      2.42291  1.37880e-14  7.16116e-05       58968.820       0         -19         -29       0
      9.22581      14.0833      5.43706  8.94312e-15  0.000105998      5.27456      7.78125  0.000106346      5.44706      1.66167  0.000106558      4.36238      5.13878  1.29089e-14  9.82491e-15      6.81851      3.80045  6.13216e-15  6.40441e-05       59218.470       0         -19         -29       0
      9.22581      14.1667      5.09190  9.97615e-15  0.000134367      4.72248      17.5547  0.000133835      5.09939      1.64667  0.000133853      3.93410      5.25242  1.53351e-14  9.47319e-15      6.46837      3.46338  6.69531e-15  5.22497e-05       59697.900       0         -19         -29       0
      9.22581      14.2500      8.93033  3.91126e-15  6.35655e-05      8.65254      12.5039  6.39700e-05      8.94533      1.65667  6.43374e-05      7.06560      8.65920  5.77893e-15  4.11749e-15      11.2053      6.21730  2.67954e-15  5.18671e-05       59953.642       0         -19         -29       0
      9.22581      14.3333      6.45388  6.72039e-15  8.57017e-05      6.29133      7.78125  8.58826e-05      6.45638      1.66417  8.59227e-05      5.31356      6.13992  9.29221e-15  7.30283e-15      8.15201      4.43645  4.55325e-15  5.30747e-05       59971.128       0         -19         -29       0
      9.22581      14.4167      8.47956  4.26389e-15  8.45349e-05      7.67680      35.5664  8.55334e-05      8.49706      1.64167  8.54525e-05      6.30215      7.57120  6.99221e-15  5.15017e-15      10.6984      5.84581  2.89443e-15  5.27014e-05       60205.304       0         -19         -29       0
      9.22581      14.5000      6.23768  7.11307e-15  0.000101176      5.86841      17.5547  0.000102052      6.24018      1.65167  0.000102041      4.99657      5.61847  1.02954e-14  8.46705e-15      7.88412      4.28380  4.81401e-15  5.15333e-05       60900.284       0         -19         -29       0
      9.22581      14.5833      5.98175  7.62749e-15  0.000106170      5.75306      10.2344  0.000106730      5.98488      1.65885  0.000106786      4.85698      5.96689  1.07933e-14  7.65918e-15      7.55460      4.09304  5.16904e-15  5.20001e-05       61304.926       0         -19         -29       0
      9.22581      14.6667      2.55729  3.14386e-14  0.000289760      2.49729      3.50000  0.000285015      2.56729      1.66667  0.000289088      2.14383      2.61053  4.21804e-14  3.03773e-14      1.79887      1.14526  5.65060e-14  0.000132656       60917.758       0         -19         -29       0
      9.22581      14.7500      2.74295  2.79725e-14  0.000172003      1.93145     0.226365  0.000140076      2.75561      1.68143  0.000155844      2.50809      2.66155  3.24731e-14  2.94130e-14      3.30444      2.07207  2.05084e-14  0.000137431       61220.936       0         -19         -29       0
      9.22581      14.8333      5.95794  7.67836e-15  0.000107162      5.68666      13.0156  0.000107859      5.96294      1.65667  0.000107824      4.74024      5.84454  1.12399e-14  7.92828e-15      7.51724      4.08931  5.21193e-15  5.29893e-05       60735.022       0         -19         -29       0
      9.22581      14.9167      4.81677  1.09438e-14  0.000118273      4.65427      7.78125  0.000118642      4.81677      1.66167  0.000118679      3.92096      5.13096  1.54208e-14  9.84990e-15      6.04826      3.35867  7.48822e-15  5.47194e-05       60633.534       0         -19         -29       0
      9.22581      15.0000      6.00502  7.57830e-15  8.13276e-05      5.90002      5.31250  8.07416e-05      6.00752      1.66917  8.09124e-05      4.72764      5.77498  1.12898e-14  8.08807e-15      7.50695      4.20683  5.22384e-15  5.45802e-05       60388.310       0         -19         -29       0
      9.22581      15.0833      6.39878  6.81712e-15  8.30849e-05      6.17001      10.2344  8.35648e-05      6.39878      1.66167  8.34375e-05      5.02385      6.68827  1.02024e-14  6.33247e-15      8.12505      4.35057  4.57846e-15  5.37892e-05       60867.920       0         -19         -29       0
      9.22581      15.1667      5.27090  9.41792e-15  0.000173568      4.71491      24.7124  0.000171682      5.29215      1.63417  0.000171765      4.09274      5.57868  1.43573e-14  8.56796e-15      6.69023      3.57484  6.32937e-15  5.33646e-05       60745.770       0         -19         -29       0
      9.22581      15.2500      7.06716  5.77681e-15  0.000114413      6.58634      21.0703  0.000115543      7.07965      1.64667  0.000115709      5.21710      7.20673  9.58031e-15  5.59154e-15      8.89099      4.89722  3.94014e-15  7.42050e-05       60797.156       0         -19         -29       0
      9.22581      15.3333      6.35266  6.89980e-15  0.000114709      5.98325      17.5547  0.000116043      6.35515      1.65167  0.000116069      4.90436      5.44263  1.06200e-14  8.92786e-15      7.95278      4.44490  4.74494e-15  7.26306e-05       61030.878       0         -19         -29       0
      9.22581      15.4167      2.92067  2.51937e-14  0.000872189      2.11780      35.5664  0.000810947      2.95982      1.56434  0.000813750      1.85422      3.04273  5.37232e-14  2.35318e-14      3.67375      2.04030  1.71888e-14  6.49858e-05       61175.240       0         -19         -29       0
      9.22581      15.5000      2.65207  2.95883e-14  0.000347408      2.55957      4.90625  0.000346651      2.66207      1.66167  0.000349190      2.18589      2.80167  4.08366e-14  2.70023e-14      1.57609      1.01718  7.04361e-14  0.000136278       61742.300       0         -19         -29       0
      9.22581      15.5833      5.51710  8.72792e-15  0.000102842      5.35460      7.78125  0.000103151      5.52710      1.66167  0.000103368      4.64883      4.87686  1.16107e-14  1.07200e-14      6.92683      3.82947  5.97317e-15  6.95192e-05       61511.168       0         -19         -29       0
      9.22581      15.6667      3.13914  2.23397e-14  0.000516146      2.56847      25.3022  0.000492578      3.15227      1.60792  0.000493871      2.29111      3.57348  3.77588e-14  1.80002e-14      3.96176      2.18121  1.51571e-14  5.72947e-05       61197.948       0         -19         -29       0
      9.22581      15.7500      2.14253  4.22230e-14  0.000386814      2.10753      2.25000  0.000370144      2.15753      1.67417  0.000378437      1.79143      2.25724  5.68979e-14  3.87079e-14      2.55371      1.65348  3.15121e-14  0.000136491       61238.546       0         -19         -29       0
      9.22581      15.8333      1.12294  1.23927e-13   0.00104828     0.973997     0.730164   0.00100910      1.14044      1.66917   0.00103521      1.00331      1.23103  1.49521e-13  1.06328e-13     0.834149     0.601146  2.03402e-13  0.000267212       61551.632       0         -19         -29       0
      9.22581      15.9167      3.87985  1.56941e-14  0.000129745      3.84485      2.75000  0.000123617      3.89235      1.67667  0.000125461      3.33106      3.99062  2.02360e-14  1.49748e-14      4.78735      2.81740  1.10562e-14  6.57735e-05       62198.356       0         -19         -29       0
      9.22581      16.0000      5.81287  8.00039e-15  9.77747e-05      5.68911      6.42188  9.76980e-05      5.82037      1.66417  9.80236e-05      4.89549      6.12501  1.06521e-14  7.33248e-15      7.30318      4.02412  5.46901e-15  5.21406e-05       61409.226       0         -19         -29       0
      9.22581      16.0833      5.65451  8.37730e-15  0.000104247      5.49201      7.78125  0.000104523      5.66451      1.66167  0.000104698      4.67756      5.86694  1.14921e-14  7.87789e-15      7.11706      3.91710  5.70945e-15  5.06869e-05       61354.318       0         -19         -29       0
      9.22581      16.1667      5.72224  8.21270e-15  0.000108874      5.49354      10.2344  0.000109392      5.73724      1.65667  0.000109528      4.68891      5.91452  1.14457e-14  7.77255e-15      7.19485      3.97772  5.60695e-15  5.36885e-05       61451.444       0         -19         -29       0
      9.22581      16.2500      2.80364  2.69707e-14  0.000328721      2.61691      9.13086  0.000326228      2.80864      1.64917  0.000326169      2.34266      3.15942  3.63842e-14  2.21012e-14      3.47442      2.00758  1.88636e-14  5.55614e-05       61593.630       0         -19         -29       0
      9.22581      16.3333      6.19115  7.20239e-15  7.74014e-05      6.11614      3.93750  7.63513e-05      6.19115      1.67167  7.66643e-05      5.27535      6.10882  9.40466e-15  7.36490e-15      7.80459      4.26692  4.89605e-15  5.15117e-05       61716.798       0         -19         -29       0
      9.22581      16.4167      3.00378  2.40427e-14  0.000455096      2.66849      15.4767  0.000450902      3.03003      1.62917  0.000450844      2.23557      3.26285  3.93353e-14  2.09460e-14      2.68035      1.59675  2.90699e-14  5.93708e-05       61533.062       0         -19         -29       0
      9.22581      16.5000      2.80784  2.69035e-14  0.000179582      1.92887     0.195745  0.000139416      2.82245      1.68640  0.000157432      2.51535      2.79872  3.23171e-14  2.70497e-14      3.38557      2.12084  1.96959e-14  0.000103194       61755.976       0         -19         -29       0
      9.22581      16.5833      3.08455  2.30026e-14  0.000160709      2.21023     0.233711  0.000133717      3.09673      1.68620  0.000144051      2.67058      2.98056  2.92474e-14  2.43556e-14      3.74380      2.31281  1.66561e-14  9.06956e-05       61636.154       0         -19         -29       0
      9.22581      16.6667      3.83099  1.60291e-14  0.000129492      3.76646      3.63477  0.000127306      3.84099      1.67167  0.000127963      3.27763      3.90280  2.07888e-14  1.55406e-14      4.77257      2.73360  1.11133e-14  5.79003e-05       61442.138       0         -19         -29       0
      9.22581      16.7500      1.21561  1.08585e-13   0.00746893     0.644798      25.1182   0.00652122      1.29308      1.41120   0.00658223     0.595893      1.14567  3.56299e-13  1.19857e-13      3.56833      2.03085  1.80435e-14  6.13880e-05       61420.402       0         -19         -29       0
      9.22581      16.8333      1.61642  6.75312e-14   0.00287003      1.07057      24.7485   0.00261254      1.66609      1.51856   0.00262931     0.974863      1.74429  1.56864e-13  5.94839e-14      3.28624      1.89720  2.06981e-14  5.60261e-05       61662.866       0         -19         -29       0
      9.22581      16.9167      3.94542  1.52618e-14  0.000193850      3.73668      9.98438  0.000193834      3.95628      1.65401  0.000193788      3.28132      4.01266  2.07498e-14  1.48380e-14      3.66921      2.07629  1.72243e-14  5.15329e-05       61288.822       0         -19         -29       0
      9.22581      17.0000      3.03770  2.35968e-14  0.000312359      2.85693      9.21289  0.000312338      3.04020      1.65167  0.000312374      2.47627      3.23157  3.31716e-14  2.12850e-14      2.74215      1.62719  2.79862e-14  5.79644e-05       60559.008       0         -19         -29       0
      9.22581      17.0833      3.79775  1.62637e-14  0.000122709      3.74775      3.12500  0.000117991      3.81275      1.67417  0.000119418      3.36690      3.65904  1.98783e-14  1.73041e-14      4.70714      2.72298  1.13719e-14  6.70543e-05       60996.092       0         -19         -29       0
      9.22581      17.1667      2.86939  2.59486e-14  0.000139870      2.80876      3.57031  0.000136572      2.87939      1.67167  0.000137415      2.53844      2.86715  3.18286e-14  2.59823e-14      3.53835      2.08063  1.82990e-14  6.75515e-05       61836.938       0         -19         -29       0
      9.22581      17.2500      1.48193  7.80517e-14  0.000882021      1.36443      6.71875  0.000867245      1.49189      1.64315  0.000867438      1.20958      1.58628  1.09489e-13  6.96836e-14      1.91803      1.20678  5.07771e-14  7.77730e-05       62171.496       0         -19         -29       0
      9.22581      17.3333      1.63848  6.60229e-14  0.000441262      1.31645     0.403433  0.000383287      5.80150      1.32923  0.000383780      1.51981      1.65919  7.48368e-14  6.46547e-14      1.21159     0.821614  1.09187e-13  0.000132065       62071.708       0         -19         -29       0
      9.22581      17.4167      1.93443  5.00620e-14  0.000257294      1.84172      1.77856  0.000241161      1.94943      1.67417  0.000247191      1.76237      1.98750  5.84700e-14  4.78537e-14      1.64083      1.06029  6.58656e-14  0.000101037       61821.540       0         -19         -29       0
      9.22581      17.5000     0.945749  1.64994e-13   0.00107160     0.915748      2.87500   0.00105649      1.19202      1.58142   0.00105814     0.876502     0.978427  1.87287e-13  1.55913e-13     0.851206     0.611563  1.96655e-13  0.000233307       61707.708       0         -19         -29       0
      9.22581      17.5833      1.98793  4.78366e-14  0.000499083      1.87887      5.51953  0.000499624      1.99293      1.65667  0.000499593      1.70571      2.08623  6.17429e-14  4.41393e-14      1.83356      1.16239  5.47356e-14  9.65426e-05       61901.024       0         -19         -29       0
      9.22581      17.6667      1.80218  5.63333e-14  0.000319318      1.70385      1.81639  0.000310611      1.81218      1.67167  0.000313897      1.59954      1.87772  6.87235e-14  5.26069e-14      1.60606      1.04077  6.82590e-14  0.000100799       61432.816       0         -19         -29       0
      9.22581      17.7500      2.37802  3.54870e-14  0.000294513      2.33802      2.87500  0.000284021      2.39302      1.67417  0.000287822      2.02879      2.47774  4.62415e-14  3.31388e-14      1.71486      1.09669  6.11946e-14  9.70808e-05       60768.284       0         -19         -29       0
      9.22581      17.8333      3.78705  1.63403e-14  0.000221395      3.47704      14.3750  0.000219598      3.80142      1.64386  0.000219582      2.98270      4.03639  2.43264e-14  1.46929e-14      4.76938      2.64319  1.11257e-14  5.63046e-05       61110.794       0         -19         -29       0
      9.22581      17.9167      3.36679  1.98794e-14  0.000214267      3.22429      7.53125  0.000214490      3.38179      1.65667  0.000214531      2.83208      3.61850  2.65208e-14  1.76285e-14      4.19519      2.39616  1.37777e-14  6.12719e-05       60953.256       0         -19         -29       0
      9.22581      18.0000      2.66259  2.93937e-14  0.000341662      2.48181      9.21289  0.000339788      2.67259      1.65042  0.000339693      2.19278      2.83649  4.06229e-14  2.64521e-14      3.28297      1.92003  2.07324e-14  6.46278e-05       61061.280       0         -19         -29       0
      9.22581      18.0833      3.58066  1.79400e-14  0.000123992      3.52067      4.25000  0.000121970      3.59066      1.67167  0.000122194      3.14276      3.55296  2.22969e-14  1.81737e-14      4.46483      2.55486  1.24190e-14  6.35649e-05       60584.530       0         -19         -29       0
      9.22581      18.1667      2.52248  3.21649e-14  0.000458446      2.31468      9.62891  0.000455230      2.53998      1.64167  0.000455191      2.03611      2.78419  4.59648e-14  2.72854e-14      3.08837      1.83183  2.29551e-14  6.54067e-05       60507.084       0         -19         -29       0
      9.22581      18.2500      2.06756  4.48057e-14  0.000321754      1.99255      3.93750  0.000321924      2.07506      1.66417  0.000321977      1.80888      2.17846  5.59860e-14  4.10689e-14      1.99881      1.24817  4.74034e-14  7.53359e-05       60718.068       0         -19         -29       0
      9.22581      18.3333     0.914009  1.74654e-13   0.00336338     0.751511      7.78125   0.00317430     0.942132      1.58793   0.00318794     0.737924      1.06844  2.49503e-13  1.34642e-13      1.91503      1.20395  5.09099e-14  7.87169e-05       60514.138       0         -19         -29       0
      9.22581      18.4167      1.46215  7.98198e-14  0.000664388      1.38191      4.68262  0.000663093      1.46715      1.65667  0.000663153      1.33061      1.57428  9.33998e-14  7.05709e-14      1.45913     0.958934  8.00949e-14  0.000115320       60575.724       0         -19         -29       0
      9.22581      18.5000      3.41466  1.94170e-14  0.000237749      3.25216      7.78125  0.000238155      3.41966      1.65667  0.000238186      2.75864      3.74525  2.77079e-14  1.66454e-14      4.24078      2.44484  1.35317e-14  5.83722e-05       60584.950       0         -19         -29       0
      9.22581      18.5833      1.89325  5.18898e-14  0.000221975      1.70373     0.949047  0.000200176      3.18682      1.51442  0.000201212      1.78603      1.86432  5.71847e-14  5.32386e-14      1.65757      1.06565  6.47602e-14  9.37667e-05       60731.484       0         -19         -29       0
      9.22581      18.6667      1.84433  5.42040e-14  0.000287581      1.53205     0.516948  0.000253238      1.84933      1.67917  0.000269525      1.68512      1.91434  6.30054e-14  5.09406e-14      1.52829     0.997855  7.41459e-14  0.000102581       60813.660       0         -19         -29       0
      9.22581      18.7500      2.14884  4.20168e-14  0.000422994      2.01133      6.96875  0.000420349      2.15134      1.65167  0.000420078      1.80200      2.30417  5.63427e-14  3.74028e-14      2.62325      1.58943  3.01320e-14  7.36979e-05       61816.748       0         -19         -29       0
      9.22581      18.8333      1.38274  8.76043e-14   0.00123317     0.658177    0.0829269   0.00115889      1.39274      1.66667   0.00122887      1.10721      1.38931  1.26877e-13  8.69155e-14     0.737325     0.543586  2.49841e-13  0.000549628       58549.468       0         -19         -29       0
      9.22581      18.9167     0.213106  1.97744e-12    0.0775146     0.140606      4.37500    0.0706705     0.143106      1.67854    0.0705678     0.152883     0.274068  3.43951e-12  1.30017e-12     0.489406     0.384663  4.94667e-13  0.000649229       57199.582       0          22         -46       0
      9.22581      19.0000      1.03302  1.42423e-13   0.00119223     0.552489    0.0914412  0.000918116      1.84376      1.49162   0.00100728     0.950677      1.00182  1.63571e-13  1.49892e-13     0.612919     0.466110  3.39957e-13  0.000538412       57487.464       0          22         -46       0
      9.22581      19.0833     0.957246  1.61705e-13   0.00123908     0.592328     0.137360  0.000990784      5.28928      1.20270  0.000998369     0.866624     0.966505  1.90858e-13  1.59131e-13      1.08172     0.812475  1.31899e-13  0.000639551       60001.624       0         -20         -29       0
      9.22581      19.1667      1.03641  1.41648e-13  0.000859927     0.819050     0.360750  0.000689425      3.26717      1.33342  0.000688698     0.974709      1.02571  1.56905e-13  1.44118e-13     0.771578     0.565271  2.31631e-13  0.000300364       57456.430       0         -20         -29       0
      9.22581      19.2500      1.13779  1.21244e-13  0.000983482     0.629299     0.100654  0.000770079      4.36836      1.28983  0.000799702     0.982786      1.11576  1.54762e-13  1.25260e-13     0.714415     0.529570  2.63337e-13  0.000428490       57672.040       0         -20         -29       0
      9.22581      19.3333     0.813328  2.12155e-13   0.00129029     0.507330     0.138621  0.000825317      4.62900      1.18817  0.000837574     0.770501     0.821005  2.32170e-13  2.08859e-13     0.544357     0.421972  4.14275e-13  0.000548384       59999.404       0         -20         -29       0
      9.22581      19.4167     0.738413  2.49228e-13   0.00200394     0.368725    0.0774224   0.00134192      5.47993      1.13034   0.00138754     0.695612     0.703917  2.75307e-13  2.69915e-13     0.804762     0.658648  2.15932e-13   0.00153523       60483.844       0         -20         -29       0
      9.22581      19.5000     0.831511  2.04479e-13   0.00135015     0.435944    0.0829331  0.000582301      9.94564      1.06147  0.000622918     0.781478     0.792354  2.26761e-13  2.21597e-13     0.500227     0.393369  4.76962e-13  0.000716233       60752.506       0         -20         -29       0
      9.22581      19.5833      1.08003  1.32241e-13   0.00110962     0.599207    0.0993472  0.000852614      9.55990      1.12879  0.000858220     0.983718      1.03127  1.54518e-13  1.42826e-13     0.645957     0.487548  3.11475e-13  0.000529201       59768.960       0         -20         -29       0
      9.22581      19.6667     0.975335  1.56737e-13   0.00143223     0.482968    0.0754930   0.00105808      10.5113      1.08997   0.00107379     0.907267     0.930346  1.76822e-13  1.69572e-13     0.543182     0.421390  4.15770e-13  0.000790826       58720.802       0         -20         -29       0
      9.22581      19.7500      1.00181  1.49894e-13   0.00162083     0.487161    0.0754308   0.00136018      3.61792      1.29924   0.00141043     0.878725     0.929058  1.86498e-13  1.69964e-13     0.551333     0.426786  4.05576e-13  0.000777345       59268.646       0         -20         -29       0
      9.22581      19.8333     0.869341  1.89865e-13   0.00149036     0.457393    0.0849065   0.00100809      7.03469      1.12825   0.00102667     0.813761     0.839220  2.11967e-13  2.01358e-13     0.501081     0.393273  4.75608e-13  0.000746603       57686.570       0         -20         -29       0
      9.22581      19.9167     0.935584  1.67993e-13   0.00208038     0.439142    0.0736008   0.00185625      9.63565      1.08045   0.00187236     0.810724     0.919052  2.13292e-13  1.73059e-13      1.03220     0.830953  1.42611e-13   0.00127800       56941.548       0         -20         -29       0
      9.22581      20.0000     0.971607  1.57741e-13   0.00184169     0.461420    0.0741779   0.00159562      14.1236      1.03360   0.00160604     0.834051     0.920462  2.03442e-13  1.72618e-13     0.512764     0.401792  4.57685e-13   0.00102147       58046.396       0         -20         -29       0
      9.22581      20.0833      1.19212  1.12174e-13   0.00118439     0.548575    0.0649603  0.000920528      1.21337      1.68854   0.00108365      1.07371      1.11972  1.33541e-13  1.24521e-13     0.633013     0.478683  3.22163e-13  0.000645624       58645.770       0         -20         -29       0
      9.22581      20.1667     0.777767  2.28567e-13   0.00154319     0.640962     0.498810   0.00141622      1.86057      1.37864   0.00141783     0.723538     0.789995  2.57826e-13  2.22701e-13     0.591176     0.451933  3.61051e-13  0.000588286       58769.564       0         -20         -29       0
      9.22581      20.2500     0.726501  2.56076e-13   0.00190150     0.355235    0.0710013  0.000917593      11.5294      1.00585  0.000971434     0.659412     0.737086  3.00955e-13  2.49976e-13     0.415769     0.336844  6.49145e-13  0.000873699       57620.994       0         -20         -29       0
      9.22581      20.3333     0.984832  1.54226e-13   0.00160951     0.455068    0.0674548   0.00130561      11.6420      1.07005   0.00132129     0.880179     0.949725  1.85985e-13  1.63845e-13      1.09671     0.862330  1.28907e-13   0.00118900       57246.264       0         -20         -29       0
      9.22581      20.4167     0.637217  3.18628e-13   0.00171578     0.490880     0.331290   0.00140029      1.51374      1.37467   0.00140561     0.622992     0.640553  3.30845e-13  3.15867e-13     0.478309     0.378119  5.13942e-13  0.000664228       56295.990       0         -20         -29       0
      9.22581      20.5000     0.705510  2.68899e-13   0.00325515     0.370331     0.100315   0.00302181      3.55583      1.18341   0.00304386     0.591594     0.730514  3.60625e-13  2.53735e-13     0.759691     0.627543  2.37703e-13   0.00184489       55390.084       0         -20         -29       0
      9.22581      20.5833     0.670120  2.92982e-13   0.00246421     0.499938     0.290423   0.00221324      1.85045      1.33204   0.00222730     0.625427     0.629214  3.28701e-13  3.25411e-13     0.442874     0.355157  5.84291e-13   0.00103196       55269.074       0         -20         -29       0
      9.22581      20.6667     0.835930  2.02681e-13   0.00131887     0.479412     0.105697  0.000788081      5.80991      1.15441  0.000801047     0.774094     0.851417  2.30377e-13  1.96574e-13     0.515624     0.403001  4.53461e-13  0.000647843       55271.616       0         -20         -29       0
      9.22581      20.7500      1.26121  1.02121e-13   0.00107248      1.04274     0.543457   0.00102651      1.27121      1.67167   0.00105993      1.06743      1.22212  1.34854e-13  1.07622e-13     0.814771     0.591183  2.11529e-13  0.000511771       57842.326       0         -20         -29       0
      9.22581      20.8333      1.44228  8.16607e-14  0.000908771      1.36728      3.93750  0.000909357      1.44728      1.65667  0.000910824      1.21656      1.59394  1.08444e-13  6.91260e-14      1.25600     0.848012  1.02829e-13  0.000165279       57537.416       0         -20         -29       0
      9.22581      20.9167      1.89732  5.17046e-14  0.000256234      1.86232      2.25000  0.000236147      1.92044      1.67448  0.000242241      1.76302      1.83419  5.84344e-14  5.47044e-14      1.64398      1.05962  6.56548e-14  0.000115754       54785.418       0         -20         -29       0
      9.22581      21.0000      1.17385  1.15101e-13  0.000746030     0.821595     0.201177  0.000544573      6.28618      1.22745  0.000546497      1.09231      1.15933  1.29773e-13  1.17513e-13     0.800823     0.582302  2.17705e-13  0.000279644       53820.436       0         -20         -29       0
      9.22581      21.0833      1.01586  1.46456e-13   0.00188776     0.935549      4.41016   0.00187785      1.02336      1.64167   0.00187726     0.868409      1.14185  1.90205e-13  1.20527e-13      1.05630     0.733158  1.37231e-13  0.000187570       55347.096       0         -20         -30       0
      9.22581      21.1667     0.599684  3.52553e-13   0.00863894     0.462184      6.96875   0.00809145     0.473434      1.67589   0.00809981     0.462020     0.723062  5.44495e-13  2.58109e-13      1.34451     0.894315  9.17954e-14  0.000134809       52953.222       0         -20         -30       0
      9.22581      21.2500     0.554596  4.01607e-13    0.0111128     0.420063      7.19727    0.0102962     0.406782      1.68679    0.0102662     0.414920     0.656125  6.51362e-13  3.03471e-13      1.82372      1.15592  5.52288e-14  0.000109109       54679.054       0         -20         -30       0
      9.22581      21.3333     0.852614  1.96114e-13   0.00528491     0.657100      9.95667   0.00496684     0.896057      1.55606   0.00499694     0.632591     0.961853  3.22521e-13  1.60416e-13      1.65363      1.06533  6.50177e-14  0.000104027       55261.690       0         -20         -30       0
      9.22581      21.4167     0.750346  2.42657e-13   0.00669989     0.569566      9.21289   0.00624252     0.563629      1.68373   0.00624290     0.557817     0.878377  3.97749e-13  1.86621e-13      1.87193      1.17763  5.28785e-14  0.000114819       56056.852       0         -20         -30       0
      9.22581      21.5000     0.365143  8.05980e-13    0.0241024     0.265142      5.68750    0.0221770     0.268502      1.67592    0.0221536     0.273053     0.446296  1.30823e-12  5.76842e-13      1.75475      1.11502  5.88941e-14  0.000145522       57128.886       0         -20         -30       0
      9.22581      21.5833      1.02918  1.43310e-13   0.00126356     0.996680      2.62500   0.00124919      1.03918      1.67167   0.00125317     0.921831      1.08221  1.72191e-13  1.31798e-13     0.868584     0.621752  1.90141e-13  0.000240275       55862.050       0         -20         -29       0
      9.22581      21.6667      1.24521  1.04318e-13  0.000709656     0.813351     0.157280  0.000524861      1.26143      1.69226  0.000599900      1.18132      1.20270  1.13889e-13  1.10535e-13     0.816358     0.590684  2.10844e-13  0.000309354       54208.034       0         -20         -29       0
      9.22581      21.7500      1.12315  1.23889e-13   0.00108453      1.08440      3.04688   0.00107971      1.13315      1.66667   0.00108180      1.00825      1.15062  1.48302e-13  1.18998e-13      1.03177     0.719024  1.42711e-13  0.000209731       54307.834       0         -20         -29       0
      9.22581      21.8333     0.769789  2.32529e-13   0.00471866     0.652288      6.71875   0.00455837     0.647288      1.67761   0.00455174     0.610865     0.895154  3.41864e-13  1.80828e-13      1.10074     0.758293  1.28122e-13  0.000165413       54826.208       0         -20         -29       0
      9.22581      21.9167      1.02427  1.44457e-13   0.00147204     0.960524      3.85938   0.00146941      1.03677      1.65167   0.00146794     0.913482      1.10904  1.74822e-13  1.26528e-13      1.14878     0.785249  1.19317e-13  0.000154096       54927.180       0         -20         -29       0
      9.22581      22.0000      1.30672  9.62621e-14  0.000600956      1.09482     0.520474  0.000545646      2.87959      1.43261  0.000545160      1.18957      1.36850  1.12577e-13  8.91296e-14      1.05285     0.731205  1.37980e-13  0.000193101       53804.870       0         -20         -30       0
      9.22581      22.0833     0.902393  1.78417e-13   0.00255487     0.812393      5.18750   0.00251573     0.925049      1.62573   0.00251582     0.754695      1.00228  2.40331e-13  1.49777e-13      1.09969     0.757611  1.28326e-13  0.000176841       53850.222       0         -20         -30       0
      9.22581      22.1667      1.01283  1.47187e-13   0.00176758     0.947830      3.93750   0.00176535      1.01533      1.65167   0.00176428     0.877666      1.08943  1.86873e-13  1.30347e-13      1.04395     0.725396  1.39946e-13  0.000190162       53850.870       0         -20         -30       0
      9.22581      22.2500      1.23683  1.05499e-13  0.000948108      1.19183      3.31250  0.000943200      1.24433      1.67042  0.000943250      1.10799      1.27063  1.26726e-13  1.00863e-13      1.08413     0.749545  1.31410e-13  0.000187891       53906.116       0         -20         -30       0
      9.22581      22.3333      1.08935  1.30361e-13   0.00173081      1.00967      4.58984   0.00172908      1.09185      1.65167   0.00172824     0.920209      1.21203  1.72697e-13  1.09121e-13      1.04944     0.728939  1.38730e-13  0.000185617       53462.552       0         -20         -30       0
      9.22581      22.4167      1.27821  9.98677e-14   0.00100389      1.22290      3.59766   0.00100371      1.28821      1.66167   0.00100451      1.13630      1.34701  1.21509e-13  9.15124e-14      1.19223     0.810055  1.12158e-13  0.000148717       54342.306       0         -20         -30       0
      9.22581      22.5000     0.584984  3.67442e-13   0.00839719     0.467483      6.71875   0.00794881     0.471668      1.67425   0.00794238     0.466396     0.654170  5.36007e-13  3.04985e-13      1.06614     0.738183  1.35127e-13  0.000178049       55679.134       0         -20         -30       0
      9.22581      22.5833     0.774640  2.30106e-13   0.00486222     0.647141      6.96875   0.00466497     0.633079      1.68070   0.00465448     0.613832     0.876912  3.39115e-13  1.87141e-13      1.18019     0.803755  1.14072e-13  0.000152562       54918.948       0         -20         -30       0
      9.22581      22.6667      1.45786  8.02110e-14   0.00106852      1.36287      5.06250   0.00106879      1.46036      1.65167   0.00106888      1.21876      1.54626  1.08118e-13  7.27155e-14      1.31856     0.880441  9.48266e-14  0.000130514       54569.520       0         -20         -30       0
      9.22581      22.7500     0.926922  1.70618e-13   0.00375725     0.764424      7.78125   0.00361386     0.953801      1.59043   0.00362312     0.721819      1.00634  2.58850e-13  1.48772e-13      1.27747     0.858687  9.99642e-14  0.000141179       54759.780       0         -20         -30       0
      9.22581      22.8333      1.29627  9.75598e-14  0.000919408      1.26377      2.62500  0.000904332      1.30627      1.67167  0.000910852      1.17017      1.32777  1.15704e-13  9.37325e-14      1.00963     0.705647  1.47965e-13  0.000218700       54188.358       0         -20         -30       0
      9.22581      22.9167      1.12854  1.22905e-13   0.00151266      1.05354      3.93750   0.00151337      1.13994      1.65323   0.00151297     0.982204      1.21120  1.54915e-13  1.09245e-13      1.04908     0.728640  1.38807e-13  0.000187396       54553.704       0         -20         -30       0
      9.22581      23.0000     0.629170  3.25449e-13   0.00938643     0.476669      8.03125   0.00880597     0.466670      1.68511   0.00879629     0.458909     0.733457  5.50662e-13  2.52041e-13      1.12738     0.772579  1.23115e-13  0.000175087       53983.742       0         -20         -30       0
      9.22581      23.0833     0.518196  4.49717e-13    0.0146055     0.373429      7.22363    0.0135035     0.374523      1.67876    0.0134973     0.371731     0.566510  7.82315e-13  3.87629e-13      1.23280     0.831849  1.06074e-13  0.000170528       54678.540       0         -20         -30       0
      9.22581      23.1667     0.676144  2.88645e-13   0.00585516     0.558644      6.71875   0.00556181     0.553644      1.67699   0.00554888     0.548786     0.792331  4.08718e-13  2.21608e-13      1.26910     0.852913  1.01066e-13  0.000151073       53406.320       0         -20         -30       0
      9.22581      23.2500      1.28977  9.83809e-14   0.00120706      1.20477      5.06250   0.00120567      1.29227      1.65167   0.00120531      1.12204      1.37741  1.24093e-13  8.81708e-14      1.30201     0.874340  9.68437e-14  0.000147437       51520.640       0         -20         -30       0
      9.22581      23.3333     0.941959  1.66102e-13   0.00362852     0.789458      7.78125   0.00351029     0.978832      1.58543   0.00351265     0.732335      1.04435  2.52685e-13  1.39858e-13      1.19520     0.811982  1.11694e-13  0.000150960       50614.548       0         -20         -30       0
      9.22581      23.4167     0.294737  1.15178e-12    0.0293182     0.224737      4.06250    0.0271935     0.228487      1.67823    0.0271210     0.236234     0.364635  1.66542e-12  8.07851e-13      1.37137     0.910483  8.88189e-14  0.000187646       49913.048       0         -20         -30       0
      9.22581      23.5000     0.257330  1.44415e-12    0.0336466     0.200612      4.19336    0.0312552     0.204674      1.67438    0.0311619     0.215763     0.321137  1.93703e-12  9.98340e-13     0.967459     0.679957  1.58870e-13  0.000260771       51151.594       0         -20         -30       0
      9.22581      23.5833     0.589680  3.62578e-13   0.00712864     0.485214      5.49091   0.00676790     0.474370      1.68710   0.00674992     0.489844     0.680867  4.93930e-13  2.85315e-13      1.17457     0.802254  1.14983e-13  0.000165762       49504.606       0         -20         -30       0
      9.22581      23.6667      1.07243  1.33807e-13   0.00174947     0.992748      4.58984   0.00174652      1.08993      1.64167   0.00174648     0.920700      1.19194  1.72543e-13  1.12203e-13      1.03476     0.721717  1.42025e-13  0.000194721       48580.578       0         -20         -30       0
      9.22581      23.7500     0.803734  2.16392e-13   0.00369691     0.698731      5.31250   0.00362667     0.701738      1.68011   0.00362520     0.656258     0.917041  3.03369e-13  1.73693e-13     0.930803     0.661436  1.69434e-13  0.000237085       48619.930       0         -20         -30       0
      9.22581      23.8333     0.335215  9.29443e-13    0.0210615     0.263185      4.16602    0.0196030     0.262091      1.68198    0.0195072     0.275679     0.407632  1.28753e-12  6.70885e-13      1.18958     0.807989  1.12574e-13  0.000179264       49252.424       0         -20         -30       0
      9.22581      23.9167     0.302410  1.10349e-12    0.0266641     0.232097      4.15625    0.0247210     0.235769      1.67467    0.0246399     0.276614     0.393220  1.28028e-12  7.12366e-13      1.38173     0.913936  8.77118e-14  0.000175843       50295.358       0         -20         -30       0
