      9.12903      0.00000     0.448521  5.72082e-13   0.00912594     0.382798      3.86743   0.00879451     0.393208      1.67335   0.00877475     0.375586     0.501199  7.68977e-13  4.75421e-13     0.668461     0.500762  2.94195e-13  0.000369493       0
      9.12903    0.0833333     0.651884  3.06770e-13   0.00410238     0.599286      3.81567   0.00410024     0.610634      1.67276   0.00409508     0.579440     0.726438  3.73320e-13  2.56113e-13     0.736866     0.541076  2.50101e-13   0.00156059       0
      9.12903     0.166667     0.283116  1.23165e-12    0.0307177     0.217805      4.11719    0.0285320     0.219322      1.67556    0.0283966     0.217815     0.331298  1.90670e-12  9.47832e-13     0.817523     0.590648  2.10343e-13  0.000443167       0
      9.12903     0.250000     0.409492  6.65813e-13    0.0293199     0.260619      7.85358    0.0264666     0.258856      1.68104    0.0264430     0.246766     0.431352  1.54865e-12  6.10532e-13     0.879458     0.626598  1.86239e-13  0.000499155       0
      9.12903     0.333333     0.398922  6.95477e-13    0.0230789     0.281420      6.71875    0.0212944     0.285605      1.67425    0.0212875     0.269586     0.450534  1.33639e-12  5.67828e-13     0.739767     0.543371  2.48468e-13  0.000446940       0
      9.12903     0.416667     0.605643  3.46791e-13   0.00498821     0.530644      3.93750   0.00487706     0.537987      1.68063   0.00487134     0.513517     0.675749  4.56567e-13  2.88926e-13     0.765118     0.559425  2.34899e-13  0.000321725       0
      9.12903     0.500000     0.600764  3.51498e-13   0.00561828     0.525764      3.93750   0.00553727     0.530998      1.67869   0.00553426     0.487485     0.665365  4.97921e-13  2.96480e-13     0.636197     0.479980  3.19480e-13  0.000434666       0
      9.12903     0.583333     0.725087  2.56909e-13   0.00222482     0.703837      1.96875   0.00215814     0.750087      1.66917   0.00217196     0.647188     0.730224  3.10488e-13  2.53903e-13     0.572637     0.439536  3.80742e-13  0.000604742       0
      9.12903     0.666667     0.824302  2.07468e-13   0.00136121     0.653217     0.353149   0.00116988      2.37242      1.34496   0.00116793     0.775933     0.840158  2.29468e-13  2.00984e-13     0.618329     0.469348  3.35014e-13  0.000395413       0
      9.12903     0.750000     0.389672  7.23207e-13    0.0314140     0.248110      7.17578    0.0283178     0.245513      1.68423    0.0282871     0.234611     0.403247  1.68467e-12  6.83090e-13     0.712082     0.528105  2.64776e-13  0.000646698       0
      9.12903     0.833333     0.441389  5.87570e-13    0.0201481     0.313889      6.96875    0.0187059     0.311233      1.67744    0.0186801     0.290038     0.492512  1.18305e-12  4.89479e-13     0.631168     0.475586  3.23733e-13  0.000610589       0
      9.12903     0.916667     0.852630  1.96108e-13   0.00121450     0.575191     0.171997  0.000866485      3.27282      1.27936  0.000871683     0.797996     0.855488  2.18992e-13  1.95017e-13     0.586773     0.448164  3.65577e-13  0.000428755       0
      9.12903      1.00000     0.886230  1.83873e-13   0.00171257     0.846231      2.87500   0.00170633     0.896230      1.66667   0.00170771     0.762745     0.967696  2.36119e-13  1.58805e-13     0.750003     0.550801  2.42842e-13  0.000316965       0
      9.12903      1.08333     0.537253  4.23446e-13    0.0130798     0.398068      7.18896    0.0122162     0.391466      1.67681    0.0121918     0.368476     0.597575  7.93865e-13  3.54629e-13     0.776848     0.567396  2.29018e-13  0.000493576       0
      9.12903      1.16667     0.461456  5.45605e-13    0.0122574     0.371457      5.18750    0.0117002     0.373957      1.67730    0.0116882     0.344269     0.511650  8.89063e-13  4.59347e-13     0.521823     0.406259  4.44519e-13  0.000894573       0
      9.12903      1.25000     0.479233  5.12292e-13    0.0137701     0.361733      6.71875    0.0129752     0.361523      1.67916    0.0129696     0.331639     0.539692  9.46207e-13  4.20262e-13     0.538546     0.421224  4.21753e-13   0.00113467       0
      9.12903      1.33333     0.565129  3.89209e-13    0.0100283     0.442629      6.84375   0.00949680     0.436379      1.67808   0.00948175     0.405057     0.623202  6.78008e-13  3.30660e-13     0.704418     0.522740  2.69595e-13  0.000501474       0
      9.12903      1.41667     0.571215  3.82322e-13   0.00735454     0.476215      5.06250   0.00713087     0.481215      1.67730   0.00712732     0.441331     0.579541  5.87698e-13  3.73212e-13     0.621137     0.470562  3.32494e-13  0.000444815       0
      9.12903      1.50000     0.483056  5.05553e-13    0.0141151     0.365557      6.71875    0.0131371     0.361163      1.67815    0.0131055     0.344668     0.542047  8.87347e-13  4.17222e-13     0.777715     0.569670  2.28592e-13  0.000475069       0
      9.12903      1.58333     0.394158  7.09542e-13    0.0386381     0.231657      7.78125    0.0342069     0.226969      1.68093    0.0341206     0.217633     0.401309  1.90936e-12  6.88596e-13     0.726432     0.535341  2.56116e-13  0.000575727       0
      9.12903      1.66667     0.442909  5.84213e-13    0.0143898     0.349706      5.14551    0.0136075     0.347909      1.67855    0.0135721     0.334795     0.492555  9.31388e-13  4.89409e-13     0.661367     0.497072  2.99474e-13  0.000414059       0
      9.12903      1.75000     0.436979  5.97487e-13    0.0226811     0.298766      6.88489    0.0208128     0.295417      1.68070    0.0207803     0.277276     0.494191  1.27519e-12  4.86710e-13     0.600352     0.457998  3.51900e-13  0.000607843       0
      9.12903      1.83333     0.502921  4.72711e-13    0.0162479     0.355246      7.78540    0.0150450     0.354596      1.68104    0.0150410     0.331862     0.554318  9.45150e-13  4.01942e-13     0.752202     0.550584  2.41660e-13  0.000423599       0
      9.12903      1.91667     0.147633  3.64579e-12    0.0905586     0.113377      7.27051    0.0826965     0.113805      1.67146    0.0824196     0.113604     0.198078  5.64212e-12  2.23375e-12     0.656043     0.492747  3.03535e-13  0.000859343       0
      9.12903      2.00000     0.867164  1.90660e-13   0.00119928     0.627647     0.227552  0.000894866      3.53583      1.26762  0.000892145     0.818780     0.859020  2.09805e-13  1.93682e-13     0.581761     0.445076  3.70841e-13  0.000457332       0
      9.12903      2.08333     0.575768  3.77296e-13   0.00169652     0.425937     0.265042   0.00109186      1.68700      1.31417   0.00109800     0.541071     0.584958  4.18477e-13  3.67470e-13     0.426109     0.343683  6.23104e-13  0.000893357       0
      9.12903      2.16667     0.364311  8.09050e-13    0.0153010     0.297671      4.03223    0.0144854     0.303648      1.67422    0.0144446     0.296914     0.417400  1.13774e-12  6.44924e-13     0.630289     0.477464  3.24487e-13  0.000513408       0
      9.12903      2.25000     0.778974  2.27977e-13   0.00156550     0.437710    0.0970771  0.000908119      6.21329      1.12411  0.000920189     0.755090     0.745846  2.40121e-13  2.45102e-13     0.477049     0.378174  5.16207e-13  0.000695329       0
      9.12903      2.33333     0.916316  1.73922e-13   0.00166884     0.498098    0.0968728   0.00142139      3.60648      1.27680   0.00144017     0.793860     0.780499  2.20897e-13  2.27235e-13     0.540702     0.419624  4.18953e-13  0.000698814       0
      9.12903      2.41667     0.575595  3.77486e-13   0.00311943     0.320516     0.101355   0.00250892      3.57177      1.13959   0.00252502     0.557279     0.563143  3.98390e-13  3.91499e-13     0.355280     0.296097  8.43617e-13   0.00140219       0
      9.12903      2.50000     0.545328  4.13047e-13   0.00478878     0.299553     0.101823   0.00433289      3.16906      1.13958   0.00435289     0.513968     0.552977  4.55899e-13  4.03568e-13     0.326743     0.276891  9.69954e-13   0.00188115       0
      9.12903      2.58333     0.917455  1.73562e-13   0.00134620     0.509844    0.0950184  0.000954962      8.95615      1.10328  0.000952421     0.858317     0.877817  1.93947e-13  1.86820e-13     0.556672     0.430169  3.99113e-13  0.000546633       0
      9.12903      2.66667     0.615351  3.37721e-13   0.00294328     0.313748    0.0790003   0.00213327      6.63955      1.04847   0.00215923     0.586667     0.610780  3.65687e-13  3.41944e-13     0.356937     0.296341  8.37097e-13   0.00119405       0
      9.12903      2.75000     0.857630  1.94206e-13   0.00142241     0.436856    0.0732286  0.000581286      15.8111      1.00639  0.000594062     0.801205     0.827638  2.17532e-13  2.06077e-13     0.491900     0.388270  4.90495e-13  0.000658754       0
      9.12903      2.83333     0.868224  1.90272e-13   0.00155767     0.402344    0.0612275  0.000768592      24.4535     0.950609  0.000786256     0.844379     0.855443  1.99312e-13  1.95034e-13     0.483250     0.381921  5.05215e-13  0.000728983       0
      9.12903      2.91667     0.752534  2.41482e-13   0.00205025     0.348391    0.0622268   0.00114661      18.2862     0.953856   0.00117482     0.705914     0.723942  2.68643e-13  2.57586e-13     0.410702     0.332828  6.62549e-13  0.000892274       0
      9.12903      3.00000     0.755120  2.40106e-13   0.00208096     0.341140    0.0579050   0.00102095      24.4374     0.921278   0.00105485     0.728908     0.708069  2.54668e-13  2.67282e-13     0.396357     0.323237  7.02992e-13  0.000917203       0
      9.12903      3.08333     0.215361  1.94305e-12    0.0505927     0.160674      3.77734    0.0466006     0.165361      1.67542    0.0464927     0.164388     0.256754  3.04775e-12  1.44955e-12     0.671512     0.502547  2.91970e-13  0.000612303       0
      9.12903      3.16667     0.275952  1.28540e-12    0.0413951     0.196264      4.58984    0.0381533     0.197124      1.67834    0.0380598     0.193936     0.311718  2.31383e-12  1.04912e-12     0.565239     0.435405  3.89083e-13  0.000627169       0
      9.12903      3.25028     0.660610  3.00045e-13   0.00161257     0.439299     0.159648  0.000836114      2.94347      1.23017  0.000842587     0.638998     0.639477  3.17149e-13  3.16753e-13     0.452458     0.361555  5.63809e-13  0.000666378       0
      9.12903      3.33333     0.699611  2.72689e-13   0.00202542     0.353313    0.0731129  0.000964794      10.5477      1.01408   0.00100469     0.689342     0.695602  2.79493e-13  2.75314e-13     0.405980     0.330164  6.75440e-13  0.000824402       0
      9.12903      3.41667     0.551042  4.05933e-13   0.00243620     0.328266     0.116985   0.00137988      2.49041      1.20744   0.00143410     0.509739     0.560289  4.62220e-13  3.94829e-13     0.367321     0.303372  7.98029e-13  0.000910033       0
      9.12903      3.50000     0.911326  1.75512e-13   0.00160189     0.883630      2.63135   0.00157676      1.53575      1.48655   0.00157075     0.786075     0.962740  2.24555e-13  1.60170e-13     0.688682     0.513728  2.79940e-13  0.000421379       0
      9.12903      3.58333     0.386049  7.34558e-13    0.0142034     0.315188      4.44043    0.0133697     0.316048      1.67854    0.0133132     0.306513     0.461844  1.07898e-12  5.44841e-13     0.934778     0.665061  1.68235e-13  0.000524414       0
      9.12903      3.66667     0.418525  6.42037e-13    0.0139393     0.333525      5.06250    0.0130516     0.335830      1.67483    0.0130149     0.330335     0.459487  9.52441e-13  5.49508e-13     0.954517     0.674471  1.62476e-13  0.000368387       0
      9.12903      3.75000     0.597597  3.54608e-13   0.00214802     0.453918     0.303595   0.00180913      1.65891      1.32983   0.00181153     0.555252     0.603115  4.00816e-13  3.49217e-13     0.444225     0.356220  5.81333e-13  0.000770508       0
      9.12903      3.83333     0.510128  4.61634e-13   0.00410863     0.480128      2.87500   0.00410527     0.502628      1.66792   0.00411591     0.464926     0.532229  5.38834e-13  4.30128e-13     0.457395     0.364954  5.53702e-13  0.000709292       0
      9.12903      3.91667     0.618445  3.34909e-13   0.00466766     0.561570      3.64844   0.00464309     0.568445      1.67542   0.00464273     0.519634     0.665716  4.47644e-13  2.96220e-13     0.574709     0.441494  3.78456e-13  0.000511926       0
      9.12903      4.00000     0.194787  2.29700e-12     0.166541    0.0972876      5.62500     0.143638    0.0985375      1.67839     0.143465    0.0982538     0.182483  7.18643e-12  2.56090e-12     0.485796     0.381660  5.00810e-13   0.00182157       0
      9.12903      4.08333     0.206823  2.07857e-12    0.0431123     0.161461      3.17090    0.0399946     0.166823      1.67292    0.0398225     0.167302     0.248710  2.95978e-12  1.52853e-12     0.444351     0.355501  5.81057e-13  0.000961179       0
      9.12903      4.16667    0.0733901  1.16869e-11     0.240509    0.0595573      19.6367     0.220270    0.0594937      1.66575     0.219751    0.0601611    0.0893558  1.62768e-11  8.41829e-12      1.91528      1.57470  5.08991e-14   0.00219180       0
      9.12903      4.25000    0.0687377  1.30348e-11     0.486326    0.0465861      5.93176     0.438788    0.0468628      1.67214     0.437398    0.0462566    0.0802414  2.52236e-11  1.00716e-11      1.33896      1.07718  9.24308e-14   0.00335188       0
      9.12903      4.33333    0.0714219  1.22286e-11     0.293619    0.0547713      8.32837     0.268119    0.0564415      1.67297     0.268616    0.0561617    0.0871378  1.82542e-11  8.77845e-12      1.88162      1.55260  5.24256e-14   0.00258771       0
      9.12903      4.41667     0.725716  2.56538e-13   0.00790161     0.533752      9.33466   0.00734895     0.520723      1.68712   0.00734359     0.493136     0.781535  4.88447e-13  2.26733e-13      1.26840     0.855647  1.01158e-13  0.000410831       0
      9.12903      4.50000     0.485012  5.02160e-13    0.0118647     0.381052      5.59003    0.0110650     0.378059      1.68295    0.0110380     0.368068     0.558117  7.95332e-13  3.97393e-13      1.40589     0.929164  8.52137e-14  0.000255483       0
      9.12903      4.58333      1.01250  1.47266e-13   0.00432402     0.769042      11.6099   0.00404810      1.05002      1.55219   0.00406535     0.701092      1.09449  2.71730e-13  1.29343e-13      1.63422      1.05607  6.63097e-14  0.000182550       0
      9.12903      4.66667     0.689442  2.79425e-13   0.00595264     0.561947      6.96875   0.00559933     0.555229      1.68154   0.00558798     0.540356     0.739036  4.19401e-13  2.48878e-13      1.53838      1.00812  7.33369e-14  0.000194202       0
      9.12903      4.75000     0.681052  2.85187e-13    0.0102705     0.472362      10.2747   0.00937079     0.452303      1.69371   0.00935744     0.446220     0.785035  5.77006e-13  2.25051e-13      1.77502      1.13528  5.77775e-14  0.000207404       0
      9.12903      4.83333      1.35204  9.09452e-14  0.000664728      1.32079      2.32812  0.000641095      1.36454      1.67792  0.000644501      1.21068      1.28394  1.09323e-13  9.91266e-14      1.09266     0.758016  1.29704e-13  0.000212772       0
      9.12903      4.91667      1.24777  1.03961e-13  0.000780445     0.732920     0.109254  0.000494667      16.7363      1.07894  0.000497251      1.14993      1.18230  1.19118e-13  1.13732e-13     0.731461     0.539337  2.53188e-13  0.000403761       0
      9.12903      5.00028     0.923525  1.71665e-13   0.00310124     0.873524      3.12500   0.00310191     0.938525      1.65167   0.00311759     0.727020     0.965312  2.55771e-13  1.59459e-13      1.03790     0.806023  1.41309e-13   0.00237845       0
      9.12903      5.08333      1.20958  1.09489e-13   0.00112442      1.13115      4.94922   0.00112087      1.21208      1.65167   0.00111976      1.03681      1.27191  1.41556e-13  1.00693e-13      1.43724     0.950123  8.21385e-14  0.000176716       0
      9.12903      5.16667     0.339489  9.10024e-13    0.0221098     0.263082      4.53320    0.0205782     0.264489      1.67979    0.0205155     0.261747     0.387007  1.40376e-12  7.31528e-13     0.950237     0.671769  1.63698e-13  0.000353197       0
      9.12903      5.25000      1.42133  8.36767e-14  0.000891094     0.554589    0.0456850  0.000549541      247.899     0.810879  0.000556828      1.33471      1.27555  9.29222e-14  1.00216e-13     0.700640     0.519895  2.72022e-13  0.000446101       0
      9.12903      5.33333      1.01346  1.47035e-13   0.00116378     0.551455    0.0865254  0.000711607      18.2733      1.02089  0.000713033     0.963387     0.963569  1.59991e-13  1.59940e-13     0.592006     0.451465  3.60207e-13  0.000539809       0
      9.12903      5.41667     0.334580  9.32387e-13    0.0123507     0.290908      3.07031    0.0119986     0.302548      1.67102    0.0119703     0.294128     0.356083  1.15576e-12  8.40448e-13     0.415551     0.336086  6.49714e-13   0.00109069       0
      9.12903      5.50000     0.632482  3.22613e-13   0.00408561     0.279187    0.0621670   0.00349446      5.38169      1.08596   0.00354815     0.611130     0.616953  3.41617e-13  3.36260e-13     0.326739     0.276230  9.69977e-13   0.00187378       0
      9.12903      5.58333     0.975618  1.56662e-13   0.00172392     0.373260    0.0443600   0.00109646      112.789     0.811186   0.00112532     0.939564     0.963945  1.66808e-13  1.59836e-13     0.459702     0.364369  5.49078e-13  0.000881079       0
      9.12903      5.66667     0.360522  8.23272e-13    0.0199982     0.275522      5.06250    0.0183457     0.276928      1.67880    0.0182934     0.269292     0.407473  1.33883e-12  6.71322e-13      1.36151     0.907399  8.98936e-14  0.000300152       0
      9.12903      5.75000      2.69925  2.87314e-14  0.000266135      1.82431     0.192463  0.000241179      2.71925      1.68167  0.000251007      2.37422      2.38489  3.55818e-14  3.53169e-14      3.22024      2.06073  2.14099e-14  0.000218587       0
      9.12903      5.83333      2.64078  2.97994e-14  0.000372637      2.58360      3.18359  0.000367884      2.64828      1.67042  0.000370269      2.15531      2.59390  4.18067e-14  3.07024e-14      3.14375      2.03322  2.22851e-14  0.000222116       0
      9.12903      5.91667      2.20680  4.01936e-14  0.000623296      2.02008      9.13086  0.000621453      2.21594      1.63933  0.000621612      1.74195      2.21622  5.96171e-14  3.99093e-14      2.66298      1.66293  2.93867e-14  0.000175914       0
      9.12903      6.00000      1.92860  5.03143e-14  0.000408016      1.88485      2.85938  0.000398479      1.93860      1.67167  0.000402342      1.66524      1.94953  6.42641e-14  4.94175e-14      1.50746     0.989472  7.58613e-14  0.000217773       0
      9.12903      6.08333      3.05935  2.33192e-14  0.000264506      2.98435      3.93750  0.000262881      3.06935      1.66667  0.000264071      2.44090      2.89193  3.39766e-14  2.56124e-14      3.71866      2.28759  1.68442e-14  0.000197402       0
      9.12903      6.16667      2.65185  2.95924e-14  0.000958766      2.54436      5.59375  0.000960803      2.66685      1.65667  0.000961820      2.21434      2.73220  3.99659e-14  2.81562e-14      3.19685      1.98966  2.16716e-14  0.000955952       0
      9.12903      6.25000      3.00786  2.39884e-14  0.000249842      2.98285      2.06250  0.000236213      3.01832      1.68050  0.000240043      2.70092      2.73102  2.87019e-14  2.81765e-14      3.62082      2.27239  1.76096e-14  0.000179273       0
      9.12903      6.33333      2.99421  2.41708e-14  0.000307791      2.97171      2.00000  0.000292364      3.01421      1.68167  0.000296907      2.53394      2.57627  3.19228e-14  3.10534e-14      3.50999      2.35245  1.85461e-14  0.000223161       0
      9.12903      6.41667      3.10225  2.27842e-14  0.000282385      3.00974      4.90625  0.000282263      3.10975      1.66417  0.000283071      2.56713      3.06498  3.12379e-14  2.32479e-14      3.73828      2.34590  1.66972e-14  0.000185132       0
      9.12903      6.50000      3.04268  2.35325e-14  0.000293972      2.95768      5.06250  0.000293938      3.05268      1.66167  0.000295351      2.60067      3.22573  3.05694e-14  2.13492e-14      3.67388      2.28836  1.71878e-14  0.000188025       0
      9.12903      6.58333      3.13054  2.24421e-14  0.000929646      3.08053      3.12500  0.000926578      3.13054      1.67167  0.000927899      2.82720      2.98490  2.65971e-14  2.42967e-14      3.74835      2.39288  1.66225e-14  0.000935746       0
      9.12903      6.66667      3.42483  1.93211e-14  0.000346512      3.34982      3.93750  0.000343997      3.43483      1.66667  0.000346148      2.86377      2.96594  2.60334e-14  2.45561e-14      4.04260      2.68715  1.46553e-14  0.000235580       0
      9.12903      6.75000      4.00509  1.48848e-14  0.000204933      3.95508      3.12500  0.000200823      4.01509      1.67167  0.000202703      3.38192      3.53094  1.97314e-14  1.83631e-14      4.84081      3.01638  1.08534e-14  0.000155815       0
      9.12903      6.83333      2.43718  3.40630e-14  0.000722352      2.09525      15.6975  0.000707661      2.46753      1.61581  0.000708219      1.78135      2.51161  5.74353e-14  3.23973e-14      2.98199      1.79174  2.43362e-14  0.000164129       0
      9.12903      6.91667      4.02395  1.47687e-14  0.000210655      3.94895      3.93750  0.000208851      4.02395      1.67167  0.000209048      3.32411      4.11310  2.03066e-14  1.42391e-14      4.90983      2.97931  1.06003e-14  0.000169273       0
      9.12903      7.00000      3.15273  2.21794e-14  0.000202577      3.11273      2.87500  0.000195749      3.16523      1.67792  0.000195733      2.76350      2.97645  2.76267e-14  2.44117e-14      3.84719      2.31960  1.59169e-14  0.000167272       0
      9.12903      7.08333      4.03437  1.47052e-14  0.000259834      3.93516      5.28711  0.000259526      4.04437      1.66167  0.000260938      3.29488      3.36755  2.06077e-14  1.98719e-14      4.89155      3.03881  1.06664e-14  0.000166241       0
      9.12903      7.16667      3.77076  1.64582e-14  0.000225187      3.61450      8.07812  0.000227213      3.77575      1.66167  0.000226338      3.16436      3.34786  2.20438e-14  2.00670e-14      4.57446      2.82033  1.19269e-14  0.000154738       0
      9.12903      7.25000      3.84000  1.59665e-14  0.000253755      3.67750      7.78125  0.000255239      3.84500      1.65667  0.000255703      2.96965      3.84976  2.45049e-14  1.58991e-14      4.70462      2.81964  1.13821e-14  0.000160889       0
      9.12903      7.33333      3.49962  1.86378e-14  0.000227049      3.42462      3.93750  0.000225133      3.50212      1.66917  0.000225989      3.00126      3.63062  2.40763e-14  1.75305e-14      4.26503      2.58624  1.34037e-14  0.000179553       0
      9.12903      7.41667      3.31271  2.04232e-14  0.000222528      3.26271      3.12500  0.000219104      3.32271      1.67167  0.000220404      3.11413      3.17925  2.26396e-14  2.18719e-14      4.02203      2.46287  1.47804e-14  0.000156616       0
      9.12903      7.50000      3.37742  1.97752e-14  0.000274169      3.30241      3.93750  0.000271826      3.38742      1.66667  0.000273766      2.86005      2.91331  2.60899e-14  2.52998e-14      4.08995      2.52960  1.43736e-14  0.000190029       0
      9.12903      7.58333      3.81456  1.61444e-14  0.000260045      3.65204      7.78125  0.000261567      3.82956      1.65667  0.000261672      3.08668      3.71492  2.29760e-14  1.68725e-14      4.65241      2.83784  1.15958e-14  0.000169574       0
      9.12903      7.66667      4.32332  1.31039e-14  0.000188328      4.21583      5.59375  0.000188324      4.33332      1.66167  0.000189403      3.58170      4.39217  1.79314e-14  1.27633e-14      5.25783      3.22707  9.45695e-15  0.000149240       0
      9.12903      7.75000      3.46277  1.89695e-14  0.000251567      3.32026      7.53125  0.000252977      3.47777      1.65667  0.000253215      2.83915      3.55637  2.64108e-14  1.81447e-14      4.24838      2.53443  1.34914e-14  0.000157560       0
      9.12903      7.83333      3.38739  1.96783e-14  0.000278182      3.22488      7.78125  0.000279737      3.40239      1.65167  0.000280442      2.72586      3.32363  2.82655e-14  2.03114e-14      4.16669      2.45563  1.39351e-14  0.000157773       0
      9.12903      7.91667      3.79824  1.62602e-14  0.000238430      3.68073      6.71875  0.000239096      3.80824      1.66167  0.000239462      3.12550      3.63634  2.25024e-14  1.74846e-14      4.61664      2.83581  1.17459e-14  0.000155507       0
      9.12903      8.00000      3.50378  1.86009e-14  0.000353217      3.17213      15.7336  0.000353760      3.51722      1.63605  0.000354005      2.71482      3.68975  2.84573e-14  1.70648e-14      4.31163      2.54428  1.31632e-14  0.000150261       0
      9.12903      8.08333      3.47490  1.88593e-14  0.000202071      3.41990      3.68750  0.000199493      3.47490      1.67167  0.000200101      3.06057      3.48968  2.33037e-14  1.87264e-14      4.25325      2.55063  1.34657e-14  0.000158783       0
      9.12903      8.16667      3.08066  2.30510e-14  0.000493609      2.65731      19.4404  0.000486509      3.10441      1.61917  0.000486921      2.24436      3.11977  3.90789e-14  2.25714e-14      3.77520      2.24756  1.64259e-14  0.000145678       0
      9.12903      8.25000      3.60892  1.77066e-14  0.000257558      3.42516      9.17188  0.000259009      3.61978      1.65401  0.000259011      2.91111      3.65813  2.53317e-14  1.73113e-14      4.44631      2.62413  1.25054e-14  0.000141709       0
      9.12903      8.33333      3.43790  1.91987e-14  0.000307673      3.13309      13.4468  0.000306926      3.44704      1.63933  0.000307090      2.75669      3.65767  2.77405e-14  1.73150e-14      4.27102      2.47026  1.33724e-14  0.000136458       0
      9.12903      8.41667      4.20853  1.37050e-14  0.000200982      4.13353      3.93750  0.000199001      4.21853      1.66667  0.000200747      3.40390      4.21263  1.95195e-14  1.36827e-14      5.11663      3.15643  9.89590e-15  0.000155144       0
      9.12903      8.50000      1.84099  5.43679e-14   0.00212175      1.27032      25.5159   0.00194981      1.88107      1.53634   0.00195992      1.11470      1.91318  1.25457e-13  5.09922e-14      2.24727      1.35804  3.89946e-14  0.000177352       0
      9.12903      8.58333      3.09642  2.28558e-14  0.000426303      2.82516      13.0156  0.000424465      3.10977      1.63901  0.000424580      2.44147      3.23568  3.39633e-14  2.12400e-14      3.79981      2.27266  1.62490e-14  0.000151828       0
      9.12903      8.66667      4.42723  1.25953e-14  0.000258266      4.15589      13.0156  0.000260103      4.42972      1.65167  0.000259959      3.60621      3.73135  1.77287e-14  1.67489e-14      5.39917      3.27641  9.04796e-15  0.000142831       0
      9.12903      8.75000      3.02876  2.37131e-14  0.000234893      2.97876      3.12500  0.000230711      3.03876      1.67167  0.000232179      2.71111      2.78202  2.85223e-14  2.73208e-14      3.69146      2.24426  1.70516e-14  0.000172241       0
      9.12903      8.83333      3.59073  1.78562e-14  0.000204465      3.57074      1.75000  0.000191764      3.60074      1.68292  0.000195531      3.15896      3.53351  2.21066e-14  1.83408e-14      4.30959      2.72740  1.31736e-14  0.000157457       0
      9.12903      8.91667      3.70701  1.69326e-14  0.000237045      3.63202      3.93750  0.000235325      3.71701      1.66667  0.000236778      3.10018      3.82331  2.28096e-14  1.60829e-14      4.48638      2.77531  1.23197e-14  0.000154505       0
      9.12903      9.00000      2.69672  2.87763e-14  0.000265286      2.64672      3.12500  0.000259542      2.71172      1.67417  0.000260185      2.42652      2.74251  3.43128e-14  2.79801e-14      3.27336      2.01214  2.08340e-14  0.000158103       0
      9.12903      9.08333      4.52870  1.21285e-14  0.000278276      4.29993      10.2344  0.000279523      4.53370      1.65667  0.000279296      3.85115      3.91361  1.58895e-14  1.54692e-14      5.52894      3.36588  8.69680e-15  0.000150545       0
      9.12903      9.16667      3.02307  2.37875e-14  0.000317685      2.88558      6.96875  0.000319086      3.03057      1.65917  0.000318607      2.67310      2.69688  2.92014e-14  2.87734e-14      3.68577      2.23858  1.70955e-14  0.000176261       0
      9.12903      9.25000      5.80843  8.01060e-15  0.000170302      5.47988      14.6455  0.000172154      5.81092      1.65167  0.000172310      4.71629      4.85631  1.13352e-14  1.07957e-14      7.11408      4.27760  5.71345e-15  0.000137215       0
      9.12903      9.33333      2.70345  2.86571e-14  0.000454219      2.47469      10.2344  0.000452430      2.72095      1.64167  0.000452348      2.24264      2.77789  3.91287e-14  2.73886e-14      3.33091      1.96467  2.02376e-14  0.000156872       0
      9.12903      9.41667      2.52467  3.21186e-14  0.000373649      2.38217      7.53125  0.000373570      2.52717      1.65167  0.000373496      2.14587      2.59454  4.21137e-14  3.06899e-14      3.09823      1.84417  2.28336e-14  0.000144973       0
      9.12903      9.50000      2.78340  2.72983e-14  0.000254968      2.64590      6.96875  0.000256364      2.79840      1.65667  0.000255634      2.52742      2.84430  3.20602e-14  2.63311e-14      3.43548      2.01738  1.92213e-14  0.000166791       0
      9.12903      9.58333      3.26000  2.09765e-14  0.000296634      3.07328      9.13086  0.000297155      3.26250      1.65167  0.000297105      2.90841      2.96304  2.53709e-14  2.45961e-14      4.02539      2.34645  1.47598e-14  0.000147996       0
      9.12903      9.66667      3.29457  2.06109e-14  0.000337025      3.04160      11.5840  0.000336509      3.31207      1.64167  0.000336729      2.81188      3.45190  2.68390e-14  1.90692e-14      4.07381      2.36281  1.44687e-14  0.000152806       0
      9.12903      9.75000      4.28466  1.33016e-14  0.000164520      4.20965      3.93750  0.000162832      4.29216      1.66917  0.000163606      3.89904      3.88327  1.55656e-14  1.56711e-14      5.30320      3.08406  9.32251e-15  0.000159169       0
      9.12903      9.83333      4.61191  1.17659e-14  0.000191872      4.42816      9.17188  0.000193202      4.62691      1.65667  0.000193470      3.95612      4.01831  1.51931e-14  1.48032e-14      5.71433      3.30205  8.23164e-15  0.000157205       0
      9.12903      9.91667      3.93408  1.53352e-14  0.000218452      3.81033      6.42188  0.000219059      3.94408      1.66167  0.000219117      3.43862      3.47542  1.91921e-14  1.88546e-14      4.84667      2.87531  1.08315e-14  0.000144076       0
      9.12903      10.0000      3.22099  2.14017e-14  0.000225372      3.11817      5.81641  0.000226322      3.22849      1.66542  0.000225493      2.81096      3.11880  2.68537e-14  2.25830e-14      3.96150      2.33514  1.51587e-14  0.000150756       0
      9.12903      10.0833      2.64925  2.96408e-14  0.000352296      2.48676      7.78125  0.000353220      2.65175      1.65167  0.000352971      2.18338      2.61293  4.09149e-14  3.03307e-14      3.25692      1.92413  2.10096e-14  0.000162129       0
      9.12903      10.1667      1.35331  9.08035e-14   0.00339186     0.947750      18.5414   0.00310052      1.40924      1.52106   0.00311354     0.844924      1.41304  1.99098e-13  8.44961e-14      3.89809      2.28630  1.55720e-14  0.000189833       0
      9.12903      10.2500      1.14493  1.19986e-13   0.00153435      1.04993      5.06250   0.00153258      1.16243      1.64167   0.00153172     0.937579      1.32385  1.67398e-13  9.41951e-14      1.01945     0.710201  1.45596e-13  0.000388739       0
      9.12903      10.3333      1.41705  8.40985e-14   0.00133215      1.25593      8.22119   0.00129589      1.43080      1.62417   0.00129628      1.16819      1.41442  1.16030e-13  8.43588e-14      1.70403      1.09353  6.18444e-14  0.000233260       0
      9.12903      10.4167      3.91783  1.54414e-14  0.000165520      3.84283      3.93750  0.000163865      3.91783      1.67167  0.000163916      3.56495      3.55493  1.80720e-14  1.81570e-14      4.86242      2.82798  1.07731e-14  0.000157048       0
      9.12903      10.5000      1.56890  7.09743e-14  0.000572177      1.51360      3.59766  0.000568568      1.57641      1.66542  0.000571790      1.41164      1.55621  8.46358e-14  7.19417e-14      1.30336     0.877458  9.66771e-14  0.000240658       0
      9.12903      10.5833      1.66021  6.45890e-14  0.000354122      1.43281     0.775995  0.000338695      1.66771      1.66917  0.000349753      1.55582      1.59243  7.19717e-14  6.92357e-14      1.97957      1.28866  4.81738e-14  0.000200092       0
      9.12903      10.6667      2.19523  4.05473e-14  0.000248070      2.14180      3.38672  0.000243009      2.20273      1.66917  0.000245471      1.98698      2.15967  4.78746e-14  4.16662e-14      2.66261      1.65422  2.93934e-14  0.000174839       0
      9.12903      10.7500      1.41295  8.45058e-14   0.00101624      1.33795      3.93750   0.00101710      1.41795      1.65667   0.00101932      1.23188      1.62722  1.06205e-13  6.67860e-14      1.14683     0.781584  1.19656e-13  0.000287941       0
      9.12903      10.8333      1.85081  5.38880e-14   0.00168542      1.37016      21.0703   0.00156828      1.88827      1.56067   0.00157457      1.21660      1.91737  1.08438e-13  5.08065e-14      2.27424      1.36035  3.82267e-14  0.000166834       0
      9.12903      10.9167      1.57891  7.02265e-14   0.00117775      1.37423      9.77734   0.00113433      1.59766      1.61917   0.00113644      1.26837      1.68233  1.01163e-13  6.31798e-14      1.92776      1.18644  5.03510e-14  0.000190710       0
      9.12903      11.0000      1.23937  1.05139e-13   0.00189649      1.06738      8.38708   0.00183879      1.25318      1.61095   0.00183950     0.966843      1.46797  1.59039e-13  7.92930e-14      1.47347     0.972303  7.88005e-14  0.000203928       0
      9.12903      11.0833      2.15967  4.16661e-14  0.000412096      2.09967      3.50000  0.000407894      2.16967      1.66667  0.000411156      1.82915      2.24082  5.49556e-14  3.91816e-14      2.58425      1.65640  3.08937e-14  0.000210287       0
      9.12903      11.1667      1.92256  5.05780e-14  0.000490149      1.85756      3.68750  0.000486417      1.93256      1.66667  0.000488873      1.67561      1.95001  6.36027e-14  4.93969e-14      2.27644      1.49941  3.81652e-14  0.000239069       0
      9.12903      11.2500      1.77884  5.75704e-14   0.00111913      1.55008      10.2344   0.00109994      1.79790      1.61980   0.00110023      1.34665      1.93536  9.15529e-14  5.00217e-14      2.13933      1.33549  4.23283e-14  0.000200404       0
      9.12903      11.3333      1.29383  9.78669e-14   0.00145540      1.18250      5.96191   0.00145117      1.32008      1.62917   0.00145316      1.03565      1.40810  1.41822e-13  8.49912e-14      1.07162     0.737200  1.33977e-13  0.000302118       0
      9.12903      11.4167      1.28979  9.83784e-14   0.00189831      1.09530      9.47748   0.00182086      1.30291      1.60792   0.00182389      1.01684      1.30184  1.46222e-13  9.68652e-14      1.98854      1.23742  4.78120e-14  0.000175258       0
      9.12903      11.5000      1.23251  1.06115e-13   0.00180233      1.05173      9.21289   0.00172598      1.24392      1.61324   0.00173042     0.979811      1.34984  1.55546e-13  9.11922e-14      1.91428      1.20620  5.09434e-14  0.000185731       0
      9.12903      11.5833      4.83923  1.08593e-14  0.000160566      4.67668      7.78125  0.000161682      4.84923      1.66167  0.000161500      3.95884      4.62971  1.51757e-14  1.16907e-14      6.03391      3.41832  7.51792e-15  0.000144815       0
      9.12903      11.6667      2.46572  3.34084e-14  0.000342701      2.31993      7.77539  0.000342705      2.47712      1.65323  0.000342126      2.16983      2.46661  4.13415e-14  3.33884e-14      3.05095      1.77574  2.34263e-14  0.000172889       0
      9.12903      11.7500      1.61288  6.77787e-14  0.000855232      1.28308     0.472889  0.000837507      1.62288      1.66667  0.000853254      1.32724      1.52120  9.37945e-14  7.47227e-14      1.01301     0.703537  1.47143e-13  0.000410300       0
      9.12903      11.8333      3.60928  1.77036e-14  0.000268173      3.42552      9.17188  0.000269593      3.62014      1.65401  0.000269595      3.02764      3.62880  2.37276e-14  1.75452e-14      4.45355      2.60623  1.24715e-14  0.000183439       0
      9.12903      11.9167      2.16453  4.15102e-14  0.000720255      1.89327      13.0156  0.000699668      2.17828      1.62417  0.000700599      1.71708      2.18859  6.10629e-14  4.07525e-14      2.66499      1.57817  2.93497e-14  0.000162055       0
      9.12903      12.0000      2.10795  4.33840e-14  0.000424490      2.02295      4.56250  0.000424668      2.12295      1.65667  0.000427631      1.68418      2.20096  6.30639e-14  4.03716e-14      2.54160      1.58605  3.17628e-14  0.000186745       0
      9.12903      12.0833      3.65354  1.73476e-14  0.000244606      3.42482      10.2344  0.000246221      3.65604      1.65167  0.000246000      2.95421      3.68138  2.47187e-14  1.71295e-14      4.54350      2.62994  1.20627e-14  0.000144534       0
      9.12903      12.1667      4.80506  1.09883e-14  0.000257119      4.37827      19.1846  0.000259915      4.82255      1.64167  0.000259717      3.84147      3.97850  1.59563e-14  1.50509e-14      5.86136      3.56907  7.89038e-15  0.000220155       0
      9.12903      12.2500      1.98216  4.80688e-14  0.000228373      1.90748      4.27734  0.000229458      1.98966      1.66542  0.000228365      1.82994      1.92722  5.49164e-14  5.03744e-14      2.41678      1.47316  3.45437e-14  0.000152508       0
      9.12903      12.3333      1.51608  7.51434e-14  0.000578559      1.45749      3.65430  0.000576669      1.52358      1.66542  0.000578173      1.30941      1.56071  9.59338e-14  7.15962e-14      1.33438     0.890491  9.29601e-14  0.000212933       0
      9.12903      12.4167      4.41643  1.26467e-14  0.000182547      4.25393      7.78125  0.000183966      4.41643      1.66167  0.000183657      3.88759      4.60150  1.56421e-14  1.18103e-14      5.52797      3.09776  8.69934e-15  0.000166451       0
      9.12903      12.5000      3.30254  2.05281e-14  0.000441757      2.78776      23.1483  0.000432855      3.32638      1.61646  0.000433233      2.39475      3.37759  3.50747e-14  1.97735e-14      4.14639      2.32446  1.40490e-14  0.000156903       0
      9.12903      12.5833      2.14424  4.21672e-14  0.000175520      2.06924      3.93750  0.000177388      2.14955      1.66573  0.000175572      1.95694      2.06556  4.91057e-14  4.48779e-14      2.62605      1.58343  3.00786e-14  0.000146863       0
      9.12903      12.6667      4.68634  1.14562e-14  0.000268418      4.20566      21.0703  0.000270621      4.71259      1.62917  0.000271711      3.52286      4.78928  1.84333e-14  1.10487e-14      5.63068      3.59637  8.43647e-15  0.000177168       0
      9.12903      12.7500      3.68359  1.71123e-14  0.000358309      3.16891      23.1483  0.000355564      3.69736      1.62417  0.000355483      2.67956      3.55372  2.90842e-14  1.81673e-14      4.59636      2.62485  1.18324e-14  0.000157940       0
      9.12903      12.8333      3.96545  1.51335e-14  0.000296149      3.54209      19.4404  0.000295128      3.98170      1.63417  0.000295217      3.04586      4.00702  2.34916e-14  1.48728e-14      4.93723      2.83685  1.05024e-14  0.000146217       0
      9.12903      12.9167      4.18697  1.38228e-14  0.000231790      3.84867      15.9545  0.000233168      4.19447      1.64667  0.000232758      3.31997      4.25972  2.03488e-14  1.34316e-14      5.21975      2.96820  9.57222e-15  0.000153895       0
      9.12903      13.0000      3.31801  2.03688e-14  0.000245402      3.24301      3.93750  0.000243282      3.32801      1.66667  0.000245031      2.72598      3.04005  2.82635e-14  2.35665e-14      4.06932      2.42269  1.44953e-14  0.000177289       0
      9.12903      13.0833      3.27620  2.08039e-14  0.000340559      3.24620      2.87500  0.000334166      3.29120      1.67417  0.000336766      2.78115      3.10996  2.73352e-14  2.26902e-14      3.97619      2.43980  1.50655e-14  0.000307202       0
      9.12903      13.1667      2.46398  3.34478e-14  0.000340804      2.42023      2.85938  0.000331973      2.47804      1.67151  0.000336337      2.22037      2.28404  3.97852e-14  3.79538e-14      2.96521      1.84353  2.45661e-14  0.000334214       0
      9.12903      13.2500      2.07978  4.43676e-14  0.000220827      2.02748      3.36865  0.000216887      2.08666      1.67104  0.000217006      1.94753      2.06793  4.95020e-14  4.47923e-14      2.53471      1.54787  3.19068e-14  0.000163987       0
      9.12903      13.3333      5.44798  8.91326e-15  0.000258024      5.17671      13.0156  0.000259517      5.45298      1.65667  0.000259238      4.28388      4.29613  1.33056e-14  1.32424e-14      6.60597      4.06520  6.46449e-15  0.000161368       0
      9.12903      13.4167      2.14902  4.20110e-14  0.000737020      1.87778      13.0156  0.000716984      2.16277      1.62417  0.000717958      1.64668      2.17948  6.54754e-14  4.10369e-14      2.63686      1.59009  2.98734e-14  0.000163246       0
      9.12903      13.5000      3.91829  1.54384e-14  0.000292647      3.48265      20.0078  0.000291967      3.94454      1.62917  0.000292387      2.87860      3.83245  2.58104e-14  1.60190e-14      4.90062      2.77443  1.06335e-14  0.000146291       0
      9.12903      13.5833      2.07753  4.44477e-14   0.00149478      1.49403      26.5696   0.00138664      2.13160      1.55231   0.00139259      1.32329      2.10703  9.42626e-14  4.34153e-14      2.56898      1.50563  3.12005e-14  0.000157505       0
      9.12903      13.6667      5.58349  8.55564e-15  0.000166117      5.31228      13.0156  0.000167942      5.58600      1.65167  0.000168644      4.27004      5.41956  1.33775e-14  8.99128e-15      6.89345      4.03337  6.02145e-15  0.000149793       0
      9.12903      13.7500      5.37744  9.10899e-15  0.000184515      5.00812      17.5547  0.000187310      5.38994      1.64667  0.000187534      4.06972      5.27548  1.44929e-14  9.40429e-15      6.68739      3.82732  6.33385e-15  0.000157184       0
      9.12903      13.8333      5.99573  7.59788e-15  0.000160123      5.83318      7.78125  0.000160672      6.00573      1.66167  0.000161007      4.97505      5.82786  1.03697e-14  7.96612e-15      7.42969      4.28081  5.31469e-15  0.000160894       0
      9.12903      13.9167      4.52283  1.21547e-14  0.000235408      3.96585      25.1970  0.000237204      4.54909      1.62917  0.000237100      3.19415      5.12848  2.17022e-14  9.85782e-15      5.68761      3.14690  8.29620e-15  0.000157910       0
      9.12903      14.0000      4.13011  1.41414e-14  0.000214314      3.85886      13.0156  0.000215789      4.13511      1.64917  0.000215749      3.34239      4.27128  2.01219e-14  1.33710e-14      5.16260      2.91138  9.74947e-15  0.000146630       0
      9.12903      14.0833      2.04415  4.56642e-14   0.00127939      1.58354      20.8203   0.00120561      2.07067      1.57629   0.00120844      1.37355      2.08108  8.85843e-14  4.43217e-14      2.52246      1.49116  3.21653e-14  0.000167438       0
      9.12903      14.1667      4.33221  1.30591e-14  0.000258470      3.79247      23.7928  0.000259734      4.35846      1.62917  0.000259545      3.10840      4.15813  2.27092e-14  1.39830e-14      5.43460      3.02244  8.94985e-15  0.000147409       0
      9.12903      14.2500      2.15797  4.17209e-14  0.000335040      2.12438      2.38086  0.000315106      2.17297      1.67917  0.000319494      1.87470      2.07890  5.27482e-14  4.43990e-14      2.57154      1.66786  3.11488e-14  0.000224526       0
      9.12903      14.3333      1.66216  6.44625e-14   0.00322486      1.02274      28.1260   0.00289137      1.70674      1.49743   0.00291541     0.908920      1.56487  1.76287e-13  7.12793e-14      3.42734      1.98335  1.92975e-14  0.000172507       0
      9.12903      14.4167      2.38511  3.53113e-14  0.000699366      2.08028      13.4468  0.000690853      2.39886      1.62417  0.000690785      1.79543      2.67060  5.66868e-14  2.92470e-14      2.89744      1.78022  2.55312e-14  0.000171433       0
      9.12903      14.5000      4.16592  1.39394e-14  0.000211692      4.05842      5.59375  0.000211615      4.17592      1.66167  0.000212892      3.32893      3.87189  2.02576e-14  1.57480e-14      5.13171      3.03103  9.84750e-15  0.000159111       0
      9.12903      14.5833      2.45798  3.35840e-14  0.000253566      2.42985      2.38281  0.000235485      2.47048      1.67667  0.000242302      2.26742      2.26448  3.84187e-14  3.85019e-14      2.96092      1.85045  2.46255e-14  0.000185672       0
      9.12903      14.6667      2.25411  3.87975e-14  0.000299022      2.19411      3.50000  0.000297237      2.26411      1.66667  0.000298315      2.02781      2.15397  4.62788e-14  4.18502e-14      2.07010      1.28600  4.47140e-14  0.000183490       0
      9.12903      14.7500      4.71066  1.13578e-14  0.000297419      4.23005      21.0703  0.000300413      4.72191      1.63917  0.000299890      3.65689      4.96332  1.73211e-14  1.04106e-14      5.83638      3.38531  7.94676e-15  0.000244023       0
      9.12903      14.8333      4.73185  1.12731e-14  0.000302370      4.25137      21.0703  0.000305384      4.75311      1.63417  0.000305626      3.57998      4.82915  1.79457e-14  1.08971e-14      5.85808      3.40692  7.89775e-15  0.000252570       0
      9.12903      14.9167      3.13434  2.23968e-14  0.000437042      2.70768      19.1846  0.000430923      3.14809      1.62417  0.000430988      2.39982      3.38330  3.49513e-14  1.97179e-14      3.90420      2.22651  1.55314e-14  0.000182388       0
      9.12903      15.0000      2.72338  2.83084e-14  0.000501417      2.45215      13.0156  0.000502779      2.73994      1.63480  0.000502485      2.10516      2.88644  4.34798e-14  2.56935e-14      3.32294      2.00466  2.03185e-14  0.000186054       0
      9.12903      15.0833      4.45723  1.24543e-14  0.000207567      4.40629      3.48047  0.000204846      4.46723      1.67167  0.000205918      3.92746      3.95412  1.53784e-14  1.52059e-14      5.50396      3.22043  8.76268e-15  0.000226625       0
      9.12903      15.1667      2.60640  3.04575e-14  0.000580976      2.27790      14.6455  0.000574528      2.62851      1.62652  0.000574439      2.00224      2.64013  4.72680e-14  2.98117e-14      3.23393      1.86767  2.12591e-14  0.000298390       0
      9.12903      15.2500      4.78715  1.10569e-14  0.000323614      4.55842      10.2344  0.000325224      4.78965      1.65167  0.000326092      4.26905      4.41488  1.33827e-14  1.26541e-14      5.94574      3.40469  7.70464e-15  0.000321918       0
      9.12903      15.3333      3.33434  2.02028e-14  0.000446322      3.06310      13.0156  0.000449608      3.35185      1.64167  0.000449588      2.56495      3.51129  3.12822e-14  1.85346e-14      4.08166      2.45872  1.44223e-14  0.000307322       0
      9.12903      15.4167      2.78441  2.72819e-14  0.000375645      2.66692      6.71875  0.000377276      2.79941      1.65667  0.000377697      2.30342      2.80044  3.74231e-14  2.70220e-14      3.42325      2.03393  1.93359e-14  0.000218652       0
      9.12903      15.5000      5.05122  1.01104e-14  0.000180408      4.86747      9.17188  0.000181642      5.06622      1.65667  0.000182235      4.01373      4.80467  1.48314e-14  1.09898e-14      6.24595      3.63089  7.09739e-15  0.000161981       0
      9.12903      15.5833      3.64486  1.74165e-14  0.000231432      3.42235      10.5312  0.000233470      3.65627      1.65323  0.000232843      2.98622      3.43712  2.42788e-14  1.92060e-14      4.56094      2.57326  1.19860e-14  0.000148130       0
      9.12903      15.6667      4.74698  1.12133e-14  0.000202206      4.37748      17.5547  0.000204713      4.75448      1.64667  0.000204382      3.64905      4.68291  1.73832e-14  1.14701e-14      5.94680      3.32968  7.70235e-15  0.000146242       0
      9.12903      15.7500      3.24905  2.10945e-14  0.000295456      3.06232      9.13086  0.000297398      3.25155      1.65167  0.000297562      2.57332      3.37040  3.11128e-14  1.98439e-14      4.00930      2.33727  1.48587e-14  0.000153885       0
      9.12903      15.8333      5.59946  8.51502e-15  0.000163954      5.43696      7.78125  0.000164690      5.59946      1.66167  0.000165007      4.59562      5.26576  1.18355e-14  9.43323e-15      6.99307      3.95221  5.87917e-15  0.000158249       0
      9.12903      15.9167      4.88567  1.06878e-14  0.000252017      4.40503      21.0703  0.000255276      4.90692      1.63417  0.000255869      3.82134      3.91947  1.60967e-14  1.54306e-14      5.93217      3.64865  7.73403e-15  0.000168438       0
      9.12903      16.0000      5.68142  8.31128e-15  0.000158215      5.64142      2.50000  0.000154103      5.68642      1.67917  0.000154715      4.72602      4.74738  1.12963e-14  1.12117e-14      6.98657      4.15843  5.88829e-15  0.000154012       0
      9.12903      16.0833      5.54307  8.65988e-15  0.000188229      5.31432      10.2344  0.000189656      5.54807      1.65667  0.000189989      4.16995      5.33379  1.39170e-14  9.23356e-15      6.84778      4.01982  6.08854e-15  0.000162269       0
      9.12903      16.1667      4.85758  1.07910e-14  0.000197030      4.48819      17.5547  0.000199383      4.87508      1.64167  0.000199960      3.67759      5.00610  1.71589e-14  1.02627e-14      5.98360      3.53217  7.62356e-15  0.000152620       0
      9.12903      16.2500      5.24764  9.48759e-15  0.000173731      4.94346      13.8765  0.000175926      5.26076      1.64792  0.000176648      4.02972      5.40029  1.47335e-14  9.04484e-15      6.51423      3.73940  6.61694e-15  0.000149876       0
      9.12903      16.3333      3.19833  2.16550e-14  0.000456727      2.77496      19.4404  0.000451222      3.22207      1.61917  0.000451669      2.31378      3.14714  3.71444e-14  2.22452e-14      3.96814      2.29053  1.51165e-14  0.000157284       0
      9.12903      16.4167      5.20851  9.60667e-15  0.000198518      4.83269      17.0430  0.000200782      5.22602      1.64167  0.000201615      3.90538      5.19250  1.55235e-14  9.65611e-15      6.44021      3.75093  6.74418e-15  0.000155728       0
      9.12903      16.5000      5.37316  9.12107e-15  0.000180399      5.05686      14.0781  0.000182803      5.37566      1.65167  0.000182837      4.01955      5.21526  1.47956e-14  9.58595e-15      6.63933      3.86460  6.41046e-15  0.000149124       0
      9.12903      16.5833      5.88940  7.82788e-15  0.000157408      5.81439      3.93750  0.000155963      5.89940      1.66667  0.000157304      4.66137      5.74991  1.15586e-14  8.14693e-15      7.16928      4.39097  5.64031e-15  0.000153591       0
      9.12903      16.6667      5.86409  7.88427e-15  0.000170770      5.58618      12.5039  0.000172403      5.86659      1.65167  0.000173171      4.33321      5.70097  1.30541e-14  8.26383e-15      7.24629      4.24512  5.54077e-15  0.000151785       0
      9.12903      16.7500      5.22663  9.55122e-15  0.000183924      5.06409      7.78125  0.000184695      5.22663      1.66167  0.000184973      4.01261      4.89851  1.48383e-14  1.06412e-14      6.45843      3.77823  6.71250e-15  0.000161582       0
      9.12903      16.8333      5.47498  8.84013e-15  0.000191225      5.17069      13.8765  0.000193484      5.48810      1.64792  0.000194415      4.05671      4.57352  1.45704e-14  1.19310e-14      6.74152      3.96605  6.24931e-15  0.000166659       0
      9.12903      16.9167      4.63662  1.16616e-14  0.000217419      4.26725      17.5547  0.000219599      4.64412      1.64667  0.000219180      3.65419      4.72576  1.73425e-14  1.12973e-14      5.74889      3.32829  8.14935e-15  0.000159642       0
      9.12903      17.0000      3.26245  2.09502e-14  0.000468308      2.75080      22.6705  0.000457501      3.27445      1.61538  0.000457976      2.35655      3.49736  3.60275e-14  1.86578e-14      4.04285      2.32584  1.46538e-14  0.000155420       0
      9.12903      17.0833      5.55069  8.64007e-15  0.000190232      5.17471      17.0430  0.000192199      5.55818      1.64667  0.000192475      4.20568      5.45721  1.37205e-14  8.88816e-15      6.78141      4.09239  6.18817e-15  0.000155975       0
      9.12903      17.1667      2.34442  3.63386e-14   0.00100168      1.82016      22.9928  0.000947346      2.37286      1.58605  0.000950746      1.61160      2.30704  6.78686e-14  3.73253e-14      2.88779      1.69351  2.56736e-14  0.000157484       0
      9.12903      17.2500      5.56875  8.59343e-15  0.000171939      5.29091      12.5039  0.000173520      5.57124      1.65167  0.000174089      4.38058      5.65696  1.28197e-14  8.37125e-15      6.80028      4.12076  6.15959e-15  0.000145609       0
      9.12903      17.3333      5.03527  1.01638e-14  0.000162285      4.98526      3.12500  0.000159576      5.05027      1.67417  0.000160211      4.17410      4.60098  1.38939e-14  1.18126e-14      6.13745      3.72531  7.30773e-15  0.000144759       0
      9.12903      17.4167      4.94928  1.04599e-14  0.000178204      4.62066      14.6455  0.000180590      4.95178      1.65167  0.000180131      3.95035      5.25586  1.52301e-14  9.46287e-15      6.10754      3.56611  7.36747e-15  0.000137114       0
      9.12903      17.5000      4.95560  1.04376e-14  0.000170548      4.68434      13.0156  0.000172306      4.95810      1.65167  0.000172555      4.12557      4.31618  1.41674e-14  1.31400e-14      6.11423      3.57293  7.35404e-15  0.000137704       0
      9.12903      17.5833      4.20155  1.37430e-14  0.000187152      3.95451      11.6660  0.000188688      4.21295      1.65323  0.000188328      3.59208      4.41622  1.78451e-14  1.26477e-14      5.24420      2.98422  9.49795e-15  0.000140005       0
      9.12903      17.6667      5.31190  9.29707e-15  0.000185359      4.88855      19.4404  0.000187357      5.32940      1.64167  0.000187712      4.05659      5.50799  1.45711e-14  8.75200e-15      6.55274      3.85275  6.55225e-15  0.000145413       0
      9.12903      17.7500      1.11189  1.25986e-13   0.00298367     0.883135      10.2344   0.00277507      1.13827      1.57640   0.00278874     0.816908      1.25516  2.10607e-13  1.02943e-13      4.30181      2.48055  1.32133e-14  0.000166154       0
      9.12903      17.8333      3.15848  2.21122e-14  0.000445932      2.70287      20.2578  0.000435929      3.18223      1.61917  0.000436438      2.37151      3.46167  3.56496e-14  1.89796e-14      3.92837      2.25072  1.53724e-14  0.000151850       0
      9.12903      17.9167      5.59900  8.51618e-15  0.000173058      5.29483      13.8765  0.000174835      5.60151      1.65167  0.000175120      4.30617      5.69497  1.31910e-14  8.27834e-15      6.82154      4.15229  6.12761e-15  0.000150733       0
      9.12903      18.0000      3.21881  2.14258e-14  0.000281892      2.97177      11.6660  0.000281121      3.22631      1.64667  0.000280941      2.73485      3.49081  2.81107e-14  1.87163e-14      3.99802      2.28702  1.49287e-14  0.000152981       0
      9.12903      18.0833      2.76874  2.75397e-14  0.000463236      2.43346      15.4767  0.000451085      2.79085      1.62652  0.000451696      2.05976      3.21690  4.50889e-14  2.14470e-14      3.44399      1.98045  1.91422e-14  0.000147457       0
      9.12903      18.1667      2.77357  2.74599e-14  0.000635881      2.22774      24.7485  0.000603827      2.79677      1.60021  0.000605772      1.84281      3.15042  5.42785e-14  2.22065e-14      3.45135      1.98286  1.90742e-14  0.000147250       0
      9.12903      18.2500      2.16154  4.16061e-14  0.000938719      1.77122      18.1602  0.000891445      2.19126      1.59957  0.000894199      1.55230      2.40912  7.22443e-14  3.47269e-14      2.66302      1.56492  2.93859e-14  0.000156064       0
      9.12903      18.3333      4.15585  1.39957e-14  0.000201149      3.92710      10.2344  0.000202455      4.16726      1.65323  0.000202340      3.42367      4.31590  1.93320e-14  1.31414e-14      5.17437      2.95534  9.71256e-15  0.000140921       0
      9.12903      18.4167      1.49110  7.72534e-14   0.00247237      1.10079      18.1602   0.00228496      1.54111      1.54668   0.00229361     0.997982      1.53622  1.50854e-13  7.35092e-14      3.29733      1.91090  2.05822e-14  0.000159965       0
      9.12903      18.5000     0.323188  9.87805e-13    0.0251783     0.248188      3.93750    0.0231596     0.244359      1.67834    0.0229311     0.239630     0.385825  1.62627e-12  7.35269e-13      4.38612      2.84029  1.27927e-14  0.000353371       0
      9.12903      18.5833      1.06188  1.36031e-13   0.00107244     0.940937     0.797241   0.00102577      1.07688      1.67417   0.00104689     0.947642      1.11491  1.64446e-13  1.25418e-13     0.809322     0.587375  2.13908e-13  0.000286206       0
      9.12903      18.6667     0.803420  2.16533e-13   0.00263634     0.746547      3.64844   0.00263807     0.820921      1.64167   0.00264133     0.663557     0.776845  2.97828e-13  2.29019e-13     0.617016     0.470288  3.36203e-13  0.000822215       0
      9.12903      18.7500     0.584435  3.68018e-13   0.00912837     0.466939      6.71875   0.00871543     0.466626      1.67679   0.00870748     0.424930     0.625167  6.25989e-13  3.28929e-13     0.665491     0.498422  2.96387e-13  0.000395676       0
      9.12903      18.8333     0.344243  8.89173e-13    0.0428518     0.216742      6.96875    0.0384927     0.211117      1.67917    0.0383463     0.202880     0.358764  2.14633e-12  8.30005e-13     0.622907     0.469736  3.30921e-13  0.000711086       0
      9.12903      18.9167     0.310947  1.05346e-12    0.0338541     0.222120      4.89941    0.0312905     0.226768      1.67672    0.0312654     0.216894     0.342396  1.92022e-12  8.97182e-13     0.557892     0.430404  3.97660e-13  0.000600406       0
      9.12903      19.0000     0.699770  2.72586e-13   0.00203659     0.371547    0.0839282   0.00122327      5.85853      1.10854   0.00123759     0.683922     0.684497  2.83194e-13  2.82798e-13     0.405903     0.330374  6.75656e-13  0.000869006       0
      9.12903      19.0833     0.902836  1.78271e-13   0.00145266     0.694475     0.335308   0.00133949      1.51836      1.49171   0.00136483     0.774223     0.936980  2.30313e-13  1.67576e-13     0.635939     0.480248  3.19695e-13  0.000422337       0
      9.12903      19.1667     0.910515  1.75772e-13   0.00197123     0.719839     0.369959   0.00184893      3.18650      1.29516   0.00184589     0.791477     0.920616  2.22006e-13  1.72570e-13     0.564635     0.435214  3.89777e-13  0.000521765       0
      9.12903      19.2500     0.594073  3.58121e-13   0.00267141     0.319100    0.0882607   0.00165014      5.44451      1.07542   0.00168679     0.569023     0.572016  3.84780e-13  3.81430e-13     0.347245     0.290015  8.76398e-13   0.00111252       0
      9.12903      19.3333     0.793268  2.21172e-13   0.00178356     0.403212    0.0751304   0.00103029      13.0519      1.01233   0.00105081     0.758502     0.772637  2.38324e-13  2.31102e-13     0.445663     0.357477  5.78209e-13  0.000810431       0
      9.12903      19.4167     0.182638  2.55726e-12     0.111143     0.113889      4.28125    0.0989399     0.117263      1.67366    0.0988065     0.115272     0.197305  5.50671e-12  2.24835e-12     0.767617     0.559319  2.33626e-13   0.00153267       0
      9.12903      19.5000     0.183042  2.54787e-12    0.0590886     0.137417      3.06250    0.0538175     0.143042      1.67292    0.0536106     0.144281     0.220784  3.78802e-12  1.86415e-12     0.623073     0.470575  3.30774e-13   0.00115860       0
      9.12903      19.5833     0.232831  1.70619e-12    0.0378640     0.182675      4.08008    0.0349141     0.186581      1.67511    0.0347812     0.185441     0.287810  2.49317e-12  1.19836e-12      1.00493     0.701753  1.49120e-13  0.000545640       0
      9.12903      19.6667     0.184372  2.51731e-12    0.0680028     0.135651      3.32874    0.0619336     0.139392      1.67422    0.0616403     0.138793     0.220957  4.04094e-12  1.86173e-12     0.886322     0.629673  1.83841e-13   0.00117159       0
      9.12903      19.7500     0.338433  9.14763e-13    0.0235704     0.259371      4.76953    0.0217629     0.258746      1.67562    0.0216514     0.255213     0.386793  1.46417e-12  7.32203e-13     0.998992     0.696925  1.50600e-13  0.000548780       0
      9.12903      19.8333     0.407407  6.71503e-13    0.0199560     0.299391      6.11292    0.0183824     0.304816      1.67267    0.0183686     0.289442     0.455732  1.18712e-12  5.57073e-13     0.961820     0.677651  1.60425e-13  0.000465446       0
      9.12903      19.9167     0.708615  2.66939e-13   0.00498057     0.613612      5.31250   0.00487308     0.603612      1.68105   0.00486576     0.570894     0.755940  3.82681e-13  2.39672e-13     0.781208     0.572134  2.26891e-13  0.000370909       0
      9.12903      20.0000     0.223611  1.82504e-12    0.0458968     0.169549      3.95703    0.0420803     0.172225      1.67244    0.0418669     0.171523     0.270298  2.83939e-12  1.33053e-12     0.729389     0.536775  2.54388e-13  0.000883212       0
      9.12903      20.0833     0.973531  1.57222e-13   0.00142497     0.573335     0.113815   0.00115997      7.76729      1.14088   0.00116281     0.941236     0.927203  1.66315e-13  1.70531e-13     0.594333     0.454880  3.57860e-13  0.000608197       0
      9.12903      20.1667     0.274238  1.29882e-12    0.0308803     0.208515      3.86743    0.0282269     0.215058      1.67234    0.0281489     0.211509     0.325413  2.00239e-12  9.76573e-13      1.25056     0.840026  1.03574e-13  0.000637086       0
      9.12903      20.2500     0.631920  3.23091e-13   0.00564019     0.552858      4.76953   0.00555719     0.553796      1.67534   0.00555807     0.493259     0.648406  4.88245e-13  3.09517e-13     0.710560     0.536820  2.65722e-13  0.000569720       0
      9.12903      20.3333     0.426472  6.22220e-13    0.0304326     0.261314      8.01758    0.0270774     0.257407      1.68726    0.0270504     0.248314     0.444828  1.53259e-12  5.80019e-13      1.26700     0.855504  1.01344e-13  0.000523849       0
      9.12903      20.4167     0.905596  1.77366e-13   0.00136632     0.612115     0.175968   0.00112259      3.56514      1.27890   0.00112127     0.832010     0.896639  2.04275e-13  1.80329e-13     0.614202     0.466120  3.38774e-13  0.000444437       0
      9.12903      20.5000      1.20751  1.09803e-13  0.000791506     0.864287     0.205998  0.000619696      1.23112      1.69295  0.000672886      1.11869      1.15529  1.24714e-13  1.18198e-13     0.816221     0.591537  2.10903e-13  0.000296473       0
      9.12903      20.5833      1.16167  1.17119e-13  0.000983484      1.15542      1.09375  0.000790510      6.04703      1.23861  0.000766556      1.05415      1.16200  1.37697e-13  1.17062e-13     0.725271     0.535280  2.56800e-13  0.000360505       0
      9.12903      20.6667      1.01195  1.47400e-13   0.00141045     0.996948      1.37500   0.00128991      3.16986      1.33698   0.00127766     0.945842     0.988954  1.64967e-13  1.53156e-13     0.699013     0.519725  2.73078e-13  0.000636585       0
      9.12903      20.7500     0.998505  1.50723e-13   0.00121394     0.615618     0.127054  0.000959028      6.02095      1.19697  0.000956578     0.927155     0.948262  1.70546e-13  1.64266e-13     0.629774     0.475711  3.24929e-13  0.000436381       0
      9.12903      20.8333      1.04152  1.40491e-13   0.00159637     0.449848    0.0546265   0.00118318      22.8643     0.993951   0.00120355      1.00018     0.954109  1.50302e-13  1.62592e-13      1.15589     0.924021  1.18095e-13   0.00110604       0
      9.12903      20.9167     0.733909  2.51782e-13   0.00223711     0.660352     0.759277   0.00202942      2.69753      1.27426   0.00199610     0.665505     0.715271  2.96376e-13  2.62812e-13     0.490869     0.387658  4.92212e-13  0.000667837       0
      9.12903      21.0000     0.498693  4.79411e-13   0.00913422     0.413693      5.06250   0.00861920     0.414514      1.67672   0.00858724     0.394043     0.546653  7.09887e-13  4.11380e-13     0.930682     0.660228  1.69470e-13  0.000329246       0
      9.12903      21.0833     0.965196  1.59491e-13   0.00133848     0.849815     0.719887   0.00127637     0.980197      1.67917   0.00129630     0.859039     0.976043  1.93675e-13  1.56548e-13     0.736304     0.543324  2.50419e-13  0.000344568       0
      9.12903      21.1667     0.961788  1.60434e-13   0.00124147     0.931788      2.87500   0.00122351     0.971788      1.67167   0.00122751     0.870168     0.964835  1.89565e-13  1.59591e-13      1.10806     0.798094  1.26714e-13  0.000448724       0
      9.12903      21.2500      1.07329  1.33628e-13  0.000931149     0.764625     0.219761  0.000760379      3.86404      1.30855  0.000761281     0.977973      1.00628  1.56034e-13  1.48786e-13     0.744320     0.550400  2.45940e-13  0.000498146       0
      9.12903      21.3333     0.983173  1.54660e-13   0.00150671     0.597589     0.127565   0.00132650      2.45083      1.39457   0.00134220     0.929536     0.979675  1.69819e-13  1.55582e-13     0.642556     0.484701  3.14227e-13  0.000771504       0
      9.12903      21.4167    0.0966724  7.38343e-12     0.270511    0.0631568      3.05176     0.242109    0.0667628      1.67017     0.241796    0.0691088     0.105365  1.29183e-11  6.39643e-12      1.50261      1.20031  7.62698e-14   0.00348934       0
      9.12903      21.5000     0.121834  5.02128e-12    0.0949010    0.0945142      2.64161    0.0858476    0.0980841      1.67261    0.0850375     0.100175     0.143135  6.95821e-12  3.83872e-12      1.91103      1.41697  5.10876e-14   0.00198579       0
      9.12903      21.5833     0.117437  5.33849e-12     0.138768    0.0863680      3.05585     0.126247    0.0890877      1.67172     0.125552    0.0902114     0.130173  8.28564e-12  4.49670e-12      1.70069      1.28271  6.20470e-14   0.00220797       0
      9.12903      21.6667    0.0853486  9.08730e-12     0.196116    0.0669092      11.4013     0.176148    0.0678486      1.67104     0.176160    0.0689037     0.100965  1.29825e-11  6.86765e-12      2.00069      1.60686  4.73292e-14   0.00333437       0
      9.12903      21.7500    0.0944826  7.67083e-12     0.163473    0.0752635      14.1799     0.148145    0.0744826      1.67417     0.147564    0.0765919     0.111979  1.08841e-11  5.77923e-12      1.79314      1.41392  5.68074e-14   0.00273000       0
      9.12903      21.8333     0.100858  6.87980e-12     0.153615    0.0755069      2.62109     0.139778    0.0792568      1.67195     0.139067    0.0806587     0.118164  9.98491e-12  5.28392e-12      1.72181      1.36972  6.07835e-14   0.00279559       0
      9.12903      21.9167     0.325409  9.76593e-13    0.0188004     0.260409      4.18750    0.0174652     0.266815      1.67442    0.0174233     0.266593     0.374859  1.36149e-12  7.71463e-13     0.947047     0.670008  1.64618e-13  0.000495444       0
      9.12903      22.0000    0.0918315  8.04346e-12     0.148912    0.0745001      10.5142     0.133679    0.0743315      1.67354     0.133080    0.0764342     0.106705  1.09215e-11  6.26306e-12      1.53428      1.21358  7.36641e-14   0.00292365       0
      9.12903      22.0833     0.138394  4.06037e-12    0.0972605     0.103355      3.39502    0.0885244     0.107115      1.67060    0.0881991     0.108195     0.169471  6.11996e-12  2.89692e-12      1.64024      1.22398  6.59048e-14   0.00229473       0
      9.12903      22.1667     0.409402  6.66059e-13    0.0243245     0.276900      6.84375    0.0220866     0.276900      1.67949    0.0220678     0.266796     0.414858  1.35977e-12  6.51522e-13     0.697655     0.519163  2.73964e-13  0.000855537       0
      9.12903      22.2500     0.984539  1.54303e-13   0.00156036     0.945164      2.77344   0.00155129     0.992039      1.66417   0.00155945     0.850760      1.02387  1.96826e-13  1.44551e-13     0.782694     0.571535  2.26174e-13  0.000406094       0
      9.12903      22.3333     0.753904  2.40751e-13   0.00652798     0.582607      8.60706   0.00617683     0.573241      1.68408   0.00617256     0.557604     0.806682  3.98002e-13  2.15076e-13     0.877422     0.612343  1.86960e-13   0.00131343       0
      9.12903      22.4167     0.902986  1.78222e-13   0.00196761     0.862986      2.50000   0.00193459      3.15558      1.28593   0.00188401     0.773306     0.969192  2.30768e-13  1.58397e-13     0.581407     0.445727  3.71217e-13  0.000620536       0
      9.12903      22.5000     0.741165  2.47688e-13   0.00352126     0.659291      4.46094   0.00346933     0.663041      1.67534   0.00346484     0.631743     0.779489  3.23242e-13  2.27726e-13     0.851328     0.622553  1.96608e-13  0.000846066       0
      9.12903      22.5833     0.928426  1.70157e-13   0.00136060     0.518359    0.0932943  0.000968337      10.1379      1.08710  0.000971501     0.862807     0.937805  1.92268e-13  1.67330e-13     0.557118     0.430397  3.98582e-13  0.000530244       0
      9.12903      22.6667     0.754773  2.40290e-13   0.00247660     0.704773      3.12500   0.00247737     0.742273      1.66792   0.00247994     0.653578     0.832705  3.05445e-13  2.03991e-13     0.689121     0.513069  2.79642e-13  0.000375040       0
      9.12903      22.7500     0.781707  2.26650e-13   0.00187904     0.581676     0.273090   0.00170968      1.90324      1.38534   0.00171338     0.698064     0.802730  2.73697e-13  2.16844e-13     0.560930     0.431988  3.94077e-13  0.000477889       0
      9.12903      22.8333     0.879808  1.86116e-13   0.00157996     0.818643      3.95447   0.00156634     0.882308      1.65167   0.00156171     0.796395     0.903605  2.19726e-13  1.78018e-13      1.17053     0.799230  1.15645e-13  0.000231287       0
      9.12903      22.9167     0.772866  2.30987e-13   0.00134248     0.647984     0.484542   0.00113003      1.89079      1.38365   0.00112681     0.693485     0.809835  2.76716e-13  2.13682e-13     0.591825     0.451915  3.60390e-13  0.000637844       0
      9.12903      23.0000     0.641305  3.15250e-13   0.00243207     0.431805     0.182902   0.00209284      1.99023      1.30392   0.00210607     0.562789     0.644960  3.91910e-13  3.12278e-13     0.449835     0.359758  5.69300e-13  0.000722337       0
      9.12903      23.0833     0.490135  4.93443e-13    0.0107709     0.390135      5.68750    0.0101244     0.394510      1.67535    0.0101126     0.378111     0.565449  7.60437e-13  3.88842e-13     0.904808     0.644634  1.77624e-13  0.000382137       0
      9.12903      23.1667     0.462115  5.44309e-13   0.00852495     0.393366      4.09375   0.00822889     0.404421      1.67045   0.00821717     0.379121     0.510212  7.57062e-13  4.61507e-13     0.544095     0.421825  4.14608e-13  0.000920551       0
      9.12903      23.2500     0.435789  6.00208e-13    0.0182380     0.318291      6.71875    0.0169052     0.321558      1.67687    0.0168984     0.308261     0.458045  1.06880e-12  5.52394e-13     0.773875     0.564247  2.30486e-13  0.000728665       0
      9.12903      23.3333     0.559172  3.96144e-13   0.00779122     0.464173      5.31250   0.00744115     0.457924      1.68277   0.00742244     0.436149     0.628341  5.99383e-13  3.26164e-13     0.830539     0.600184  2.04878e-13  0.000431452       0
      9.12903      23.4167     0.449851  5.69265e-13    0.0152731     0.345890      5.59003    0.0143671     0.342897      1.68295    0.0143386     0.333691     0.458584  9.36529e-13  5.51313e-13     0.698297     0.515891  2.73545e-13   0.00160506       0
      9.12903      23.5000     0.707918  2.67377e-13   0.00547657     0.583226      6.90234   0.00524235     0.580413      1.67824   0.00523583     0.565845     0.747288  3.88389e-13  2.44314e-13      1.05661     0.735492  1.37164e-13  0.000626993       0
      9.12903      23.5833     0.696367  2.74810e-13   0.00188522     0.421102     0.114701   0.00115995      5.04331      1.13561   0.00116260     0.633816     0.703528  3.21483e-13  2.70164e-13     0.438181     0.350744  5.94758e-13  0.000737187       0
      9.12903      23.6667     0.869543  1.89792e-13   0.00141909     0.475394    0.0870784  0.000810749      11.9751      1.04868  0.000813391     0.859657     0.829732  1.93443e-13  2.05211e-13     0.511271     0.399965  4.59915e-13  0.000718808       0
      9.12903      23.7500     0.993275  1.52048e-13   0.00288136     0.850778      7.53125   0.00277884      1.01150      1.60047   0.00277923     0.769302      1.07919  2.32774e-13  1.32414e-13      1.17389     0.783261  1.15093e-13  0.000412790       0
      9.12903      23.8333     0.692537  2.77347e-13   0.00484996     0.592533      5.18750   0.00470432     0.583471      1.68101   0.00469575     0.553259     0.760798  4.03225e-13  2.37127e-13     0.894437     0.638663  1.81070e-13  0.000399967       0
      9.12903      23.9167     0.516937  4.51543e-13   0.00930240     0.426935      5.18750   0.00891652     0.429435      1.67730   0.00890329     0.403855     0.554304  6.81376e-13  4.01960e-13     0.687948     0.511658  2.80437e-13  0.000655657       0
